class,x1,y1,z1,v1,x2,y2,z2,v2,x3,y3,z3,v3,x4,y4,z4,v4,x5,y5,z5,v5,x6,y6,z6,v6,x7,y7,z7,v7,x8,y8,z8,v8,x9,y9,z9,v9,x10,y10,z10,v10,x11,y11,z11,v11,x12,y12,z12,v12,x13,y13,z13,v13,x14,y14,z14,v14,x15,y15,z15,v15,x16,y16,z16,v16,x17,y17,z17,v17,x18,y18,z18,v18,x19,y19,z19,v19,x20,y20,z20,v20,x21,y21,z21,v21,x22,y22,z22,v22,x23,y23,z23,v23,x24,y24,z24,v24,x25,y25,z25,v25,x26,y26,z26,v26,x27,y27,z27,v27,x28,y28,z28,v28,x29,y29,z29,v29,x30,y30,z30,v30,x31,y31,z31,v31,x32,y32,z32,v32,x33,y33,z33,v33
0,0.47347641,0.119786821,-0.072674945,0.999971926,0.465355247,0.101452231,-0.063256726,0.999980092,0.463519156,0.100858666,-0.063238397,0.999978364,0.461643875,0.100429505,-0.063179046,0.999977112,0.465642869,0.101872563,-0.104305051,0.999975085,0.464143932,0.101571903,-0.10433723,0.999977171,0.462469041,0.101344012,-0.104295477,0.999976158,0.448539793,0.109233461,0.013824086,0.999953747,0.448498398,0.110247634,-0.168656483,0.999986231,0.468274415,0.140151739,-0.038379747,0.999970019,0.46810168,0.141154304,-0.091616914,0.999977171,0.428330094,0.235730812,0.162434205,0.99991405,0.444836706,0.237422392,-0.248016998,0.999987125,0.47836715,0.37049216,0.104261443,0.170902863,0.502001286,0.391307056,-0.170382053,0.975423098,0.510018945,0.306113362,-0.107265532,0.239627257,0.513255715,0.29843998,0.100227401,0.925921619,0.522387624,0.275688976,-0.125481024,0.231152087,0.52181828,0.267644048,0.10672158,0.872951031,0.511269689,0.266871184,-0.121429123,0.237016425,0.509473801,0.259319603,0.099898174,0.861740589,0.503215611,0.279350668,-0.114117108,0.243515566,0.50181973,0.271435797,0.106947169,0.830278337,0.40234679,0.52096504,0.135464102,0.999533355,0.417312771,0.523460031,-0.135703415,0.999683619,0.44802767,0.699398279,0.305888385,0.495620251,0.490299225,0.706168354,-0.124823891,0.985261261,0.444394737,0.878018677,0.437741697,0.801548719,0.486466795,0.930964589,-0.12342032,0.990962565,0.42649135,0.911857009,0.448551118,0.80129683,0.47284025,0.963239193,-0.125621572,0.981006801,0.470878124,0.907084644,0.434408009,0.888812065,0.533545911,0.966104805,-0.172121361,0.988968313
1,0.508912325,0.415970117,-0.054124337,0.999582827,0.5029158,0.397662729,-0.045807444,0.999699891,0.501869977,0.397156745,-0.045867048,0.999701679,0.500574231,0.396809399,-0.045930713,0.999785721,0.501450777,0.400248408,-0.076899365,0.999699175,0.499593794,0.401281744,-0.076992944,0.999729455,0.497642457,0.402240574,-0.077014327,0.999784172,0.485118389,0.410272479,0.011547881,0.999847293,0.483842045,0.416461915,-0.128651261,0.999667645,0.506171525,0.436282843,-0.029170975,0.999529243,0.504294515,0.438275993,-0.06948442,0.999458551,0.456566572,0.506438971,0.121033549,0.998960197,0.472949266,0.542592585,-0.182020724,0.999543667,0.498777062,0.629630744,0.193139225,0.294725388,0.527108848,0.687403202,-0.129573137,0.91746968,0.526043475,0.545767069,0.205703452,0.332519501,0.531657338,0.566881895,0.045904811,0.90814811,0.536334336,0.50684768,0.218077213,0.296432048,0.542811632,0.544209778,0.040990744,0.878187478,0.529367566,0.499785364,0.221032068,0.295100302,0.530584693,0.537422419,0.040808663,0.879898012,0.522885025,0.512885809,0.206677228,0.29093048,0.523148596,0.544014871,0.049308855,0.868119419,0.391024739,0.743688285,0.101894639,0.999861598,0.396775365,0.770611763,-0.1016232,0.999924779,0.489443958,0.715502918,0.237387925,0.288309395,0.529723287,0.736211061,-0.080781683,0.954903841,0.454812765,0.850003481,0.354828358,0.386648357,0.483399868,0.918880522,0.02804322,0.939001918,0.441041529,0.88216877,0.368368834,0.442839384,0.467710108,0.959026933,0.043600757,0.918188035,0.481570661,0.893389225,0.392710835,0.561917484,0.53101784,0.966284275,0.064296022,0.931768656
0,0.441802979,0.091036342,-0.065749839,0.999963939,0.434431076,0.070883863,-0.054550242,0.999971747,0.433161914,0.07017681,-0.054532953,0.999966741,0.431759298,0.069549255,-0.054497421,0.999964774,0.433441728,0.07104528,-0.094110459,0.999970138,0.431453407,0.070520498,-0.094125643,0.999971211,0.429032654,0.070046216,-0.094125889,0.999970794,0.418003708,0.07750763,0.023244075,0.999924839,0.415320456,0.078614198,-0.152983963,0.999981105,0.438081414,0.111923918,-0.031768419,0.999963343,0.436579406,0.112096906,-0.082954004,0.999972761,0.399095088,0.205515057,0.141718566,0.999848068,0.417805493,0.200633258,-0.215322524,0.999979615,0.444220871,0.337500155,0.078032054,0.197696075,0.475217491,0.341762215,-0.161113679,0.975846887,0.48232761,0.253523797,-0.115295492,0.25154984,0.489686579,0.268059194,0.083515979,0.889358163,0.489546686,0.219603956,-0.134037226,0.231543884,0.497066319,0.225491464,0.09770225,0.803362131,0.479626954,0.215698943,-0.12615104,0.235630348,0.481204361,0.221080586,0.092001788,0.786403537,0.475415289,0.228063881,-0.120397352,0.233056471,0.475711823,0.238470167,0.090480186,0.741745353,0.414628804,0.486452013,0.111966275,0.99895829,0.432727903,0.487914205,-0.112199947,0.99940902,0.432644784,0.689609706,0.239560246,0.584721506,0.464368641,0.694021404,-0.090186462,0.975429535,0.436105907,0.871638298,0.354358345,0.812382519,0.478916347,0.92504245,-0.066950612,0.98559165,0.420689195,0.906993926,0.361928523,0.800967515,0.472888231,0.960197091,-0.069025017,0.967848241,0.460750341,0.906960547,0.3308101,0.890526474,0.530165493,0.966955423,-0.141990215,0.980625212
1,0.513311684,0.428070843,-0.052956514,0.999732018,0.507615685,0.408348292,-0.045540057,0.999810994,0.506614327,0.407299519,-0.045580152,0.999802232,0.505451679,0.406398356,-0.045605965,0.999854386,0.506789804,0.410179317,-0.074799135,0.999826074,0.505377889,0.410325825,-0.074887246,0.99984324,0.503862202,0.410529464,-0.074896671,0.999878883,0.490981042,0.414759219,0.006194616,0.999891818,0.491354167,0.420900971,-0.125762671,0.99980098,0.509800255,0.446617007,-0.03032862,0.999635696,0.50854522,0.447645009,-0.068128958,0.999614,0.460383177,0.507126272,0.114809945,0.999269307,0.485530704,0.54460597,-0.177445456,0.999786973,0.493886381,0.620510757,0.183049455,0.223030016,0.530083954,0.69171524,-0.122658849,0.867041588,0.530175686,0.552318811,0.199138433,0.311305046,0.535123646,0.578056991,0.062051214,0.867003322,0.541003942,0.525105894,0.215081856,0.28890112,0.543321252,0.559522212,0.061638206,0.838707268,0.533878446,0.518166244,0.21584861,0.288386136,0.532295644,0.55387938,0.066848598,0.837192595,0.527603447,0.53059876,0.20001626,0.28229025,0.526659191,0.56049782,0.068109609,0.823749959,0.389320463,0.746218801,0.096621618,0.999922156,0.405452639,0.771910667,-0.096570961,0.999963343,0.464536965,0.726918936,0.302639633,0.246205896,0.53372246,0.739765346,-0.021394338,0.940032601,0.435340643,0.85975945,0.3784163,0.436504066,0.482448667,0.923062921,0.050800215,0.939228594,0.421241909,0.876619101,0.388206035,0.517241776,0.46667996,0.958600044,0.063880518,0.913944721,0.456544459,0.895246565,0.417870581,0.637359858,0.529168546,0.968181252,0.087999344,0.937443793
0,0.455591828,0.087211467,-0.060330581,0.999962091,0.448429108,0.066967934,-0.050672967,0.999970555,0.447062075,0.066094317,-0.050648443,0.99996841,0.445656717,0.065468222,-0.050596874,0.999966323,0.447895288,0.066874348,-0.089148656,0.999969065,0.446194649,0.066050649,-0.089165032,0.999972105,0.444396973,0.065374948,-0.089167848,0.999971449,0.431975782,0.074074417,0.020817798,0.999930441,0.432369232,0.074045792,-0.151696295,0.999978423,0.451878875,0.106402621,-0.028394789,0.999953568,0.450643212,0.106644124,-0.078385636,0.999965489,0.411899179,0.199877888,0.133182377,0.99985534,0.43709141,0.195012957,-0.21503678,0.999978423,0.451959908,0.336739331,0.078685865,0.184725955,0.487657696,0.345772147,-0.161223978,0.973535895,0.49446997,0.26233536,-0.102404252,0.248578891,0.502363205,0.276743472,0.080734164,0.88628149,0.502797306,0.230724871,-0.119803406,0.234918386,0.510149777,0.242023483,0.09467455,0.809203088,0.493339002,0.219415024,-0.115044214,0.240057334,0.495932877,0.230788723,0.090192221,0.793214083,0.488582939,0.233180538,-0.108536027,0.234575033,0.490571558,0.246399641,0.087876253,0.751608491,0.419546664,0.484848022,0.111480653,0.999407768,0.443522453,0.488340497,-0.111794733,0.999713123,0.433375746,0.683461905,0.260507971,0.615091205,0.469132096,0.696528852,-0.084216431,0.989212215,0.440671682,0.870579362,0.398101091,0.854328632,0.481240451,0.928818583,-0.062509932,0.993534207,0.432443321,0.907537758,0.408231437,0.832760394,0.471085131,0.961903453,-0.065073803,0.981154323,0.468401194,0.893774927,0.380555093,0.914473951,0.529038191,0.966611564,-0.135945767,0.989809394
0,0.455713898,0.238344237,-0.223042563,0.999982357,0.461071312,0.222942621,-0.20457463,0.999977171,0.463821024,0.222769052,-0.204594821,0.999969363,0.466933578,0.222865254,-0.20465906,0.999971688,0.450972021,0.223135248,-0.204759404,0.999973536,0.4471744,0.223054841,-0.204747766,0.999964416,0.443640769,0.22310175,-0.204714268,0.999970615,0.472817659,0.227281213,-0.094329916,0.999966025,0.437003464,0.227273956,-0.086722866,0.999970317,0.462277114,0.256626278,-0.178060517,0.999966323,0.449907452,0.255746454,-0.177740127,0.99997139,0.498445451,0.309592694,-0.039916165,0.999762058,0.41242376,0.313490599,-0.028936485,0.999622822,0.53088218,0.391017407,-0.183837697,0.986898184,0.373456776,0.391649157,-0.167956203,0.984224081,0.505360901,0.287192285,-0.336859703,0.980481923,0.406751782,0.284214497,-0.346953869,0.971278608,0.503079951,0.255647063,-0.369083345,0.942048907,0.406750768,0.258954316,-0.385983706,0.909115911,0.497679412,0.253044605,-0.353681087,0.93351388,0.411504656,0.256422818,-0.369027793,0.895234466,0.495771319,0.266937792,-0.334359288,0.903636873,0.414194167,0.268246382,-0.345835388,0.866762102,0.483418137,0.550904572,-0.007112803,0.999787092,0.426088631,0.55224967,0.00710097,0.999799013,0.520947516,0.72740078,-0.098885104,0.997076094,0.387063265,0.728798568,-0.098507889,0.99833864,0.515951395,0.885519326,0.058456428,0.995897233,0.393763691,0.882431984,0.063374467,0.997696817,0.507055402,0.907207668,0.064520627,0.935441971,0.401521355,0.903253198,0.073377386,0.963174403,0.530792654,0.95006454,-0.057200085,0.990740299,0.378520727,0.948438168,-0.039511923,0.993190706
1,0.455140352,0.475834221,-0.447121531,0.999983609,0.461709559,0.45969373,-0.432201624,0.999960124,0.465098083,0.459039271,-0.432187021,0.999965608,0.468286276,0.458225846,-0.432297558,0.999933124,0.450179726,0.459689826,-0.43060261,0.99994868,0.44608292,0.459084868,-0.430682123,0.999964893,0.442364603,0.458318979,-0.430684894,0.999948919,0.473964751,0.459737152,-0.321908206,0.999964952,0.436664879,0.460490793,-0.314690143,0.999976575,0.461845726,0.492037535,-0.404169649,0.999983966,0.44846949,0.491928905,-0.402384132,0.999984741,0.499938548,0.536439657,-0.245620579,0.999884427,0.412323058,0.534093618,-0.233480528,0.999896824,0.532886207,0.637272954,-0.443348885,0.993588567,0.376025587,0.64604795,-0.432817787,0.98805958,0.501554608,0.532502174,-0.653475821,0.986934245,0.403489202,0.536809504,-0.655196786,0.954887807,0.498550177,0.499358118,-0.694000959,0.957425594,0.404227436,0.503216565,-0.697313845,0.861052454,0.494747251,0.491702706,-0.666726708,0.94168663,0.40990001,0.498067558,-0.66958046,0.802496314,0.491926849,0.507209837,-0.647447884,0.863189161,0.414104283,0.510922909,-0.649544239,0.667798162,0.486289889,0.700367272,-0.00235446,0.999836922,0.434054941,0.702110529,0.002372863,0.999876142,0.534252405,0.74466747,-0.382181585,0.99211818,0.378311723,0.749440253,-0.361706287,0.994867384,0.515706897,0.887701094,-0.162199855,0.984642088,0.394858867,0.888476551,-0.147138596,0.996627688,0.507616997,0.906549931,-0.147924587,0.939303398,0.402469009,0.906677842,-0.132675201,0.981712461,0.529579937,0.946013212,-0.284149677,0.977446556,0.377270162,0.949453413,-0.259748369,0.991185248
0,0.45338124,0.165069863,-0.171961039,0.999986887,0.459334463,0.148548126,-0.153885275,0.999981225,0.462782711,0.148078218,-0.153909147,0.999974072,0.465607315,0.147834897,-0.153941646,0.999975801,0.448468685,0.148772195,-0.153944701,0.99998045,0.44485718,0.148148477,-0.153928623,0.999974668,0.441324145,0.147467196,-0.15388158,0.999979019,0.471817881,0.153955787,-0.034143373,0.999961019,0.435344398,0.152492285,-0.035560768,0.999969959,0.460693061,0.182602897,-0.125970095,0.999972641,0.447779477,0.181426466,-0.126660973,0.999977529,0.498551607,0.244103238,0.022382561,0.99985826,0.40859738,0.243842572,0.023086371,0.999775231,0.536722064,0.329034358,-0.12855953,0.989527166,0.372696489,0.349015117,-0.128370509,0.979675829,0.507274926,0.248526961,-0.348233968,0.985471189,0.399110317,0.247381955,-0.349872202,0.966029525,0.503411114,0.228545487,-0.392484754,0.952912271,0.40050897,0.218797371,-0.395555288,0.901749194,0.499165297,0.225059956,-0.379114956,0.946660578,0.405298471,0.214964822,-0.382083237,0.888454735,0.497782141,0.233556807,-0.347691357,0.918833971,0.408080578,0.225591972,-0.349763453,0.852286518,0.484173954,0.502970994,0.00081479,0.999755085,0.427474886,0.505896986,-0.000849897,0.999723613,0.499221861,0.709262371,-0.000143294,0.994751334,0.41223821,0.711716771,-0.00728086,0.995878518,0.512574494,0.884049535,0.145023704,0.992751658,0.394654691,0.883394003,0.138401002,0.995559871,0.508308947,0.906481028,0.152505323,0.914223433,0.400304794,0.902524233,0.14597477,0.912508547,0.529561102,0.950289488,0.022854174,0.986762285,0.38058573,0.948374033,0.015670236,0.989430308
1,0.456494033,0.456929952,-0.379137009,0.999983609,0.462974012,0.44013378,-0.365341753,0.999969184,0.466088682,0.439286172,-0.365326881,0.999968231,0.469203323,0.438370228,-0.365433335,0.999955833,0.451233327,0.440635592,-0.364709437,0.999962211,0.446954072,0.439995915,-0.364779025,0.999967217,0.443188906,0.439012259,-0.364776552,0.99996227,0.474080801,0.440183342,-0.258729905,0.99996829,0.437421888,0.440444529,-0.255605429,0.999975085,0.463186443,0.472430766,-0.336800277,0.999977052,0.450161546,0.472913235,-0.336331069,0.999978006,0.500506282,0.516110659,-0.184573144,0.999821663,0.41355148,0.511998653,-0.177911252,0.999865353,0.530688226,0.611078203,-0.361725628,0.988846362,0.380429208,0.626454055,-0.362572193,0.985264003,0.500384033,0.503554761,-0.56119591,0.982424498,0.406466156,0.509829044,-0.580670953,0.953847945,0.496963978,0.472791851,-0.598419487,0.946484089,0.404368818,0.479959279,-0.621828854,0.857822835,0.493296444,0.465412736,-0.572492123,0.928909004,0.40838185,0.474748611,-0.59817183,0.807430029,0.490904242,0.479974359,-0.555050373,0.855298519,0.413405895,0.486820132,-0.576550484,0.695295155,0.487561315,0.686616957,-0.002813524,0.99987179,0.432974488,0.687036216,0.002815433,0.999897301,0.535325229,0.744723082,-0.364250004,0.993822932,0.376529664,0.749765933,-0.352565348,0.99733609,0.51581496,0.889094234,-0.160162419,0.985931218,0.394910038,0.887630284,-0.15524888,0.996961296,0.507218957,0.907022238,-0.146914274,0.940305531,0.402555794,0.905370951,-0.141660944,0.981910825,0.530154884,0.946992218,-0.27529192,0.979440629,0.37647894,0.948365688,-0.260331899,0.992335737
0,0.452424437,0.158574313,-0.116190434,0.999984801,0.457943052,0.142219141,-0.096161455,0.999977827,0.461669683,0.141902789,-0.096179612,0.999968886,0.46479398,0.141789302,-0.096224986,0.999971032,0.447608411,0.14251174,-0.096307248,0.999977052,0.444023281,0.142380252,-0.096292317,0.999971092,0.440368086,0.142295256,-0.096253373,0.999976695,0.470604002,0.14876686,0.018529247,0.999960065,0.43520993,0.148233667,0.017342877,0.999972701,0.460188299,0.177396163,-0.073151395,0.999966919,0.44688648,0.175349325,-0.073872104,0.99997282,0.497434437,0.242222771,0.05713914,0.999752283,0.409568131,0.240449995,0.051078212,0.999737084,0.540321469,0.312420368,-0.114962935,0.992260396,0.370908082,0.320982933,-0.116861664,0.986655951,0.50378418,0.214176342,-0.292571753,0.986203551,0.404897392,0.211032122,-0.303655058,0.975096107,0.499294668,0.18308273,-0.332223505,0.952159107,0.404148489,0.183011413,-0.346430033,0.915455818,0.494462729,0.182721525,-0.313369989,0.943179846,0.408309281,0.179475829,-0.329438686,0.899395943,0.493501812,0.198861524,-0.289885283,0.91339463,0.411266863,0.191011965,-0.302745134,0.866382003,0.485345989,0.500740111,0.001200183,0.999803305,0.42863068,0.502905428,-0.001205196,0.999810815,0.49971208,0.708960593,0.003994067,0.994968891,0.410384715,0.71036005,-0.010047583,0.996346533,0.513360858,0.887097836,0.119949579,0.991574049,0.394559115,0.885580957,0.114313379,0.99555856,0.507751524,0.908445477,0.12465781,0.906894565,0.400889546,0.904782951,0.119522735,0.918569922,0.531195283,0.951409757,-0.00384266,0.983546495,0.380130559,0.948454797,-0.006778777,0.988715351
1,0.457017183,0.458421797,-0.410651445,0.999987483,0.463341624,0.44244051,-0.394025296,0.999977648,0.466858715,0.441392422,-0.394007325,0.99997586,0.470095217,0.440312058,-0.394119591,0.99996537,0.451933563,0.443005711,-0.393224806,0.999974012,0.447979063,0.442408144,-0.393299282,0.999977708,0.444539011,0.441811681,-0.393304199,0.999973476,0.475357443,0.442529589,-0.282453597,0.999977231,0.43880716,0.444913357,-0.278619647,0.999984264,0.463812113,0.474339336,-0.367654353,0.999986291,0.450744778,0.474867046,-0.366915166,0.999986768,0.503838241,0.527231991,-0.210333914,0.999855697,0.413674116,0.523237884,-0.203796506,0.999876738,0.538478553,0.617698729,-0.400654465,0.990988851,0.374626577,0.631345272,-0.405085981,0.98732245,0.503599763,0.520499408,-0.604211271,0.979847431,0.401808351,0.522548974,-0.624060869,0.935678422,0.498652875,0.48621124,-0.642271698,0.937397361,0.404177278,0.488203436,-0.664965808,0.801347733,0.494393826,0.478241801,-0.612716496,0.91606921,0.408696711,0.483739555,-0.637543917,0.730190516,0.491976112,0.495709062,-0.596593797,0.821541011,0.412930071,0.498600304,-0.618554056,0.593591034,0.489266306,0.694721699,-0.002174115,0.999887526,0.434779704,0.69458878,0.002176554,0.999901533,0.537637711,0.749171197,-0.375229895,0.992722511,0.376503587,0.750862181,-0.34775731,0.996362269,0.515415609,0.889703095,-0.15598157,0.984871924,0.394669235,0.888991535,-0.1397589,0.996745646,0.506762624,0.909111381,-0.141213655,0.946606398,0.402888209,0.908318341,-0.125213921,0.98167485,0.531487346,0.947687209,-0.268906534,0.977737367,0.375534296,0.949306309,-0.246972367,0.991235316
0,0.450922549,0.155335382,-0.133913904,0.999986053,0.456610113,0.139507458,-0.112827383,0.999978781,0.460385412,0.139314041,-0.112838909,0.999970615,0.463941723,0.139585152,-0.112889551,0.999972045,0.445629984,0.140665546,-0.112821005,0.999979138,0.441857517,0.141169786,-0.112802565,0.999974728,0.438107818,0.141725123,-0.11275427,0.999979615,0.469389766,0.147657126,0.001874807,0.999964178,0.433500528,0.148517475,0.001947541,0.999976754,0.459235817,0.174371466,-0.091688946,0.999973357,0.445055008,0.172952279,-0.092058055,0.999978244,0.49745369,0.243982971,0.043924015,0.999799907,0.408935249,0.245750621,0.040090375,0.999765277,0.544325948,0.311892182,-0.11181207,0.995245516,0.366749674,0.325141966,-0.115404263,0.990141511,0.506593347,0.217293471,-0.274752021,0.98780638,0.400494874,0.210819796,-0.288624167,0.977488995,0.500730932,0.189737618,-0.313165694,0.953026772,0.402302206,0.183514744,-0.331624061,0.919055641,0.495093584,0.189542904,-0.29258877,0.943944335,0.406998545,0.182050958,-0.31266135,0.901996374,0.494633138,0.205575287,-0.270722538,0.91259104,0.40899229,0.194133967,-0.286861241,0.867106915,0.485366195,0.502308905,-0.00103193,0.999796569,0.428006321,0.506184757,0.001020974,0.999807477,0.49908036,0.710330606,0.012388651,0.994780064,0.411056131,0.712912858,0.002735203,0.996322393,0.512732863,0.886253536,0.139997929,0.991357744,0.394346833,0.884751379,0.140139014,0.995578885,0.507725239,0.907799304,0.146024272,0.89941144,0.400741816,0.905134857,0.147177979,0.919330001,0.530580103,0.951889098,0.020149684,0.983250618,0.379328012,0.949843526,0.024027383,0.988909304
1,0.541526675,0.454241991,-0.066760972,0.999976754,0.537144959,0.438012183,-0.051100891,0.999980152,0.536505818,0.43742016,-0.051149942,0.999981344,0.535765886,0.436789036,-0.051154293,0.999983132,0.535712659,0.439427197,-0.082066879,0.99998039,0.534058332,0.439825833,-0.082174286,0.99998486,0.53212589,0.440229952,-0.082167193,0.999987304,0.523560047,0.442459643,0.02013668,0.999992371,0.51831764,0.447298676,-0.120724499,0.999984801,0.53696388,0.471986562,-0.040029548,0.999978244,0.534889042,0.47317192,-0.080464534,0.999966383,0.507278621,0.521296382,0.107539847,0.999806762,0.499443233,0.560672164,-0.184872925,0.999854803,0.563991964,0.566671371,0.119758032,0.698908389,0.568151951,0.641062558,-0.145164698,0.981431365,0.556138873,0.501464427,0.068604238,0.27509889,0.551219523,0.525067389,0.037597582,0.882599235,0.555301428,0.47051689,0.061129052,0.160986319,0.55365932,0.491523564,0.031666178,0.814987183,0.541814446,0.473644227,0.068801001,0.176183581,0.540269434,0.49151811,0.012341877,0.83301276,0.537441313,0.484808505,0.067202911,0.188919753,0.53767097,0.500617027,0.033579238,0.840454757,0.427256763,0.717606783,0.10667751,0.999965727,0.408518881,0.754126072,-0.10648936,0.999987245,0.516983867,0.709853172,0.208617523,0.466571063,0.518022656,0.784240365,-0.136977583,0.993787289,0.473444998,0.856811285,0.303808719,0.56971997,0.465468079,0.945777535,-0.092527375,0.989890397,0.460160732,0.871542871,0.313771188,0.635074675,0.446139514,0.967283547,-0.087714925,0.98433733,0.499838829,0.891967595,0.330218613,0.682881236,0.508944273,0.966157556,-0.096215799,0.980745196
0,0.521646082,0.137727082,-0.102080241,0.9996382,0.51641804,0.119218469,-0.089853749,0.999498188,0.515386701,0.118301846,-0.089870408,0.999477088,0.514347911,0.117567182,-0.089864202,0.999426246,0.515453517,0.118927002,-0.12922278,0.999516964,0.51372093,0.117641449,-0.129275471,0.999634862,0.5118168,0.116415709,-0.12929675,0.999620736,0.500522196,0.121654168,-0.007725229,0.999211311,0.497844219,0.120926306,-0.184725985,0.999732196,0.516706824,0.154311329,-0.066728458,0.999465883,0.514886737,0.154205739,-0.118073747,0.999537706,0.479759306,0.233153448,0.123094842,0.998509049,0.477964878,0.235932708,-0.252566814,0.999837518,0.531567216,0.331050605,0.089441769,0.16300635,0.541388273,0.329260886,-0.199436069,0.939067483,0.529797494,0.224192977,-0.066348366,0.094008334,0.534209549,0.205924571,0.038243633,0.80831176,0.529887617,0.187540874,-0.08856605,0.079198964,0.534802556,0.179790094,0.038445871,0.770787179,0.518577337,0.193897232,-0.075342603,0.082003072,0.524507821,0.178681225,0.022099396,0.763958335,0.516152442,0.206771985,-0.069760606,0.089965031,0.521827638,0.188335687,0.038580526,0.729505181,0.475183308,0.511122584,0.117568493,0.999377728,0.46619755,0.515959144,-0.117777169,0.999795198,0.469278157,0.696998358,0.328516185,0.415797293,0.457329899,0.730546236,-0.023031672,0.983182371,0.468847454,0.845760703,0.520747066,0.688698292,0.453842491,0.927717745,0.057613295,0.988048196,0.461523682,0.866919696,0.537919998,0.737345457,0.44987464,0.958239496,0.061560411,0.967192948,0.511896074,0.862095535,0.502093971,0.843200386,0.499228299,0.959325552,-0.024703879,0.983018696
1,0.540785551,0.438089371,-0.078377418,0.999958754,0.536671281,0.422874659,-0.063808464,0.999955773,0.536124289,0.422596574,-0.063880995,0.999959409,0.535523355,0.422261596,-0.063894674,0.999964118,0.535336852,0.423705727,-0.093571514,0.999955952,0.53387177,0.424072236,-0.093670085,0.999966085,0.532252312,0.42437464,-0.093675643,0.999970734,0.524920404,0.426410377,0.00549638,0.999985337,0.519959807,0.430411994,-0.128752753,0.999962926,0.536519527,0.457719773,-0.052022673,0.999962509,0.534355223,0.458201736,-0.090881303,0.999935031,0.508388638,0.503160954,0.092550248,0.999752283,0.499606311,0.542118847,-0.185297206,0.99973911,0.56834662,0.551547468,0.125987947,0.796895921,0.571452916,0.615507603,-0.146741942,0.98389101,0.559451938,0.483210534,0.107978418,0.387920916,0.553058326,0.505245507,0.024887586,0.914272308,0.557371616,0.452110916,0.104308084,0.233111978,0.556167245,0.470342308,0.017658284,0.862742126,0.544160485,0.457406402,0.110588886,0.249367833,0.54183054,0.473764002,-7.71E-05,0.876511872,0.540889919,0.468576938,0.1071795,0.262536913,0.539042234,0.484724373,0.020901166,0.879544854,0.429309785,0.698528647,0.102895655,0.999926925,0.409773976,0.733160377,-0.102665767,0.99996984,0.519263685,0.708661556,0.182194635,0.549387097,0.513608873,0.787239134,-0.114721671,0.994541883,0.471649796,0.855700433,0.270582825,0.629247963,0.463900417,0.954596877,-0.05672247,0.991793334,0.457974583,0.873156905,0.280020386,0.681535542,0.446262985,0.971081436,-0.049737379,0.985973537,0.495235056,0.892345488,0.296214521,0.715776563,0.501805663,0.986168742,-0.053033818,0.983746588
0,0.522257268,0.132633194,-0.093857959,0.999634206,0.516870856,0.114627153,-0.081275024,0.999461234,0.515839756,0.113968521,-0.081289016,0.999432802,0.514775336,0.113503337,-0.081282616,0.999402583,0.515828192,0.114092067,-0.120531894,0.999503732,0.514029026,0.11295864,-0.120595738,0.999627411,0.512047887,0.111999922,-0.120627776,0.999627709,0.500829935,0.11951866,0.001688801,0.999227047,0.499225765,0.119112045,-0.174724191,0.999708354,0.517077684,0.150273293,-0.058486123,0.999401033,0.515390038,0.150493398,-0.109723046,0.999466896,0.480618805,0.232325599,0.132557005,0.99823463,0.48360163,0.233434722,-0.247417897,0.999792278,0.537033975,0.319061011,0.111846372,0.190156147,0.550848484,0.321233332,-0.201242402,0.923270881,0.531882882,0.210735455,-0.012692979,0.08700534,0.537813067,0.200414091,0.046110176,0.745351613,0.531534731,0.187514558,-0.029990757,0.06915433,0.537854552,0.173603714,0.047679134,0.71363622,0.51915437,0.188937947,-0.01636092,0.071916729,0.525199413,0.17354311,0.032283317,0.706552565,0.516547143,0.197404146,-0.015160305,0.080122307,0.52313149,0.184818774,0.04680619,0.67431581,0.473220766,0.509890914,0.120914042,0.999349833,0.467113823,0.514023721,-0.121146202,0.999803245,0.468777031,0.697481453,0.332896858,0.369932711,0.457203001,0.73165828,-0.035807077,0.982581198,0.468654692,0.845616758,0.525705934,0.657269955,0.454074293,0.935500264,0.032303646,0.987895131,0.46196422,0.866682291,0.542930126,0.715280831,0.450415432,0.961893439,0.034913875,0.966843843,0.511773229,0.86226368,0.511136532,0.824534178,0.498573005,0.971159935,-0.051146179,0.981959105
1,0.539531648,0.42375958,-0.102538779,0.999952853,0.534286857,0.408105582,-0.085128918,0.999952197,0.533749342,0.407948464,-0.085188456,0.999959886,0.533179164,0.407693952,-0.085213706,0.999960482,0.532771349,0.40931955,-0.113060512,0.999950767,0.531079888,0.410050631,-0.113160349,0.99996531,0.529116631,0.410762817,-0.113161661,0.999967098,0.522725224,0.415130943,-0.00436596,0.999985039,0.516471446,0.421138555,-0.131767407,0.999963343,0.536772609,0.443014979,-0.072757468,0.999963105,0.534383178,0.444177628,-0.108918667,0.999931991,0.509379029,0.499272704,0.086156681,0.999664366,0.49788022,0.535999119,-0.187175453,0.999636471,0.581685781,0.548514068,0.086759187,0.809617281,0.56508559,0.61587882,-0.142446265,0.982773423,0.557715297,0.479884475,0.034142613,0.305989981,0.551719129,0.500352025,0.035770144,0.902864456,0.556735098,0.448083162,0.024298998,0.160116449,0.55396992,0.467067391,0.031592451,0.837097704,0.542340338,0.452444464,0.036831766,0.170128644,0.539015591,0.465659082,0.011554381,0.854084432,0.539222419,0.465251118,0.03483469,0.186379567,0.537145674,0.478262842,0.031394515,0.856527269,0.430845916,0.694479883,0.102105811,0.999852121,0.410483032,0.728405833,-0.101897813,0.999932706,0.520376325,0.705365717,0.146931738,0.556478083,0.512845337,0.787277639,-0.130416304,0.994198382,0.472777545,0.856820822,0.212305427,0.572929084,0.463908434,0.95341295,-0.071909904,0.991359055,0.458430856,0.873410344,0.219615772,0.640660048,0.446117789,0.971102238,-0.064489096,0.985503256,0.496774584,0.90332675,0.230482787,0.656511247,0.500945747,0.989537656,-0.067004308,0.981410205
0,0.525197864,0.130014613,-0.096916087,0.999667048,0.519189715,0.110972211,-0.084007904,0.99952805,0.518148065,0.110409513,-0.084034659,0.999493182,0.517068267,0.110122733,-0.084035054,0.999487579,0.518297553,0.110903695,-0.124001965,0.999573827,0.516592443,0.110037409,-0.124072514,0.999671102,0.514838099,0.109305151,-0.124104001,0.999682546,0.502649903,0.117645308,-0.002298412,0.999307573,0.502458513,0.117540315,-0.181941181,0.99973315,0.520788312,0.147023112,-0.061860453,0.999446511,0.519171953,0.148218781,-0.113997638,0.999515414,0.482046843,0.230943173,0.132543728,0.998143554,0.486048788,0.233028919,-0.255572885,0.999800563,0.534872591,0.319674075,0.160831422,0.190472037,0.54818505,0.324914932,-0.209051371,0.927863419,0.534202814,0.207202047,0.095298827,0.087754197,0.540453315,0.201134384,0.038175777,0.756525338,0.534095883,0.17406781,0.086091235,0.072615415,0.541044414,0.171790645,0.039897107,0.732968986,0.520713508,0.17664732,0.096163377,0.075472489,0.529048204,0.169968396,0.024823215,0.726393342,0.518578112,0.188174412,0.092932835,0.084001727,0.526794851,0.181949884,0.039197821,0.693580091,0.469505876,0.508093953,0.122215591,0.999423623,0.467405379,0.513245285,-0.122355796,0.999840021,0.465126574,0.692309797,0.341903627,0.395211518,0.456513464,0.72278589,-0.04261452,0.98658669,0.469880968,0.846976161,0.547831535,0.684894919,0.453653246,0.932211459,0.019438554,0.99037993,0.463517725,0.864894211,0.566156149,0.724029839,0.44852519,0.958379626,0.021141037,0.971702397,0.510084987,0.860974729,0.532497644,0.841289103,0.496760428,0.969999373,-0.070509836,0.985607028
1,0.461555243,0.481849343,-0.5230003,0.999987423,0.469354063,0.463843167,-0.507110298,0.999964118,0.473162889,0.462927282,-0.507063329,0.999969125,0.47644788,0.461967498,-0.507179916,0.99992764,0.455888808,0.464317948,-0.503085732,0.999961078,0.451614559,0.463522851,-0.503173649,0.999977052,0.447984546,0.462540865,-0.503167808,0.999965847,0.482258171,0.464560866,-0.392388135,0.99996227,0.442695081,0.464361995,-0.374041766,0.999986649,0.468965113,0.500299394,-0.478993475,0.999991715,0.454111248,0.500286162,-0.473928273,0.999993026,0.513063252,0.555560052,-0.307327092,0.999907255,0.415158838,0.545311213,-0.283264309,0.999949157,0.554852426,0.66058445,-0.521018863,0.996445537,0.369435966,0.665730715,-0.489773184,0.995747685,0.52043879,0.573829591,-0.752206802,0.98515898,0.40231815,0.558534861,-0.717949152,0.972646236,0.516662002,0.533476532,-0.798098624,0.946167529,0.400187343,0.522405922,-0.76197958,0.898914814,0.506842673,0.525336146,-0.768219113,0.92552489,0.413594007,0.516875148,-0.729991257,0.850504577,0.503205121,0.542706072,-0.745631099,0.817094445,0.418962866,0.531758726,-0.709939182,0.721579075,0.493966728,0.715107799,-0.005084897,0.999655068,0.438313305,0.713151217,0.005041514,0.999788642,0.544477344,0.752853334,-0.430999041,0.984042585,0.379973829,0.757502973,-0.394086331,0.989441216,0.52773577,0.905850828,-0.173815101,0.97552985,0.394729853,0.90827018,-0.149787754,0.99413985,0.520006776,0.92525363,-0.156882316,0.902886569,0.403138489,0.929092944,-0.133402675,0.972435355,0.542093396,0.967809379,-0.305564821,0.958601296,0.378433615,0.970308602,-0.272247106,0.984646201
0,0.457611322,0.139544249,-0.255039036,0.999994397,0.463264287,0.121839978,-0.236209124,0.999991775,0.467176825,0.121723376,-0.23620896,0.999988854,0.469800562,0.121919163,-0.236262724,0.999989748,0.451439381,0.122347951,-0.236397505,0.999991536,0.447359562,0.122637451,-0.23638913,0.999989033,0.443462193,0.123296343,-0.236337274,0.99999094,0.475453049,0.12854819,-0.11230503,0.999982476,0.437420607,0.130928114,-0.114737853,0.999987602,0.465700924,0.159957901,-0.208033279,0.999989629,0.450852096,0.158946276,-0.209071919,0.999991357,0.50609237,0.233164251,-0.04396328,0.999924779,0.410607904,0.236694381,-0.044797353,0.999860764,0.555758774,0.331759036,-0.199286714,0.997642756,0.365976244,0.345089555,-0.20643501,0.995744944,0.521609724,0.226002946,-0.408963382,0.996115088,0.395549119,0.22389622,-0.431910843,0.98928535,0.51656419,0.19547765,-0.454349339,0.981503248,0.397207916,0.19031103,-0.480790555,0.955833673,0.508962214,0.193408072,-0.436277568,0.978396773,0.4048509,0.185677141,-0.461264849,0.946705878,0.507186413,0.209053144,-0.406060368,0.964574873,0.407928884,0.200330347,-0.42978245,0.925269067,0.492291838,0.502906978,0.001047738,0.999716163,0.433410347,0.506269753,-0.001114788,0.999705851,0.509894967,0.72066021,0.017047424,0.994110346,0.414189517,0.724671781,0.008279386,0.995402813,0.524356008,0.903849602,0.164899588,0.991185486,0.395048231,0.907538176,0.155226082,0.994101882,0.519916892,0.928170919,0.172508672,0.901021957,0.400768667,0.929503739,0.162955388,0.89043653,0.542636037,0.972576499,0.042661969,0.984136164,0.378986925,0.97303164,0.032023776,0.985973179
1,0.465076447,0.483119547,-0.509562254,0.999989152,0.472564876,0.464996547,-0.492939323,0.999972403,0.476397902,0.463768393,-0.492889941,0.999973297,0.479763031,0.462571681,-0.492999792,0.999947727,0.459538043,0.466344744,-0.489414394,0.999970078,0.455332607,0.465796292,-0.489504248,0.999979615,0.451615155,0.465131134,-0.489493221,0.999971986,0.485196352,0.464593709,-0.379714459,0.99996835,0.445953667,0.467627674,-0.363823175,0.999986708,0.472091913,0.500618756,-0.466785431,0.999991953,0.457972676,0.501062214,-0.462409317,0.999992609,0.514152348,0.558852494,-0.301824719,0.999883652,0.418899357,0.550082624,-0.277021706,0.999912381,0.557755113,0.662421346,-0.517309964,0.997380912,0.373069406,0.667647362,-0.485734314,0.994827747,0.523803771,0.556850493,-0.736975491,0.991671741,0.403440535,0.555968404,-0.716536164,0.976926923,0.521128058,0.517245948,-0.781126201,0.967997611,0.402002335,0.522667646,-0.761129916,0.917449176,0.512308717,0.512305796,-0.749040902,0.954585016,0.415272146,0.517066061,-0.730695367,0.877501547,0.507845759,0.527331591,-0.729234159,0.886740744,0.42049861,0.529214263,-0.709877849,0.773310602,0.495375246,0.72408843,-0.005619541,0.999692798,0.441024363,0.72110039,0.005568253,0.999783337,0.548418641,0.75740236,-0.418054909,0.9854002,0.380593598,0.760986388,-0.380359411,0.989512265,0.527762532,0.907002687,-0.166020304,0.973849535,0.394363135,0.90957576,-0.144529134,0.993134379,0.519564986,0.926277936,-0.149103522,0.900329947,0.403348595,0.930681527,-0.12842451,0.967048645,0.542258382,0.969579577,-0.290239066,0.957662344,0.376447976,0.972116113,-0.258778036,0.981911898
1,0.568855107,0.471533358,-0.0589054,0.99996531,0.564079285,0.457047313,-0.041691083,0.999975622,0.563259125,0.456035823,-0.041749667,0.9999789,0.562391281,0.454951316,-0.041764006,0.999980032,0.562673271,0.458443493,-0.077384539,0.999971509,0.560953677,0.458443105,-0.077472724,0.999975324,0.559035122,0.458487868,-0.07744585,0.999975264,0.549341977,0.45790866,0.040565789,0.999989867,0.545417786,0.463920563,-0.119166806,0.999974012,0.565400958,0.488785207,-0.027196238,0.999980867,0.563204288,0.489945829,-0.073196486,0.999960482,0.532211483,0.533401132,0.132610396,0.999855697,0.514086246,0.571404159,-0.182482809,0.999743223,0.580164135,0.629848897,0.053246744,0.889158666,0.569863737,0.679367065,-0.148267329,0.984883547,0.578350723,0.536343455,-0.139514789,0.702173293,0.573001862,0.553374767,0.028252717,0.943319738,0.583608508,0.507435918,-0.167678207,0.527754247,0.578867793,0.524046719,0.019078767,0.904580355,0.570591807,0.504395604,-0.150209188,0.541852951,0.567066073,0.518681288,-0.001106521,0.91432476,0.565403342,0.514614582,-0.139235765,0.53905338,0.562856078,0.528887689,0.025033569,0.906255066,0.441651434,0.724090934,0.113179907,0.999971509,0.422655433,0.762387991,-0.113076344,0.999982655,0.538547516,0.725430727,0.200111538,0.594938397,0.536319137,0.789440334,-0.18433702,0.995070696,0.485942274,0.866869509,0.289131939,0.636432648,0.480944097,0.949897945,-0.100892425,0.98562777,0.472773075,0.883148015,0.298797786,0.638720632,0.466254383,0.974180877,-0.090828046,0.968698382,0.522326469,0.895288944,0.312006593,0.738137186,0.524207115,0.962344587,-0.092125997,0.972554147
0,0.536813498,0.146983966,-0.118853725,0.999540746,0.532374501,0.124873534,-0.107080102,0.999429584,0.531384885,0.123797998,-0.107108019,0.999405503,0.530333459,0.123008244,-0.107110977,0.999364138,0.531378627,0.124909423,-0.145881027,0.999434173,0.529646158,0.123706289,-0.145915061,0.999543011,0.527670979,0.122637831,-0.145919606,0.999525845,0.515610695,0.125213146,-0.024440005,0.999129534,0.512753844,0.12505731,-0.199392259,0.999658227,0.531212687,0.164951712,-0.083228931,0.999443054,0.529943407,0.166004971,-0.133714706,0.999510348,0.495174706,0.23650521,0.105856612,0.998427212,0.488121688,0.239590183,-0.260852337,0.99983418,0.53643769,0.34321183,0.087437637,0.186463937,0.540855527,0.351914555,-0.214628741,0.942055762,0.548343718,0.237200946,-0.069801174,0.148231417,0.553028226,0.220232323,0.005069985,0.850484014,0.554133892,0.205411971,-0.090756081,0.126852363,0.555846572,0.197558463,0.004124618,0.812191427,0.541750789,0.203313142,-0.082466081,0.12832427,0.545424938,0.191501006,-0.009539798,0.804035127,0.536835134,0.214273661,-0.074797042,0.136013344,0.542703271,0.199053451,0.006542909,0.767435908,0.484321266,0.516293764,0.114180133,0.999181867,0.478611231,0.522563994,-0.114332989,0.999715805,0.481946379,0.704294026,0.324719042,0.407390416,0.471764326,0.742350936,-0.02753236,0.979690552,0.481989861,0.856993854,0.523542285,0.641751766,0.46964702,0.942608953,0.047736242,0.984364152,0.475217342,0.880667388,0.540744305,0.699302852,0.465355724,0.967307985,0.050545555,0.960590363,0.526239276,0.877162576,0.50405848,0.816956937,0.505713165,0.9672364,-0.03854797,0.978171587
1,0.560708523,0.427950621,-0.089149594,0.999885917,0.554948688,0.414718658,-0.073753685,0.999898136,0.554075837,0.414359242,-0.073822521,0.999920726,0.553208709,0.414082408,-0.073853329,0.999921739,0.553857267,0.415609777,-0.107107028,0.999879897,0.552171111,0.415714175,-0.107182786,0.999904633,0.550280213,0.415948033,-0.107163191,0.999893308,0.540831923,0.420819342,0.004562238,0.999965966,0.536919475,0.424538046,-0.144828618,0.999889195,0.557597339,0.446241081,-0.058358312,0.999941826,0.555837095,0.446562618,-0.101437531,0.999886513,0.526209533,0.502302527,0.089617074,0.999674797,0.508948267,0.536185563,-0.19450672,0.9993276,0.572554529,0.585232675,0.021281656,0.921215475,0.56866163,0.635487854,-0.16170305,0.985850334,0.575309098,0.500696719,-0.15908289,0.745140314,0.569458365,0.512540877,0.000900828,0.957158387,0.581186295,0.471016347,-0.186416224,0.561335802,0.576090693,0.480430394,-0.009705546,0.925366938,0.566904724,0.465618461,-0.168234408,0.564355493,0.563569486,0.475661904,-0.026451847,0.9314695,0.561950922,0.476519436,-0.158168152,0.564834356,0.558803439,0.48757422,-0.001802083,0.922277927,0.446373552,0.698583901,0.103299715,0.999866009,0.425536215,0.735182703,-0.103097811,0.99987936,0.537585855,0.703205466,0.120000817,0.668759465,0.53239125,0.790560842,-0.156296209,0.993565202,0.486004114,0.860678196,0.175590351,0.615235388,0.481739819,0.948429763,-0.054909281,0.985820055,0.471672386,0.881298065,0.182333425,0.630354285,0.466922939,0.963735521,-0.042177819,0.97074306,0.510004163,0.89805162,0.19378373,0.722398579,0.514480889,0.986567378,-0.037898622,0.97192812
1,0.465955555,0.484063566,-0.467624515,0.999872088,0.472534239,0.466465414,-0.446871698,0.999664009,0.476160705,0.466040552,-0.446903706,0.999758959,0.479285657,0.465638041,-0.447009325,0.999427795,0.460390478,0.466554433,-0.448117584,0.999692917,0.455801338,0.466121286,-0.448200792,0.999816775,0.452155918,0.465600044,-0.448218524,0.999643207,0.484401405,0.468616307,-0.322131068,0.999593675,0.446396828,0.468422264,-0.326583594,0.999843538,0.472016811,0.503947973,-0.420799494,0.999865532,0.458332837,0.504592478,-0.422362,0.999910295,0.513831675,0.556295514,-0.242676765,0.998836637,0.415962785,0.552257895,-0.243942469,0.999564052,0.518547058,0.70120728,-0.416345924,0.967304826,0.408729404,0.700563133,-0.413589776,0.984495342,0.479940265,0.604767442,-0.632120371,0.930743098,0.455379963,0.611897826,-0.608448625,0.948854864,0.476860583,0.575194776,-0.674035311,0.854609609,0.458430588,0.577585816,-0.648030639,0.866198719,0.478019476,0.564115167,-0.646486759,0.814901292,0.455646425,0.565891087,-0.621914148,0.810738683,0.478352875,0.571310699,-0.625442564,0.638198674,0.455215752,0.576994658,-0.601130188,0.635722876,0.493474782,0.711923838,-0.002380015,0.999292612,0.435043395,0.710731149,0.002499408,0.999572575,0.548523545,0.752574384,-0.375638276,0.97443217,0.384415269,0.756700039,-0.368761241,0.980992615,0.530325651,0.908470392,-0.167680413,0.960061073,0.394376695,0.904675961,-0.151631087,0.985372066,0.52177918,0.930929542,-0.154860571,0.894251585,0.402576029,0.924032867,-0.137689024,0.93396014,0.548870802,0.961601675,-0.296476543,0.935330689,0.376796186,0.963191628,-0.275200039,0.960657239
0,0.462204039,0.238041967,-0.349583596,0.999989331,0.468511522,0.220246151,-0.330185115,0.99998343,0.471471399,0.219771594,-0.330203712,0.999982417,0.474371016,0.219144508,-0.330278695,0.999977469,0.456797421,0.221152559,-0.329669416,0.999982715,0.452613115,0.221449301,-0.329713136,0.999982417,0.448715746,0.221270725,-0.329721242,0.999980032,0.479533106,0.223706797,-0.203896999,0.99997437,0.442677557,0.226530865,-0.200592682,0.999982059,0.46900171,0.258216888,-0.301210016,0.999981701,0.454850525,0.258762091,-0.300477415,0.999982893,0.510160923,0.328265458,-0.125513151,0.999621511,0.414179176,0.329108149,-0.115052417,0.999710679,0.517164588,0.470734537,-0.252810538,0.981799185,0.405420542,0.467896819,-0.252446026,0.972105801,0.474306256,0.371785313,-0.458100259,0.970362961,0.453689158,0.375675231,-0.470351756,0.938618124,0.469374716,0.34139809,-0.499617428,0.926913977,0.458896309,0.344089657,-0.514113009,0.860575855,0.470513344,0.329680115,-0.487476677,0.918140531,0.456724942,0.332843125,-0.500172138,0.832715213,0.471511185,0.341170937,-0.457040697,0.856055498,0.456323922,0.344872326,-0.469122499,0.752416551,0.495339483,0.545226097,-0.004391976,0.999553561,0.435400814,0.549132884,0.004328747,0.999726057,0.534067988,0.737705767,-0.159516603,0.996525586,0.394462675,0.73176676,-0.151999563,0.998371065,0.530973852,0.900087297,0.02844286,0.994440317,0.392929614,0.898351192,0.029805267,0.997677028,0.520980418,0.92461431,0.039048966,0.938637018,0.401371479,0.922170758,0.040440984,0.961970329,0.552623391,0.962933362,-0.100122951,0.985728681,0.373957843,0.963139772,-0.090235725,0.991674244
1,0.463712394,0.502626896,-0.469304979,0.99990654,0.47024402,0.484184593,-0.449412644,0.999723196,0.473831832,0.48368153,-0.44943589,0.9998101,0.477249056,0.483026385,-0.449542195,0.999480605,0.458066612,0.484219819,-0.450470388,0.999746144,0.453927815,0.483900577,-0.450556129,0.999858856,0.450120062,0.48329702,-0.450575739,0.999698877,0.482630074,0.485689342,-0.326054454,0.999664128,0.44414559,0.485244453,-0.329927474,0.999889731,0.469530761,0.521653712,-0.422509193,0.999907792,0.456478268,0.521938443,-0.423924625,0.999940157,0.510868847,0.568887174,-0.247984245,0.999361157,0.414561749,0.565867126,-0.248474389,0.999658644,0.517235339,0.714691341,-0.417789072,0.976642489,0.405580699,0.714787722,-0.419166327,0.988063395,0.47905618,0.621564388,-0.627218127,0.958132207,0.452804983,0.628911018,-0.613662601,0.962274551,0.474584639,0.593787909,-0.668583572,0.902926087,0.455546796,0.59584403,-0.653387308,0.895785093,0.475324959,0.58193624,-0.64159584,0.873299956,0.452207744,0.583695948,-0.626154125,0.849197865,0.476256758,0.58867377,-0.620504081,0.721586466,0.452354014,0.594719768,-0.605731368,0.687568843,0.492174089,0.726747394,-0.002647215,0.999261439,0.433703601,0.726110578,0.002747306,0.999557793,0.547903419,0.755162835,-0.386944354,0.974848509,0.382149726,0.758540452,-0.383003891,0.981118679,0.530479968,0.907516897,-0.149270862,0.960410297,0.394247651,0.90522933,-0.143064708,0.98631382,0.521374524,0.929386914,-0.132618606,0.89386034,0.402959496,0.924489021,-0.126470253,0.940368056,0.548755825,0.963816643,-0.268022627,0.93402797,0.375711471,0.964294791,-0.260552406,0.962284327
0,0.460041821,0.233117059,-0.42984432,0.999994993,0.466259331,0.214387327,-0.410734415,0.999991238,0.469033062,0.213713303,-0.410738796,0.999991715,0.472463995,0.212958843,-0.410835117,0.999986649,0.454950243,0.215096712,-0.410633862,0.999991179,0.450618833,0.214671537,-0.410698473,0.99999249,0.446763337,0.214195058,-0.410706282,0.999989748,0.477222025,0.218607962,-0.279064208,0.999986708,0.439905733,0.219510764,-0.278291941,0.999992967,0.466474354,0.251461953,-0.379213363,0.999992371,0.45250541,0.250329912,-0.379250735,0.999993384,0.50692451,0.325498819,-0.192410901,0.999790788,0.410196066,0.322852015,-0.181557938,0.999824405,0.517418265,0.47136268,-0.339262784,0.986228228,0.401577175,0.469351888,-0.337561876,0.97754842,0.471717358,0.376715332,-0.563446343,0.974066138,0.44851774,0.37952736,-0.575136423,0.940431952,0.465755701,0.346644223,-0.61059612,0.934980035,0.453906775,0.34829089,-0.623586476,0.870202959,0.466414452,0.335031778,-0.597200036,0.925547898,0.45147568,0.335780621,-0.608936608,0.841090739,0.468081236,0.345279872,-0.562627077,0.858956277,0.450930029,0.346692055,-0.574133992,0.749110579,0.492906511,0.537960887,-0.004645293,0.999625206,0.433924913,0.541715682,0.004533452,0.999750137,0.528282046,0.734098494,-0.160427362,0.996356606,0.397197753,0.730730951,-0.132337645,0.997953296,0.530795574,0.900074661,0.044482104,0.994391739,0.393014729,0.899121344,0.055874705,0.997436285,0.521569073,0.923140228,0.056194019,0.937309504,0.401265442,0.922769308,0.066312693,0.955713809,0.551246941,0.964512467,-0.089464463,0.985755622,0.374343604,0.963717401,-0.071455106,0.990940809
1,0.462203115,0.50017029,-0.485288382,0.999911189,0.468605995,0.482515216,-0.464918852,0.999717951,0.472133934,0.482049763,-0.464939654,0.999810994,0.475644261,0.481315583,-0.465045303,0.999415219,0.456583321,0.482545048,-0.466367006,0.999739766,0.45248127,0.481972665,-0.466451079,0.99986732,0.448789924,0.481256694,-0.466466725,0.999700725,0.481072575,0.484256148,-0.339142472,0.999619961,0.44264093,0.483455122,-0.34524253,0.999899745,0.46771726,0.518865705,-0.437808752,0.999916017,0.454969794,0.519079566,-0.439858675,0.999949515,0.508726418,0.568605304,-0.259353817,0.999332249,0.411943108,0.565669835,-0.260405511,0.999662578,0.513736069,0.714080274,-0.434765965,0.97208792,0.404469073,0.715307474,-0.433187872,0.987433076,0.476677597,0.618776679,-0.649027467,0.953690827,0.449795157,0.626458287,-0.63043201,0.966420054,0.473051071,0.590407789,-0.691509128,0.895768106,0.451972961,0.593622863,-0.670732617,0.910120428,0.473916918,0.57905978,-0.664177299,0.863246083,0.448898613,0.582412481,-0.643421471,0.868614495,0.474726439,0.585999191,-0.642539501,0.702051342,0.449037611,0.593004525,-0.622498095,0.713804483,0.490271568,0.723873317,-0.001966778,0.99926734,0.431662142,0.722546458,0.002052582,0.999551177,0.546449482,0.75077337,-0.393661439,0.974531472,0.382693887,0.756934524,-0.388341904,0.978723884,0.529812217,0.905505121,-0.159708738,0.9618963,0.393798172,0.904809117,-0.149841681,0.986740172,0.521087348,0.926569223,-0.143958241,0.892453372,0.402710497,0.924881935,-0.133536249,0.938501,0.547190666,0.962652564,-0.283805788,0.936360002,0.375914872,0.964200735,-0.270808041,0.963737845
0,0.457910866,0.22040683,-0.364149988,0.999981642,0.464327246,0.200440869,-0.346985936,0.999973834,0.467091471,0.199706778,-0.346999496,0.999970853,0.47033,0.198845208,-0.347052991,0.999961793,0.452703238,0.201287314,-0.345828682,0.999973178,0.448192507,0.200875729,-0.345877141,0.999971688,0.444318235,0.200253993,-0.345890462,0.999969006,0.474918783,0.203766763,-0.215395406,0.999957502,0.437667072,0.204572678,-0.210372329,0.999970376,0.464575589,0.237621069,-0.312179476,0.999968886,0.450033337,0.236740127,-0.31102863,0.999972582,0.506206572,0.313199222,-0.131167635,0.999520242,0.409998029,0.30821541,-0.117172852,0.99970907,0.511201739,0.454686016,-0.266088128,0.974018753,0.399077117,0.450143814,-0.258239925,0.965407312,0.470107853,0.344287962,-0.47661829,0.960112751,0.446459353,0.350115985,-0.484255612,0.935192347,0.466454208,0.314578176,-0.519840479,0.90702045,0.449768931,0.321035028,-0.529834926,0.852076113,0.467209011,0.306931406,-0.508316636,0.895861924,0.447584778,0.31208995,-0.51943475,0.82357794,0.467549026,0.315425903,-0.476395905,0.823637903,0.448192984,0.320983618,-0.484606028,0.741703212,0.49205488,0.532604575,-0.00588316,0.999541402,0.432964623,0.535008848,0.00582871,0.999701381,0.526596665,0.731820107,-0.11268755,0.995612025,0.397381365,0.727386832,-0.106046118,0.997717381,0.53002733,0.900343299,0.069451436,0.993590355,0.392819107,0.897989571,0.072225764,0.997309327,0.520898998,0.924942017,0.079003915,0.929041803,0.401028305,0.921860576,0.082075939,0.960179985,0.552604139,0.964117348,-0.066647686,0.984522402,0.373973638,0.963965714,-0.054898601,0.990989029
1,0.465063334,0.4935579,-0.493822426,0.999917328,0.471477419,0.476284534,-0.473447472,0.999736965,0.475207716,0.4757002,-0.473458767,0.999822497,0.478673369,0.474856704,-0.47356385,0.999421656,0.459872812,0.476620138,-0.474423975,0.999761522,0.455633342,0.476026654,-0.474512428,0.999883294,0.452076107,0.475433022,-0.474531978,0.999736845,0.483934879,0.47850582,-0.347832948,0.999642551,0.445611477,0.47822538,-0.352138311,0.999918401,0.470690727,0.512245417,-0.446790367,0.999926805,0.457593203,0.512773871,-0.448218286,0.999955952,0.512787223,0.56803757,-0.267234951,0.999359131,0.414926201,0.561265707,-0.268498361,0.999711275,0.518873155,0.71259892,-0.445887417,0.975153625,0.40473628,0.70927918,-0.445802927,0.990564108,0.48068887,0.61838305,-0.661616921,0.95893532,0.452712387,0.624807596,-0.640197814,0.9756639,0.476267993,0.589802742,-0.704006374,0.902393997,0.455318779,0.591633439,-0.678571701,0.929635108,0.477008343,0.577944398,-0.675347924,0.87134558,0.45202294,0.580049813,-0.649573684,0.894259274,0.477973789,0.585146904,-0.6545614,0.710305989,0.452684879,0.591088831,-0.631373167,0.75414896,0.493534237,0.719937921,-0.001489022,0.999301434,0.43448177,0.717945337,0.001566513,0.99960345,0.552171946,0.751260996,-0.394035637,0.971561313,0.381819993,0.75464946,-0.387729049,0.977799296,0.53006202,0.907153904,-0.157142475,0.957010567,0.394027948,0.903939962,-0.146834955,0.985669255,0.520209432,0.929363191,-0.140928626,0.889939725,0.402863741,0.923406065,-0.130262986,0.93492502,0.549090505,0.96245116,-0.280096292,0.928771734,0.375777423,0.96465379,-0.266261727,0.961097717
0,0.462852418,0.249162689,-0.405011803,0.999988973,0.469068527,0.231331035,-0.386770308,0.999975085,0.471793503,0.231088191,-0.386773527,0.999978364,0.475019217,0.230718553,-0.386870682,0.999956489,0.458161354,0.231604517,-0.385396361,0.999976516,0.453830898,0.231543645,-0.385462701,0.999982774,0.4501656,0.231460333,-0.385490835,0.999973357,0.478975952,0.235661447,-0.260380238,0.999964476,0.443496317,0.236625761,-0.253395706,0.999986529,0.468991756,0.266313732,-0.356281638,0.99998492,0.455087423,0.265819758,-0.354568541,0.999989033,0.510507226,0.339358926,-0.179629132,0.999618113,0.414271742,0.335113645,-0.165321156,0.999839365,0.51555407,0.48240906,-0.332106501,0.980164707,0.401763916,0.47483483,-0.326201588,0.98161447,0.471373647,0.37580058,-0.550664544,0.95714885,0.449691474,0.37963298,-0.562044263,0.939744353,0.466602385,0.343960196,-0.596656859,0.904014468,0.453502327,0.350386977,-0.610883057,0.861903727,0.467681974,0.336191863,-0.583692968,0.885017037,0.450982809,0.342428893,-0.595220983,0.821789742,0.46860981,0.345308274,-0.550388217,0.78033334,0.451099455,0.351802588,-0.561225355,0.704864025,0.494253069,0.55124861,-0.00400214,0.999537766,0.435928255,0.553584993,0.003900159,0.999723792,0.537185252,0.737294912,-0.186723828,0.994494319,0.393820465,0.734334409,-0.178022027,0.996419489,0.531179845,0.899741352,0.021148214,0.989988089,0.393516898,0.897534609,0.021711331,0.996344209,0.521749377,0.921340942,0.033336818,0.925073624,0.401282132,0.919516444,0.033813421,0.956880212,0.551195025,0.963617206,-0.111954033,0.976083815,0.374396056,0.964362562,-0.103596292,0.987338364
1,0.46437645,0.465373397,-0.453713566,0.99992758,0.470935762,0.44851476,-0.432815075,0.999772549,0.474458933,0.448089331,-0.432841927,0.999831676,0.477872193,0.447229177,-0.432937801,0.999509692,0.458948225,0.448189378,-0.433967113,0.999813855,0.454909563,0.447552919,-0.434053421,0.999899983,0.451478571,0.446855873,-0.434079975,0.999802113,0.482824981,0.450328946,-0.308052123,0.999697506,0.445280552,0.449604332,-0.311989069,0.999925077,0.470443964,0.484855622,-0.406733513,0.999917686,0.457205832,0.48408857,-0.408217341,0.999952972,0.511920869,0.537920535,-0.22957027,0.999102771,0.414887995,0.532981634,-0.230745435,0.999797583,0.518943369,0.681367636,-0.399063528,0.972877562,0.40387243,0.678926766,-0.40112251,0.99127835,0.475410759,0.584256828,-0.611587882,0.930371463,0.453436226,0.58915329,-0.596788764,0.967355609,0.470453918,0.551328719,-0.652492464,0.844195843,0.456430197,0.553860486,-0.636687934,0.900158048,0.472432852,0.540692627,-0.624559224,0.795809329,0.453366339,0.543300986,-0.60972172,0.84927243,0.473222494,0.550066292,-0.604570687,0.596423149,0.452954531,0.554248035,-0.589066446,0.679773152,0.493569314,0.698297739,-0.002374135,0.999406457,0.434795707,0.695522547,0.002416803,0.999682605,0.548359334,0.748164475,-0.384227276,0.981196165,0.384586036,0.749989152,-0.378589153,0.9875049,0.530569434,0.905290067,-0.169367999,0.970887423,0.393848926,0.905348122,-0.160726503,0.992025971,0.521917999,0.927016437,-0.155702025,0.907348573,0.402460814,0.926272094,-0.146430865,0.953993678,0.548759401,0.960796893,-0.301326811,0.950302422,0.374421686,0.964060068,-0.287150472,0.976497591
0,0.462205589,0.219466746,-0.340314686,0.999975979,0.468386829,0.201564834,-0.321767479,0.999960184,0.47124356,0.200870112,-0.321784347,0.999955893,0.47449097,0.200299248,-0.321843326,0.999939442,0.45726338,0.202096835,-0.32032162,0.999964356,0.452928007,0.201567054,-0.320361167,0.999965131,0.449093878,0.20105432,-0.320382893,0.999961138,0.478798062,0.204654396,-0.195335791,0.999932706,0.4427692,0.204999179,-0.188051835,0.999967277,0.468238294,0.237488404,-0.291268528,0.999961197,0.454445779,0.23620148,-0.289461166,0.999970794,0.510934234,0.310481429,-0.116259195,0.999402106,0.414481819,0.307132393,-0.096489929,0.999768436,0.522452176,0.450997382,-0.237059757,0.97820127,0.39786166,0.450699478,-0.226527005,0.9776299,0.471363485,0.358770341,-0.432808578,0.950115442,0.449653208,0.362888753,-0.442938328,0.937003076,0.465298593,0.323632866,-0.473019838,0.882585347,0.454452842,0.331442654,-0.4870978,0.847391546,0.465603441,0.314283937,-0.461379677,0.865090668,0.452347279,0.321973324,-0.47385186,0.81090039,0.466968477,0.324018568,-0.431616932,0.77279526,0.452310979,0.331882298,-0.441855729,0.713051736,0.494997203,0.534344077,-0.006092596,0.999547899,0.435899556,0.536103904,0.006026859,0.999741375,0.530275524,0.734280646,-0.114593521,0.995822608,0.400309622,0.728400111,-0.106712803,0.997763216,0.53100884,0.900944352,0.061991982,0.993145645,0.393279284,0.898541927,0.069296703,0.997575223,0.521093667,0.925618589,0.071272567,0.935922325,0.400738537,0.921358824,0.078978583,0.9652915,0.552457392,0.963606536,-0.071788386,0.98332262,0.373687327,0.963627815,-0.053488802,0.991479754
1,0.464120954,0.467013508,-0.415201753,0.999954581,0.470414221,0.449826509,-0.394340366,0.999869287,0.474049658,0.449276239,-0.394376218,0.999902606,0.477401197,0.448460132,-0.394483328,0.999765933,0.458843797,0.449366093,-0.395855606,0.999880075,0.454951823,0.448510289,-0.395929396,0.999925196,0.45160675,0.447514653,-0.395947158,0.999852538,0.482633829,0.450608492,-0.275829494,0.999840736,0.445697695,0.448934168,-0.280039072,0.999936104,0.470256865,0.485194385,-0.371256173,0.9999488,0.457183689,0.484575272,-0.372966737,0.999968767,0.511693597,0.537017941,-0.204802871,0.99961561,0.415452868,0.530902922,-0.203637049,0.999773264,0.518345952,0.681096077,-0.363409251,0.983757675,0.403404951,0.676596642,-0.367076337,0.987757504,0.478803933,0.585802138,-0.569512486,0.969574988,0.452613503,0.593733251,-0.562393486,0.955812991,0.473523766,0.555267572,-0.609999239,0.927101851,0.456434071,0.561438322,-0.599997163,0.881921053,0.474290043,0.54496038,-0.58280772,0.905855894,0.453237116,0.549896002,-0.574267685,0.832114756,0.475404978,0.552343071,-0.562959731,0.781415164,0.453160912,0.55986321,-0.555222392,0.668467522,0.493721575,0.70010674,-0.003465777,0.999508977,0.435232699,0.698173642,0.003555322,0.999698162,0.546288431,0.748851776,-0.372262239,0.982700586,0.384067953,0.752490401,-0.378779411,0.989813268,0.53045541,0.90610683,-0.162334859,0.971519172,0.394080698,0.905900002,-0.164587766,0.99234426,0.521835923,0.928143799,-0.149096385,0.911988437,0.402790874,0.926169753,-0.150683075,0.956303775,0.548238754,0.961109698,-0.290209234,0.952860653,0.37489599,0.964265525,-0.288836867,0.977458477
0,0.462537616,0.184391886,-0.225043342,0.99996078,0.46855098,0.165354997,-0.207417086,0.999938309,0.471309721,0.164796665,-0.207470179,0.999927044,0.474576294,0.164246589,-0.207523748,0.999909937,0.457366228,0.166030049,-0.206465244,0.999938667,0.452676117,0.166069373,-0.206467837,0.999929726,0.448641628,0.166374743,-0.20647946,0.999928236,0.479191542,0.170315027,-0.087789163,0.999905646,0.442402989,0.172017738,-0.082422227,0.999931216,0.468703985,0.203777805,-0.178127557,0.999930441,0.454806983,0.205054328,-0.176964208,0.999938309,0.510335863,0.278533667,-0.022721078,0.999511063,0.415124476,0.276114643,-0.013414562,0.999726653,0.518997073,0.419201314,-0.13374646,0.976057649,0.402185619,0.413987935,-0.133284509,0.96726799,0.471962154,0.314822376,-0.312678039,0.963054359,0.453660488,0.313202173,-0.332859993,0.947101414,0.467503607,0.284527332,-0.351399332,0.912426651,0.458411515,0.283844382,-0.376436889,0.872604668,0.468314022,0.276056886,-0.341697276,0.902109385,0.456208855,0.274936348,-0.364632994,0.846665263,0.468945652,0.284984261,-0.312260568,0.836563289,0.455442041,0.284799814,-0.332399815,0.769003093,0.494705975,0.520670891,-0.007317048,0.999614358,0.435922325,0.523288965,0.007346578,0.999749839,0.52402246,0.72605139,-0.039457511,0.9954651,0.403601021,0.722148836,-0.032153409,0.997575879,0.530295312,0.901036561,0.140819117,0.99287796,0.39348501,0.897029877,0.149234235,0.997321546,0.521325171,0.924906313,0.151103407,0.931305349,0.401298821,0.920566738,0.159858838,0.964401126,0.550997078,0.963154018,0.012643909,0.983835876,0.374388814,0.96208787,0.027117291,0.99107945
1,0.557783186,0.478231728,-0.094050556,0.999969065,0.55358398,0.463293284,-0.079739049,0.999977529,0.553076386,0.462937921,-0.079758093,0.99998337,0.55241549,0.46245423,-0.079764515,0.999977231,0.551747441,0.464319855,-0.111201033,0.999971449,0.550109386,0.464715987,-0.111298539,0.999980092,0.548228562,0.465101868,-0.111291468,0.999972761,0.540380478,0.467896879,0.000268965,0.999984264,0.535286367,0.472458214,-0.140506476,0.999976754,0.554403543,0.494209617,-0.062627077,0.99997741,0.551968634,0.496285319,-0.103095032,0.999968708,0.523689985,0.552937388,0.094704479,0.999893904,0.505855381,0.573503971,-0.192637444,0.999925613,0.550654769,0.659074605,0.019276276,0.720504463,0.547459066,0.69162333,-0.141920552,0.98350215,0.556519628,0.593375623,-0.197684467,0.570393264,0.553392172,0.59311682,0.043288149,0.959990859,0.561892331,0.566614747,-0.226669759,0.438539654,0.55908215,0.564239919,0.04115884,0.926860392,0.552695751,0.560478747,-0.211398482,0.447122872,0.551355183,0.55887562,0.019069552,0.931834877,0.546841025,0.571349859,-0.199231282,0.458022028,0.546547174,0.568109155,0.040482815,0.923999608,0.439154208,0.711962402,0.100771569,0.999909461,0.417751968,0.737161398,-0.100760266,0.999962926,0.521901786,0.735218585,0.204120785,0.58467114,0.515183747,0.791266024,-0.163454235,0.994667768,0.472858518,0.855131984,0.303043097,0.600747526,0.464317083,0.951005876,-0.102907822,0.992520511,0.45926255,0.869401038,0.313446879,0.640460014,0.447225422,0.96743387,-0.095294401,0.984307766,0.501132309,0.891056478,0.323785365,0.731208801,0.496725172,0.987139463,-0.108348772,0.985979497
0,0.550593793,0.258048296,-0.053142034,0.999876678,0.546150684,0.241735205,-0.0391436,0.999904394,0.545604646,0.24159421,-0.039177082,0.999925256,0.544822097,0.241459489,-0.039185353,0.999912024,0.544376552,0.242151216,-0.070243545,0.999874055,0.542708337,0.242197573,-0.070329107,0.999904513,0.540813684,0.2422546,-0.070310563,0.999883592,0.532259941,0.246798769,0.034796271,0.999915004,0.527963877,0.248385668,-0.102300502,0.999922991,0.547182262,0.274457812,-0.02388837,0.999908805,0.544667482,0.274890691,-0.06384638,0.999895632,0.51037395,0.351854593,0.141778082,0.999682367,0.504755378,0.35601294,-0.173690826,0.999905407,0.537512004,0.471976012,0.060939621,0.556543827,0.537316382,0.48549515,-0.115398824,0.977611363,0.550327957,0.404031575,-0.138878629,0.432245672,0.549951613,0.402323872,0.09749122,0.933628917,0.555788636,0.372513622,-0.164159045,0.368920743,0.555682659,0.368002713,0.101982474,0.912933528,0.547481298,0.365338802,-0.147110403,0.367388546,0.546395302,0.361977458,0.0829923,0.913212061,0.542254865,0.37700671,-0.139102876,0.358813196,0.541014075,0.374489635,0.097143419,0.902054608,0.445151985,0.564152598,0.109251536,0.99952215,0.428991735,0.572269678,-0.109235369,0.999700308,0.501214385,0.700127065,0.181201205,0.576815426,0.48782295,0.75184989,-0.147126451,0.993603408,0.485301346,0.878400564,0.274803847,0.703323007,0.464398623,0.952473104,-0.142385989,0.99138552,0.468478054,0.902796328,0.281694949,0.669755578,0.450941265,0.971526265,-0.14287965,0.968256891,0.512905717,0.906443954,0.262778938,0.775500238,0.504260182,0.990473628,-0.191695571,0.983038008
1,0.561430335,0.507886946,-0.057874911,0.999984503,0.558404326,0.49174127,-0.045236863,0.999990046,0.55782038,0.491284817,-0.045254637,0.999992192,0.557007194,0.490742922,-0.045262676,0.999989629,0.556585968,0.492827386,-0.076314807,0.999988198,0.554948688,0.493053108,-0.076428741,0.999991536,0.553117156,0.493130118,-0.076427154,0.999989331,0.543924451,0.494141519,0.027830873,0.999993026,0.540083528,0.498277038,-0.111316957,0.999991357,0.55714643,0.523501456,-0.028617421,0.99998951,0.5546453,0.525534511,-0.068801731,0.999985576,0.520969212,0.57560885,0.126254648,0.999928713,0.509950042,0.60377413,-0.170595914,0.999961793,0.54768461,0.690422475,0.063031077,0.697824478,0.546791673,0.723678768,-0.109526455,0.981904149,0.555188239,0.624015808,-0.119559489,0.529315472,0.553162575,0.624085307,0.080324359,0.949083447,0.561999261,0.596961677,-0.142028958,0.403858036,0.559442818,0.595037222,0.08039736,0.908276439,0.552699029,0.588571489,-0.128790081,0.412411094,0.550891995,0.588142931,0.05951063,0.916217089,0.546161056,0.598091364,-0.12048737,0.420043886,0.54578954,0.596511126,0.078086473,0.910917342,0.435019791,0.734835505,0.103120193,0.999963939,0.420486867,0.764927447,-0.103062615,0.999986053,0.518903792,0.751395404,0.2342906,0.479212046,0.521205842,0.797499359,-0.172445461,0.994595289,0.47442922,0.861992419,0.350862265,0.52846396,0.466240078,0.945760369,-0.105858847,0.987505853,0.461491883,0.871635795,0.36345163,0.565809011,0.447431624,0.966457903,-0.097258821,0.974320889,0.506927609,0.900980115,0.381935894,0.687699676,0.50415504,0.98046875,-0.101360403,0.98037982
0,0.55900991,0.266819805,-0.064839542,0.99976182,0.555372894,0.250604659,-0.050636571,0.999834061,0.554758191,0.250444949,-0.050690316,0.999865115,0.553893924,0.250267208,-0.050714053,0.999847353,0.553627312,0.250714779,-0.08153066,0.999770999,0.551979601,0.250694692,-0.081605986,0.999815941,0.550083518,0.250728279,-0.081573121,0.999781132,0.54076159,0.255262166,0.023364881,0.999864101,0.536631942,0.257362068,-0.112979829,0.999844372,0.554921269,0.282996625,-0.035763413,0.999854326,0.552581429,0.283119023,-0.075431362,0.999815047,0.515417218,0.359805077,0.127783209,0.999646068,0.508628964,0.364195377,-0.181121379,0.999848425,0.539868474,0.482890695,0.052864481,0.584302187,0.539225996,0.496791005,-0.126746997,0.971234143,0.553506076,0.414797843,-0.13840273,0.448761404,0.552777648,0.414660603,0.075750984,0.916136384,0.560058355,0.384061307,-0.16418393,0.378278285,0.559091628,0.38089931,0.076269485,0.893523753,0.551961303,0.377244771,-0.148968786,0.37750262,0.55046618,0.373953849,0.056492142,0.89491266,0.546818018,0.38884005,-0.13890186,0.367203712,0.545433164,0.387479305,0.074465401,0.883324265,0.442326158,0.561800659,0.109582797,0.999541581,0.425771862,0.570506096,-0.109526969,0.999677062,0.507413983,0.702618599,0.182928577,0.566140115,0.48555392,0.751568854,-0.145117834,0.992498457,0.48732838,0.876029611,0.271501809,0.678257704,0.464095533,0.947933376,-0.132673904,0.989967227,0.47116822,0.899121881,0.277741462,0.642413855,0.451806724,0.973283708,-0.132432446,0.966652274,0.518814147,0.925107419,0.255500197,0.756496906,0.506464303,0.994217277,-0.182010785,0.981518924
1,0.559217036,0.486313999,-0.087514095,0.999970555,0.555950046,0.470056713,-0.075182974,0.999979436,0.555302978,0.469633937,-0.075194098,0.999984145,0.554436088,0.46919179,-0.075199567,0.999978423,0.554266095,0.471121728,-0.105307922,0.999975622,0.552656889,0.47143665,-0.10540469,0.999982536,0.550848424,0.471680224,-0.105386101,0.999976993,0.541063666,0.473192394,-0.001842841,0.999985814,0.537451386,0.47700721,-0.136582851,0.999980211,0.5552845,0.50092715,-0.058138363,0.999979377,0.553006649,0.502642214,-0.097080864,0.999972284,0.518526256,0.559770405,0.094139926,0.999898434,0.507705867,0.584759593,-0.188667253,0.999926269,0.54672724,0.671371341,0.044684209,0.690918028,0.546831131,0.703978777,-0.127770692,0.98001653,0.5540694,0.606445432,-0.139119372,0.526640296,0.552325666,0.604833066,0.066623583,0.948405027,0.560933471,0.578500807,-0.162256926,0.403466105,0.558708072,0.576303124,0.06539315,0.909432173,0.551729321,0.573631763,-0.150564104,0.414742649,0.55028069,0.572210968,0.044515911,0.916299343,0.545285463,0.585451841,-0.140659511,0.423991412,0.545127571,0.582237482,0.064204857,0.910049617,0.434548914,0.716547668,0.100364029,0.999911249,0.41671735,0.742419183,-0.100338064,0.999967694,0.517558634,0.749380827,0.234519005,0.507908225,0.516554475,0.790861845,-0.148636743,0.994688153,0.473712593,0.855522215,0.348893911,0.526239753,0.467069864,0.952975869,-0.08279673,0.991659224,0.458925068,0.870599449,0.361430645,0.563413918,0.448978901,0.968211174,-0.074581869,0.98209399,0.505472958,0.901162565,0.381585151,0.668866098,0.506317556,0.983721137,-0.080971956,0.984897852
0,0.551541746,0.247423634,-0.067325242,0.999845743,0.547919869,0.231101379,-0.053184904,0.999886394,0.547324717,0.231066138,-0.053218059,0.999910414,0.546525896,0.231053457,-0.053218443,0.999894619,0.546164155,0.232053161,-0.084550761,0.999852121,0.544531167,0.232506797,-0.08462923,0.99988693,0.542650044,0.232755065,-0.084613912,0.999864221,0.533994317,0.237411901,0.022142973,0.999894142,0.52936691,0.239565,-0.116758205,0.999898016,0.547976255,0.265071541,-0.037438832,0.999885678,0.545407414,0.264840364,-0.077896468,0.999873996,0.510346591,0.341309577,0.132593229,0.999657393,0.504632413,0.348109275,-0.183489963,0.999892414,0.539039373,0.461810529,0.049629852,0.547976017,0.539622188,0.47660625,-0.121918812,0.972935259,0.551019549,0.39731878,-0.14900215,0.427963227,0.551075995,0.393144488,0.091285683,0.923304379,0.555963099,0.363883972,-0.172665805,0.360413224,0.555811286,0.358593464,0.096178524,0.902896047,0.548040867,0.357975543,-0.155140907,0.358893722,0.547224522,0.352583826,0.077520177,0.903761029,0.543388069,0.370195717,-0.14891094,0.348126978,0.542813838,0.364019603,0.091105953,0.889700949,0.444009393,0.555495977,0.108903348,0.999579489,0.429263175,0.563964963,-0.108913183,0.999796748,0.493051589,0.703823507,0.211280137,0.594176054,0.481156051,0.748563468,-0.135479212,0.994899869,0.485019624,0.871658087,0.322786689,0.708572984,0.462846905,0.949391484,-0.131538317,0.992470801,0.470738888,0.897900462,0.331176907,0.656706572,0.449460357,0.970296562,-0.134380966,0.969290793,0.519828379,0.891113341,0.310215354,0.789486468,0.506385684,0.989557922,-0.198267385,0.985756457
1,0.561661541,0.49098286,-0.07219547,0.999980867,0.557258248,0.473354429,-0.05829652,0.999987066,0.556501925,0.472859621,-0.058306146,0.999990165,0.555568337,0.472247452,-0.058298975,0.999986827,0.555794954,0.474909157,-0.089495063,0.999985158,0.554166496,0.475552589,-0.089599393,0.999989748,0.552279532,0.476060778,-0.089585967,0.999986589,0.543340921,0.478536218,0.017013784,0.999992251,0.53929913,0.482589394,-0.122201659,0.99998939,0.558428347,0.506751776,-0.042425685,0.999987602,0.555988491,0.509148896,-0.08261621,0.999981999,0.520245016,0.56607753,0.113923408,0.99991858,0.510307968,0.594555974,-0.18135348,0.999949336,0.548257768,0.683540881,0.063077919,0.682898045,0.54761523,0.714385748,-0.119228125,0.980797887,0.555797458,0.616877973,-0.103622913,0.513065398,0.554481447,0.61521858,0.082612939,0.950190127,0.562450767,0.589501202,-0.123002455,0.394019812,0.56038481,0.586592913,0.082634807,0.913812935,0.553569734,0.580452919,-0.111797333,0.405440629,0.55249089,0.579048395,0.063812107,0.920276463,0.547426581,0.590849936,-0.104908563,0.412431419,0.54762882,0.587037146,0.080881096,0.915094793,0.432856947,0.72657007,0.10502883,0.999940813,0.418522835,0.752120793,-0.104957327,0.999980628,0.514953971,0.755133927,0.229483366,0.475941628,0.516198277,0.795254111,-0.142377675,0.995459199,0.472537458,0.871491671,0.331670374,0.557391167,0.465455711,0.948904514,-0.06782867,0.990935922,0.45999369,0.91898191,0.342716306,0.597191632,0.44790253,0.969914019,-0.058095068,0.980617404,0.503139615,0.93606621,0.356974423,0.696524501,0.503861547,0.98712182,-0.059984535,0.984376192
0,0.551688552,0.246520832,-0.082669124,0.999852598,0.548568904,0.229996219,-0.068608299,0.999888539,0.547983944,0.229773313,-0.068614915,0.999911785,0.547215343,0.229548052,-0.068583623,0.999892473,0.546710372,0.23067303,-0.098737434,0.999858677,0.544991851,0.230647355,-0.098817743,0.999891758,0.543077707,0.230439693,-0.098799698,0.999866605,0.534907281,0.23405239,0.010050082,0.999891579,0.530007422,0.235982731,-0.127349228,0.99989903,0.547953427,0.263847291,-0.051781423,0.999887466,0.545300782,0.26360485,-0.091279894,0.999878168,0.509711683,0.334672511,0.121612206,0.999683499,0.505803168,0.343254626,-0.191081062,0.999885976,0.539672971,0.453478992,0.035499834,0.547417104,0.540347338,0.473835796,-0.130409628,0.973965287,0.552880406,0.386827201,-0.167917997,0.444916964,0.552713156,0.387058228,0.07672476,0.930639207,0.558122993,0.355707437,-0.19286713,0.375804782,0.557701707,0.353322059,0.079109475,0.911082625,0.550722957,0.347779602,-0.176742896,0.374790668,0.548967481,0.346200317,0.059517335,0.911840379,0.545883417,0.358475447,-0.168407649,0.365148813,0.544508338,0.355493963,0.075907513,0.897669375,0.445157766,0.551917434,0.107443288,0.999598503,0.429903895,0.562305808,-0.107484758,0.999789298,0.495196491,0.69506073,0.228455737,0.629511535,0.480920613,0.747003257,-0.132311434,0.995373845,0.48570171,0.86015594,0.357317358,0.735539854,0.461310714,0.946916819,-0.135839149,0.993411005,0.470524877,0.871018231,0.36748302,0.682863176,0.448322207,0.969535232,-0.139327332,0.972103596,0.517089069,0.885335565,0.348312348,0.810536563,0.504681468,0.987193525,-0.206072882,0.986929595
1,0.557924926,0.504589438,-0.069925934,0.999966681,0.55503875,0.488251567,-0.056447096,0.999977887,0.554393828,0.487688243,-0.056476932,0.999982178,0.553571761,0.487024486,-0.056489188,0.999978006,0.553451538,0.488986194,-0.087957487,0.999974728,0.551925182,0.48892805,-0.088058338,0.999981344,0.550204992,0.488704652,-0.088039644,0.999977291,0.540348709,0.489739269,0.017010901,0.999986649,0.537083209,0.493525922,-0.123678006,0.999981701,0.553405404,0.520634711,-0.040494166,0.999978483,0.5511235,0.522042096,-0.08108069,0.999969244,0.517369509,0.572043419,0.113717332,0.999895453,0.50725472,0.59923929,-0.181073397,0.999931037,0.546767116,0.684504688,0.068725824,0.635666072,0.547438204,0.719608724,-0.122631155,0.979027987,0.553777695,0.618744433,-0.101300254,0.483146608,0.551445067,0.618050396,0.070454225,0.946122468,0.561292112,0.591029346,-0.122453228,0.384399593,0.558664203,0.588734925,0.068732359,0.909901857,0.552071393,0.582493901,-0.111532129,0.39576456,0.549456716,0.582578242,0.049693901,0.917099178,0.54526782,0.594159067,-0.102777027,0.405524731,0.543751001,0.592364907,0.068500504,0.912783027,0.430165946,0.727937818,0.104474567,0.999945223,0.416780621,0.757747471,-0.104383662,0.99997592,0.51354152,0.759621322,0.22419183,0.473652691,0.516158938,0.791812658,-0.148225293,0.993535936,0.473478615,0.875699937,0.331377864,0.546181858,0.467115104,0.945289671,-0.080075674,0.988054335,0.463279188,0.917380273,0.343095183,0.588739395,0.448985338,0.967897654,-0.071240321,0.975718021,0.506734014,0.927911878,0.360059768,0.687127113,0.505010128,0.983207703,-0.074553199,0.979889214
0,0.552072763,0.256363094,-0.081643641,0.999774873,0.548443198,0.23835288,-0.067933708,0.999838233,0.547550321,0.238032937,-0.067985542,0.999872684,0.546417892,0.23758854,-0.067997292,0.999852061,0.54714334,0.237900093,-0.099593483,0.999786735,0.545542538,0.237287611,-0.099653855,0.999830008,0.543753505,0.236625478,-0.099642277,0.999793231,0.533623815,0.241470292,0.007200161,0.9998613,0.530905247,0.240738422,-0.133111387,0.999839008,0.547239304,0.273129791,-0.051588319,0.999853194,0.545063198,0.272118986,-0.092530921,0.999824882,0.507643104,0.341445416,0.119379565,0.999695301,0.503345847,0.348357022,-0.19797793,0.999850929,0.536485255,0.466051906,0.034875683,0.595264316,0.534780264,0.484325141,-0.142422467,0.978986859,0.55191052,0.40393731,-0.184305087,0.507452071,0.550055861,0.405390054,0.050240688,0.945368707,0.558264315,0.371360391,-0.213448808,0.438655198,0.556494236,0.370070815,0.049656425,0.927607059,0.551161885,0.364093453,-0.197976738,0.43827638,0.548293471,0.36296761,0.030208215,0.929121673,0.545526028,0.375827253,-0.185388327,0.426969647,0.542247713,0.375037819,0.049276497,0.915960848,0.443329751,0.553829372,0.11036104,0.999572515,0.427953869,0.565005541,-0.110365495,0.999727905,0.495044172,0.702144265,0.229827851,0.601547599,0.482206672,0.749434412,-0.139969423,0.994680405,0.489470571,0.862049282,0.362915695,0.698119462,0.463870108,0.949133396,-0.134406358,0.99311161,0.47439152,0.886851668,0.373434931,0.668920875,0.451557457,0.972417474,-0.137123063,0.974756479,0.520040214,0.886550486,0.352928132,0.778798282,0.506820142,0.988630772,-0.199554682,0.986257434
1,0.556941628,0.516908705,-0.046863664,0.999985993,0.554284513,0.50188601,-0.033109646,0.999991059,0.55369544,0.501282394,-0.033133946,0.999992609,0.552977979,0.500554979,-0.033144146,0.999990702,0.55262804,0.502122819,-0.064346477,0.99998951,0.55106467,0.5018332,-0.064457245,0.999992251,0.549277902,0.501482248,-0.06444478,0.999990463,0.539876282,0.502414167,0.039364446,0.999993086,0.536407948,0.505578101,-0.099760726,0.999991477,0.552755952,0.532028615,-0.018079966,0.999989748,0.550443292,0.533062339,-0.058257334,0.999986112,0.516194701,0.581876934,0.135310158,0.9999336,0.50622499,0.609138072,-0.162568077,0.999966145,0.543560565,0.696599007,0.078204155,0.691529632,0.545294166,0.729579151,-0.104527988,0.98324734,0.552430093,0.629992306,-0.096268401,0.570426881,0.549772322,0.62881434,0.091660753,0.953785956,0.559934258,0.603366494,-0.117206253,0.448577464,0.556852698,0.600102007,0.093235746,0.91590488,0.550396681,0.596655846,-0.10426797,0.457080781,0.548046708,0.593386233,0.074198715,0.923082709,0.544032216,0.606612563,-0.097086921,0.461874694,0.54288429,0.601915598,0.090395287,0.918813944,0.434022576,0.744428098,0.102729931,0.999968827,0.418627173,0.77422297,-0.102647483,0.999989629,0.516735911,0.750038981,0.219248772,0.458844721,0.521038413,0.795474827,-0.181978762,0.994036853,0.474501997,0.860836864,0.317311108,0.517634213,0.466110885,0.943602681,-0.12605311,0.985996425,0.462079912,0.87248534,0.327966988,0.555807471,0.447603792,0.967514217,-0.119988464,0.973114252,0.507835805,0.903628886,0.347633183,0.686723292,0.50474757,0.980473816,-0.111191191,0.979440391
0,0.550089836,0.252832949,-0.069113836,0.999831736,0.545913339,0.235007644,-0.055367332,0.99987191,0.544906437,0.234710053,-0.055410951,0.999899447,0.543707967,0.234104216,-0.05541829,0.999879181,0.54482156,0.235041171,-0.087362826,0.999838769,0.543262005,0.234792262,-0.087425694,0.999877214,0.541488945,0.234146282,-0.087424338,0.999853849,0.530801415,0.240228012,0.018937735,0.999880075,0.528008819,0.239867777,-0.122385405,0.999884725,0.545433104,0.269866019,-0.039550848,0.999873698,0.543449938,0.26903674,-0.080798618,0.999865949,0.506079316,0.343829483,0.129633978,0.999690831,0.504701793,0.349675834,-0.191618815,0.999904871,0.54096055,0.454394192,0.039773427,0.540042222,0.542281866,0.475258857,-0.137813941,0.980367661,0.552175581,0.40004158,-0.182061374,0.44974643,0.550192952,0.402113646,0.058187388,0.94604677,0.556954443,0.365411729,-0.210518569,0.38949576,0.555221677,0.365117908,0.059106775,0.927319348,0.549895227,0.357697964,-0.1933676,0.391311765,0.546744466,0.358285606,0.041626029,0.929484069,0.54523468,0.370415747,-0.182815522,0.383732289,0.541793287,0.370862752,0.058036365,0.917203367,0.447418362,0.562703371,0.109432355,0.999645352,0.43503809,0.573385119,-0.109400712,0.999859154,0.498399734,0.710959554,0.214251831,0.620158553,0.489489406,0.75254637,-0.133256257,0.995785177,0.491255283,0.879633904,0.327634305,0.714979827,0.465589374,0.95037806,-0.119700447,0.994670153,0.470277965,0.909196913,0.336482465,0.684189796,0.452685744,0.970302939,-0.120945178,0.979234099,0.520752847,0.903590083,0.331381768,0.795220256,0.507397532,0.989090145,-0.182633236,0.989397287
1,0.504885912,0.399347663,-0.276137054,0.999943078,0.512952387,0.385066539,-0.257899106,0.999872267,0.517319083,0.385624468,-0.257938385,0.999907315,0.52093339,0.386727571,-0.258018374,0.999829352,0.49939996,0.384381175,-0.256504327,0.999850512,0.495808423,0.384688318,-0.256554693,0.999890864,0.492802471,0.385359794,-0.256569207,0.999807119,0.528151631,0.396362275,-0.16328463,0.999848545,0.48836121,0.394905418,-0.15530248,0.999821305,0.513750851,0.423717499,-0.242061853,0.999941647,0.49751702,0.41910848,-0.239940733,0.999932468,0.559128881,0.503714561,-0.122873865,0.99914068,0.458703339,0.503704131,-0.112932891,0.999402463,0.559539139,0.650996864,-0.27415362,0.978484571,0.459952414,0.646867931,-0.256143987,0.958210945,0.52551657,0.555538356,-0.450101465,0.974494338,0.493074328,0.555004239,-0.437523633,0.956415772,0.520888865,0.527712345,-0.485313296,0.943188727,0.494590074,0.522419393,-0.47508952,0.911290288,0.523336589,0.516231835,-0.464276344,0.932930112,0.491836876,0.514437556,-0.457607478,0.888789773,0.524215996,0.524316847,-0.445252866,0.87350589,0.49248302,0.522750437,-0.434381276,0.807162285,0.535413682,0.677509785,-0.00294965,0.999412239,0.479215413,0.680644393,0.003117786,0.99964118,0.581018567,0.696186781,-0.333716094,0.990320265,0.432529926,0.703586936,-0.336769283,0.989716828,0.559294522,0.857926667,-0.151049584,0.977607369,0.45230633,0.865007102,-0.153112605,0.990940154,0.547448516,0.881073833,-0.138229817,0.92652601,0.460101247,0.890322328,-0.140246063,0.952317357,0.573804855,0.920115471,-0.25756067,0.962924838,0.432584345,0.923209012,-0.259010285,0.977030039
0,0.509876847,0.080814853,-0.086483568,0.99988848,0.51745677,0.064695008,-0.067563824,0.999802411,0.52112031,0.065600052,-0.067595102,0.99979049,0.524031401,0.067000456,-0.067622691,0.99979502,0.504247367,0.063988149,-0.06691435,0.999751449,0.500220597,0.064176366,-0.066919975,0.999702096,0.49624601,0.064829312,-0.066889212,0.999691606,0.531243384,0.080726288,0.04400339,0.999674678,0.491064101,0.078879401,0.047373187,0.999501348,0.518191516,0.10521806,-0.043803737,0.999689698,0.50317359,0.103162512,-0.043085165,0.999630094,0.56151551,0.18988809,0.077535152,0.999514401,0.464040875,0.190226629,0.071434453,0.999588311,0.559465408,0.32396391,-0.052517179,0.963693619,0.466558874,0.321497887,-0.062734023,0.936643958,0.530075133,0.225192055,-0.190121457,0.970518708,0.496024936,0.211417854,-0.219157234,0.950301349,0.525194287,0.198563278,-0.226893231,0.934179246,0.499672025,0.187532127,-0.258264631,0.897087157,0.526948154,0.187525421,-0.217106044,0.92931807,0.49641639,0.176017091,-0.251193583,0.884593189,0.527693152,0.195687249,-0.190445572,0.898586333,0.496421635,0.184825599,-0.221444115,0.843101144,0.539111555,0.465289801,0.008013787,0.999689281,0.479267448,0.463182151,-0.007943147,0.999766946,0.547722876,0.672692716,0.021036327,0.99484992,0.468244225,0.671467006,-0.006026624,0.996276438,0.55945003,0.86004138,0.182278663,0.992672384,0.45282793,0.860812962,0.147058249,0.995419025,0.553247511,0.882737994,0.192128971,0.927400827,0.459485024,0.883302927,0.154628724,0.909722209,0.573599994,0.92424494,0.060575332,0.986553311,0.440418899,0.920067728,0.018834453,0.989343345
1,0.504274726,0.40007627,-0.283878684,0.999955297,0.511915267,0.385911435,-0.265192866,0.999899268,0.51623863,0.386559933,-0.265234888,0.999928534,0.519830167,0.387529969,-0.265308261,0.999860823,0.498856753,0.385399163,-0.263966084,0.999879837,0.495375037,0.385723174,-0.264027536,0.999915004,0.492254704,0.386094689,-0.264033705,0.999842286,0.526798129,0.398451865,-0.165962979,0.999883413,0.487945378,0.395486265,-0.15979065,0.999852657,0.512251258,0.422341853,-0.247964144,0.999952614,0.496668339,0.420160592,-0.246403113,0.999945819,0.55790484,0.502200186,-0.121963926,0.99923712,0.457266062,0.503613651,-0.112781651,0.999406099,0.557330012,0.649722278,-0.266852051,0.978903413,0.457443655,0.655169487,-0.251324058,0.958446383,0.524047017,0.555784166,-0.444924295,0.974386334,0.491840303,0.555531681,-0.437959403,0.955431581,0.519224465,0.529346287,-0.48081246,0.942498803,0.494547188,0.521711648,-0.475821167,0.909101427,0.521201789,0.517826259,-0.460213274,0.931850791,0.491652936,0.513581693,-0.458231777,0.88539207,0.522373319,0.525449634,-0.440028548,0.867464662,0.492042929,0.522436857,-0.434640199,0.794643462,0.534234941,0.67460525,-0.002521713,0.999535382,0.478324741,0.677143037,0.002667386,0.999688327,0.579974115,0.694007754,-0.352130264,0.990989923,0.432855219,0.708708465,-0.354844302,0.990034401,0.559858024,0.85967803,-0.15913865,0.980248094,0.45187977,0.863433301,-0.161375105,0.991577804,0.549053788,0.88056308,-0.14508383,0.93166554,0.459266633,0.883902133,-0.14758262,0.949719012,0.573410034,0.917831182,-0.265148163,0.967825592,0.435389906,0.921845436,-0.271490633,0.978606939
0,0.507573009,0.080338046,-0.078563996,0.999854684,0.514989436,0.064472511,-0.060801812,0.999730706,0.518814027,0.065319717,-0.060839791,0.999714136,0.521472096,0.066689476,-0.060882594,0.999725938,0.502056718,0.063759513,-0.058825888,0.999671876,0.498148978,0.06396991,-0.058829449,0.999595463,0.494063288,0.064589433,-0.058799565,0.999592841,0.528645396,0.079679571,0.0457744,0.999572098,0.489099443,0.078335136,0.055761762,0.999318182,0.51589483,0.103961758,-0.037564952,0.999542356,0.500890136,0.101969421,-0.034948263,0.999458194,0.560617268,0.18911241,0.07694599,0.999402046,0.461715072,0.18883729,0.076436661,0.999537945,0.556863844,0.325963855,-0.048112173,0.95827806,0.46525389,0.317575037,-0.055015605,0.926252365,0.527173221,0.221316889,-0.168782637,0.964247346,0.495383322,0.205670789,-0.200660273,0.941208005,0.521950543,0.194804475,-0.202711076,0.921374559,0.498455912,0.180361077,-0.238365158,0.879544318,0.524265051,0.183426827,-0.192981586,0.915782511,0.494784474,0.168984264,-0.230001494,0.865481794,0.525011778,0.192577213,-0.168744043,0.883162558,0.494835764,0.179340154,-0.202464998,0.822598279,0.536677659,0.464805871,0.005832036,0.999619126,0.476280034,0.461728394,-0.005738597,0.999724805,0.54766351,0.673064947,0.01458612,0.994781196,0.465405881,0.673726022,-0.006588912,0.996251225,0.560244203,0.861989737,0.165601164,0.992948234,0.452218175,0.865687788,0.139371157,0.995557845,0.55352205,0.887745857,0.174443468,0.920175731,0.459243149,0.892015159,0.1462235,0.904327571,0.575514555,0.924148023,0.045245986,0.986762524,0.435745209,0.924572229,0.011965049,0.989320338
1,0.504885495,0.425340742,-0.289106965,0.999946833,0.512329459,0.41252625,-0.270242751,0.999876201,0.51631397,0.413155198,-0.270283818,0.999910653,0.519836545,0.413875043,-0.270361394,0.999828935,0.499615967,0.411277741,-0.270067304,0.999856532,0.495909691,0.411199003,-0.270125896,0.999898136,0.492943853,0.411119372,-0.270132959,0.999815643,0.52686429,0.423037887,-0.171257555,0.999851346,0.4894467,0.41920495,-0.169358805,0.999841571,0.51270926,0.445426285,-0.253202766,0.999944568,0.497432411,0.44256267,-0.252861679,0.999938548,0.557542741,0.523977399,-0.126977399,0.999149501,0.457852244,0.523638725,-0.124032483,0.999472618,0.557841241,0.669895709,-0.280126572,0.97642839,0.456467897,0.674640954,-0.261089623,0.966369331,0.524155676,0.5752635,-0.473365039,0.972191155,0.490936339,0.57774353,-0.445552438,0.964219391,0.519666135,0.5485847,-0.512060523,0.937749743,0.49333927,0.544343412,-0.483930022,0.923328817,0.521914601,0.538717449,-0.489923179,0.925572395,0.490499139,0.537743807,-0.467778206,0.901959836,0.523257017,0.546099544,-0.468719482,0.856234074,0.491228312,0.545740485,-0.442855418,0.819082439,0.534943163,0.691550612,-0.002262253,0.999483287,0.478948414,0.695456147,0.00242126,0.999685824,0.582180738,0.694471836,-0.342716545,0.989483714,0.431934148,0.701835334,-0.353045642,0.988913238,0.559907556,0.860245347,-0.161216572,0.977818847,0.452076763,0.864051163,-0.164761081,0.99092257,0.548102677,0.88220638,-0.147820532,0.928583264,0.45996508,0.888262272,-0.15140219,0.948272586,0.573971391,0.919777751,-0.263826877,0.965996623,0.433581471,0.922645628,-0.273978889,0.978224516
0,0.50822264,0.082661696,-0.086564265,0.999887645,0.515750468,0.065916322,-0.067552261,0.999794006,0.519540489,0.066748708,-0.067588829,0.999781311,0.52220732,0.068188936,-0.067622863,0.9997859,0.502642095,0.065236494,-0.067006364,0.999746501,0.498675168,0.065446787,-0.067013025,0.999690652,0.4945122,0.066101894,-0.066985399,0.999687076,0.529021382,0.08157336,0.045087703,0.999667943,0.489757389,0.07965406,0.048324589,0.999494076,0.5163849,0.107073806,-0.043375138,0.99967891,0.501558542,0.105024613,-0.042690612,0.999624491,0.55966717,0.191411108,0.08143346,0.99954015,0.46253112,0.190915614,0.073140644,0.999598742,0.557141125,0.329213619,-0.046978671,0.962863982,0.464301467,0.321166843,-0.0558368,0.937817037,0.528653562,0.229354843,-0.187975466,0.968983591,0.495040506,0.213349372,-0.208690092,0.95157522,0.524281204,0.201942191,-0.225179747,0.930479884,0.498909354,0.188969061,-0.247657254,0.897918761,0.526104867,0.190665081,-0.215869099,0.925695956,0.495702058,0.176883802,-0.24021998,0.885563195,0.526253343,0.198813707,-0.188689992,0.894009054,0.495552748,0.186219677,-0.210622057,0.843737423,0.538186371,0.464073986,0.006450302,0.999587655,0.478546113,0.461301059,-0.00634391,0.999694467,0.548279226,0.672998548,0.015239413,0.994987011,0.466308296,0.673905075,-0.007746422,0.996370375,0.560625494,0.860775292,0.167292222,0.993012488,0.452279061,0.86440444,0.141490221,0.995577395,0.553977311,0.885360301,0.174829081,0.92426753,0.459804416,0.889265358,0.148439929,0.90988028,0.576430082,0.92353791,0.043033,0.987175047,0.438335687,0.924586117,0.010589491,0.989496112
1,0.504335046,0.417541593,-0.294032127,0.999946654,0.511683524,0.404097021,-0.274930328,0.999876738,0.515659571,0.404533029,-0.274970084,0.999907494,0.519174933,0.405232131,-0.275044888,0.999827981,0.499189228,0.403079689,-0.2745758,0.999861598,0.495532721,0.402940214,-0.274635643,0.999897897,0.49262324,0.402972728,-0.274643451,0.999828696,0.526297569,0.413971215,-0.175444633,0.999846578,0.488805175,0.411371261,-0.173312932,0.999838591,0.512148619,0.437796772,-0.258171409,0.999929547,0.496757686,0.4353441,-0.257687688,0.999925077,0.556902945,0.515933514,-0.130642071,0.999138534,0.457297385,0.517957866,-0.126533255,0.999458075,0.557667434,0.664555907,-0.277849019,0.974415481,0.454762012,0.669166923,-0.260922283,0.965892613,0.521468043,0.566847444,-0.457942456,0.966056705,0.490709215,0.571662545,-0.436435223,0.959478021,0.514990985,0.542132914,-0.494461089,0.924745023,0.49322176,0.539167106,-0.473269343,0.911597133,0.517353058,0.531445861,-0.471549481,0.910418034,0.490557253,0.5311777,-0.455471218,0.887642086,0.519963622,0.539116442,-0.452351451,0.829645753,0.491253525,0.539024532,-0.432701945,0.79681766,0.53519243,0.682463348,-0.002430422,0.999509096,0.478671491,0.684795141,0.002592322,0.999686599,0.582947731,0.691137135,-0.344261914,0.989821553,0.432610095,0.705889285,-0.352225661,0.989384115,0.559925795,0.861068726,-0.164029196,0.97989732,0.451648802,0.864374816,-0.165436134,0.991519213,0.549198449,0.881149173,-0.151482046,0.923086643,0.459640682,0.88663435,-0.152418286,0.943773866,0.573621392,0.918597102,-0.272072166,0.968403041,0.435805351,0.921739459,-0.27352041,0.979486227
0,0.505074799,0.07817398,-0.095291771,0.999896169,0.51228106,0.0633552,-0.077212147,0.999810159,0.515978158,0.064024299,-0.07725051,0.999798179,0.518603861,0.065070085,-0.0772857,0.999799311,0.499758869,0.062748946,-0.076508425,0.999761283,0.495905817,0.06297037,-0.076509565,0.999707997,0.492157519,0.063552447,-0.076469414,0.999698579,0.52564466,0.078376852,0.035036199,0.999691367,0.486456007,0.077438645,0.039011024,0.999497712,0.513320982,0.102480948,-0.051835526,0.999714673,0.498500466,0.099889681,-0.050985523,0.99965322,0.557047069,0.188278362,0.074846201,0.999519467,0.459428281,0.188327923,0.071986213,0.999596953,0.556731641,0.328214109,-0.044896532,0.962688982,0.461249799,0.317284673,-0.052734688,0.933722973,0.528407931,0.231803387,-0.183154061,0.968277693,0.492357939,0.21117796,-0.212136924,0.946422637,0.523904741,0.204445437,-0.219305515,0.928697884,0.496201605,0.185368896,-0.251614392,0.888139367,0.525235355,0.192423657,-0.211593762,0.923200071,0.492810935,0.174115732,-0.244788989,0.873537004,0.525358617,0.200072348,-0.184058458,0.8906883,0.492758185,0.183632582,-0.21443437,0.829358935,0.535197556,0.465830356,0.005242127,0.999680161,0.475383431,0.463093162,-0.005159399,0.999769628,0.546073377,0.673688233,0.020885454,0.994643986,0.464891732,0.674512148,-0.002764809,0.996584773,0.560489297,0.859778881,0.17718266,0.992767155,0.452373594,0.86477828,0.148933366,0.995769739,0.554346025,0.881380916,0.185026228,0.926158249,0.46016416,0.888309479,0.156363696,0.917299211,0.574660242,0.92408365,0.052913211,0.986788213,0.436192542,0.924742341,0.020562459,0.989961922
1,0.570356607,0.445581287,-0.055530705,0.999674201,0.562325656,0.427708745,-0.040534191,0.999796212,0.561126649,0.427371204,-0.040553767,0.999833584,0.559709251,0.426890045,-0.040580884,0.999839246,0.560409248,0.429886967,-0.081546552,0.999765694,0.557787716,0.431299746,-0.081702963,0.999822915,0.554729164,0.432687968,-0.081722841,0.999815881,0.540010631,0.442756087,0.044884365,0.999895275,0.534836352,0.44734624,-0.135801941,0.999866247,0.565650761,0.468985945,-0.021434641,0.999793649,0.562947512,0.470685959,-0.073869519,0.999748707,0.505896628,0.571861207,0.173823088,0.998907864,0.500971735,0.599529624,-0.227434099,0.999732375,0.530323565,0.752417147,0.119170167,0.429714441,0.537898064,0.791236699,-0.114796273,0.971561313,0.561630368,0.659945071,-0.065246068,0.314199924,0.564968467,0.653869092,0.17962186,0.928277135,0.575037837,0.624440789,-0.080160506,0.264471412,0.575401843,0.618751228,0.188426659,0.882829607,0.562921405,0.611603916,-0.063263334,0.265882999,0.563453317,0.604814649,0.171639174,0.885714769,0.553740621,0.621964812,-0.065161876,0.27388072,0.556701601,0.613422453,0.1811786,0.884803057,0.392136186,0.806521058,0.131812379,0.999239326,0.366837174,0.841556549,-0.131486371,0.999324739,0.516937375,0.813268423,0.221361354,0.204856128,0.521165311,0.879911184,-0.178831235,0.954320669,0.440695018,0.956319392,0.316733241,0.145554796,0.465328783,1.079005837,-0.089038819,0.820372999,0.421258003,0.966801524,0.328251541,0.210922211,0.43347916,1.098775506,-0.074940719,0.830735862,0.458173186,0.99196732,0.349029958,0.259975106,0.521466434,1.141478539,-0.071231015,0.792497218
0,0.513719976,0.026128858,-0.107007548,0.999523282,0.506893516,0.005208056,-0.09395282,0.999580324,0.50641191,0.004658523,-0.093969658,0.999577343,0.505714953,0.004335544,-0.094008848,0.999608278,0.503093243,0.00577318,-0.134058997,0.999555886,0.500003219,0.005790432,-0.134031504,0.999606371,0.496632576,0.00655352,-0.134045109,0.999620199,0.488304704,0.017549008,-0.00177199,0.999576271,0.480896175,0.02399285,-0.183098093,0.999786019,0.511744142,0.049083818,-0.06662073,0.999601185,0.507516861,0.050673738,-0.118901744,0.999613881,0.473907918,0.165022805,0.14652203,0.998099923,0.483293504,0.176309809,-0.25598678,0.999721587,0.528059006,0.330099314,0.044421729,0.168458372,0.544050336,0.342552602,-0.189845562,0.941067696,0.547803938,0.216052175,-0.219805971,0.20215936,0.548980892,0.204468325,0.088996805,0.832711458,0.553269923,0.18757318,-0.253713995,0.209221721,0.551473618,0.170147657,0.09912087,0.774780452,0.543209314,0.175381377,-0.235232592,0.207928956,0.540476859,0.164523602,0.082749434,0.763590455,0.537563682,0.19159317,-0.222977936,0.206730321,0.535245717,0.182789564,0.091635533,0.751788557,0.478923708,0.538626134,0.113384537,0.994663358,0.483420223,0.550420105,-0.113522977,0.994796038,0.477862924,0.791160107,0.26059866,0.255659729,0.473913044,0.831368685,-0.004023199,0.83765471,0.452676892,0.962823391,0.404084712,0.226608574,0.448122144,1.037350416,0.112617403,0.663690329,0.439593047,0.983346641,0.41456458,0.314726174,0.428206712,1.106595993,0.122658022,0.680807889,0.502325356,1.03537488,0.371265978,0.309861571,0.504915178,1.122930527,0.047451127,0.582941413
1,0.577456653,0.476143271,-0.053425591,0.99971056,0.571929693,0.45542717,-0.038116299,0.999790549,0.570958436,0.455106199,-0.038115021,0.999825716,0.56965512,0.454782486,-0.038115423,0.999836206,0.568963885,0.459075928,-0.08101099,0.999740601,0.566147089,0.461119801,-0.081179596,0.999797285,0.562875688,0.463101596,-0.081176594,0.999791145,0.548551261,0.466772556,0.051951516,0.999884307,0.542333066,0.47602132,-0.139112204,0.999847829,0.572428465,0.500640512,-0.017347228,0.999772251,0.568692207,0.503673851,-0.072331622,0.999714077,0.508980453,0.58297962,0.190168336,0.999248683,0.510112405,0.618255198,-0.230037421,0.99973166,0.539214075,0.771654189,0.140203804,0.456000686,0.546893716,0.810220957,-0.117197394,0.968397021,0.569369555,0.682469487,-0.033407643,0.348572791,0.567880392,0.667603314,0.197831377,0.912254155,0.582096219,0.645682514,-0.045648482,0.286005318,0.579692006,0.63599813,0.208540469,0.857752264,0.571344674,0.63054055,-0.031942885,0.287816852,0.56907326,0.622734249,0.191925153,0.860692263,0.561582923,0.639756501,-0.034966361,0.29442063,0.561618626,0.629682362,0.200038567,0.862660885,0.386186808,0.823676646,0.136802658,0.999094188,0.368102968,0.856999695,-0.136496469,0.999073863,0.500619471,0.847577333,0.220320001,0.1917945,0.527102888,0.889421999,-0.201033637,0.95038569,0.421484411,0.950832665,0.310551763,0.134914994,0.451424092,1.081474781,-0.079623982,0.824149847,0.400345981,0.959030926,0.321576238,0.201355055,0.416625321,1.094749093,-0.062312055,0.837118804,0.431308597,0.98876965,0.355634362,0.239865974,0.493559241,1.15694809,-0.036888026,0.79129988
1,0.572986186,0.465783119,-0.056948788,0.999680936,0.566552877,0.443744808,-0.042399649,0.999788165,0.565453768,0.443342507,-0.042401783,0.99983263,0.564007998,0.442905605,-0.042411342,0.99983263,0.563938975,0.447060943,-0.085403129,0.999746621,0.561245978,0.448790938,-0.085571542,0.999816537,0.558151662,0.450365901,-0.085585095,0.999800801,0.543006063,0.454130739,0.046427034,0.999893367,0.538070679,0.461960286,-0.144218668,0.999858618,0.568288743,0.4900949,-0.020809317,0.999788642,0.56455487,0.492842436,-0.075687647,0.999739826,0.502191901,0.576217055,0.184641927,0.99907887,0.505153,0.606946826,-0.233926982,0.999701977,0.530987263,0.765623093,0.129207477,0.460650682,0.543408275,0.800188601,-0.120346464,0.967926502,0.562172592,0.670951486,-0.054409105,0.341712594,0.56550771,0.653409779,0.186437786,0.919407487,0.573873818,0.63629657,-0.066843376,0.276441276,0.576424479,0.621210873,0.196723253,0.866691589,0.562418222,0.626934588,-0.051915586,0.277510762,0.565971971,0.611594737,0.17965892,0.869524717,0.55449307,0.636490583,-0.055840515,0.283018589,0.558940589,0.619076312,0.188281327,0.870902359,0.38219896,0.819605172,0.137384817,0.999107718,0.364686668,0.848673344,-0.137046725,0.999181747,0.499881208,0.840646982,0.183653936,0.206467047,0.522890151,0.889364123,-0.178063959,0.953222096,0.41433093,0.949631095,0.247998893,0.143466458,0.454805642,1.110011816,-0.061279397,0.83915782,0.392217934,0.959601939,0.256896168,0.209313348,0.414719731,1.118836999,-0.045524929,0.848522604,0.422045738,0.990409017,0.280734926,0.24582316,0.495432824,1.185867667,-0.032036394,0.80268532
0,0.517510831,0.018474519,-0.103236191,0.999406993,0.508990169,-0.001882548,-0.091072924,0.999465704,0.50848335,-0.002216647,-0.091082796,0.99948591,0.507769108,-0.002072525,-0.091130085,0.999525666,0.505717814,0.000518311,-0.130699053,0.999461174,0.503015578,0.001604976,-0.1306732,0.999558985,0.499979407,0.003256481,-0.130684331,0.999577641,0.489747643,0.016712708,-0.003866265,0.999522269,0.484847635,0.023048125,-0.178801864,0.999748945,0.516806006,0.043820385,-0.06553904,0.999478579,0.512965143,0.045974232,-0.11616306,0.999530315,0.475585848,0.169745415,0.132739916,0.997543752,0.490254492,0.17709142,-0.249836043,0.999728978,0.533775628,0.336931497,0.037869696,0.17392768,0.552111387,0.339865535,-0.178436548,0.941288769,0.550004184,0.218807742,-0.217390254,0.192984834,0.551056027,0.208038688,0.099506482,0.844837904,0.556468368,0.191396341,-0.252157271,0.191592827,0.556095302,0.172930464,0.109606437,0.788838267,0.547577798,0.182363123,-0.22952947,0.189832866,0.543359935,0.169132099,0.093012333,0.776584566,0.541044652,0.195867747,-0.219647303,0.188806728,0.536537409,0.18409647,0.101511449,0.765133619,0.47246787,0.537290633,0.10868454,0.994751334,0.475478083,0.548870087,-0.108872809,0.995542765,0.481530815,0.793321609,0.232909843,0.189022511,0.480407596,0.829755485,0.019682324,0.832476556,0.45215413,0.977892637,0.369355738,0.166616961,0.449915797,1.039791346,0.158898294,0.634744227,0.435404241,0.999307275,0.380068213,0.242418647,0.425869614,1.101195216,0.172094449,0.658049107,0.501589417,1.062569141,0.331732661,0.246776715,0.503332257,1.12368381,0.09719988,0.55499804
1,0.574842989,0.502610922,-0.039456923,0.999827504,0.569795668,0.479397744,-0.02322365,0.999878705,0.569045007,0.478948057,-0.023204001,0.999900937,0.5679124,0.478383034,-0.023172107,0.999902964,0.566343904,0.481598645,-0.065164797,0.999858141,0.563377142,0.482518286,-0.065327525,0.999893486,0.559933901,0.48334825,-0.065325335,0.999887228,0.546419203,0.485862672,0.066712633,0.999937594,0.539180219,0.493414462,-0.119484507,0.999921203,0.569941223,0.523587644,-0.004140107,0.999869227,0.565362751,0.527781963,-0.057917614,0.999839365,0.505695462,0.60228467,0.189665303,0.998959482,0.503128469,0.633398414,-0.206194937,0.999700785,0.526985347,0.786554217,0.125410631,0.42397806,0.538932979,0.827953517,-0.104303755,0.96449846,0.559827566,0.689010024,-0.039971601,0.305251807,0.560804725,0.678430021,0.195065916,0.902633071,0.572901726,0.659108698,-0.050275933,0.251358122,0.572079837,0.648134053,0.206358105,0.838416994,0.563228607,0.644067585,-0.037468366,0.252766639,0.562616527,0.63517791,0.192670405,0.842005968,0.554486275,0.654845297,-0.041745342,0.260376066,0.555960536,0.643097997,0.197826654,0.845529318,0.38164705,0.838236094,0.124840692,0.999156296,0.364371628,0.86713928,-0.124543637,0.99917084,0.507870913,0.849540532,0.143950403,0.225889519,0.521607339,0.874466598,-0.17955634,0.958337665,0.414570034,0.954228699,0.184112981,0.158293143,0.44926402,1.052499294,-0.043091752,0.833478689,0.391457736,0.959963441,0.190313309,0.230596483,0.408715308,1.064096928,-0.024058346,0.845041096,0.416533828,1.000191808,0.21623382,0.272516131,0.4786686,1.133323669,0.007212417,0.794066668
0,0.516553462,0.037163328,-0.099850155,0.999423444,0.509377182,0.014864549,-0.08721225,0.999491572,0.508858979,0.014232021,-0.087239794,0.999453902,0.508133233,0.013677416,-0.087270789,0.999487281,0.505863369,0.015174537,-0.129733503,0.999444366,0.502862334,0.014842775,-0.129728958,0.999490082,0.499474227,0.015026608,-0.129749447,0.999514818,0.490241706,0.025145408,0.002828766,0.999411821,0.483919024,0.029709363,-0.180580646,0.999746263,0.514295101,0.059913669,-0.060301505,0.999519706,0.510004878,0.060506009,-0.113980643,0.999523878,0.475889057,0.173558727,0.142850414,0.99804914,0.485022575,0.181313828,-0.251215756,0.999698699,0.533068836,0.332661718,0.046926919,0.142963469,0.549577892,0.342667133,-0.184002846,0.926982522,0.544651151,0.221199289,-0.205014408,0.172957927,0.546661079,0.210039631,0.095731542,0.801215768,0.54917556,0.194376752,-0.238598168,0.178231865,0.548724711,0.177932158,0.107638218,0.738435686,0.538907647,0.184586748,-0.222198859,0.176360816,0.537615597,0.172024831,0.092131935,0.724561095,0.533644915,0.196929276,-0.209597632,0.176169068,0.532871783,0.186625645,0.097638041,0.712509215,0.486335814,0.538051724,0.11216259,0.994073033,0.490122199,0.549348354,-0.112314962,0.993814826,0.48651889,0.78696245,0.250193447,0.249991268,0.480948418,0.827030778,0.001281676,0.796794653,0.463387519,0.953064859,0.384554297,0.222953245,0.456791997,1.024040222,0.126017556,0.616015494,0.452482849,0.968427658,0.393473119,0.318941146,0.434861392,1.094431877,0.136702493,0.638753951,0.512468755,1.021251678,0.350026965,0.310899168,0.507372737,1.11002326,0.058988914,0.543212354
0,0.464409649,0.161184922,-0.177054152,0.9998402,0.470307976,0.141555101,-0.158368424,0.99974072,0.47347188,0.140775219,-0.15840891,0.999717534,0.475820363,0.140019014,-0.158477694,0.999706984,0.458862871,0.143182874,-0.157737404,0.999654055,0.454510123,0.143059582,-0.157726929,0.999591053,0.450477213,0.142512679,-0.157686844,0.999601185,0.480476469,0.145419285,-0.042013168,0.999659538,0.443979323,0.147332326,-0.038324218,0.999514282,0.471221209,0.178547621,-0.13193056,0.99973911,0.457115799,0.178428501,-0.131183937,0.999719322,0.512523949,0.254063636,0.014101312,0.999653935,0.415887266,0.255117208,0.021373097,0.999391019,0.520223975,0.392712325,-0.08942581,0.963719308,0.407089055,0.388981283,-0.087215133,0.94671917,0.476995796,0.279495984,-0.225999743,0.956401587,0.453304529,0.282123387,-0.242908165,0.917610049,0.473713875,0.249110922,-0.259820402,0.894396186,0.456510782,0.253481269,-0.281003833,0.807326853,0.474269569,0.241937101,-0.24698548,0.882829547,0.454516232,0.245627195,-0.267746866,0.777306199,0.474538863,0.25083679,-0.223912761,0.840870321,0.454795837,0.254837364,-0.241662472,0.719511807,0.49236995,0.508649945,0.000862658,0.999655187,0.433783203,0.509327173,-0.000746329,0.999543488,0.499730259,0.717423081,0.004726562,0.996028781,0.429481089,0.711551249,0.006100659,0.99639076,0.50036031,0.885711312,0.211561248,0.992556155,0.42359513,0.885445297,0.204077676,0.993668139,0.490161747,0.905187666,0.22543712,0.891565025,0.43029651,0.90362227,0.216663718,0.879482269,0.51242286,0.960035622,0.09057346,0.985210001,0.416556686,0.960450888,0.081899449,0.986031651
1,0.463804573,0.484804958,-0.343001872,0.999985099,0.469472706,0.468225509,-0.326957911,0.999960423,0.47274375,0.467477828,-0.326967895,0.999972522,0.475536913,0.466846377,-0.327056825,0.999937475,0.45855841,0.468414485,-0.327581108,0.999953866,0.454429626,0.467537045,-0.327639163,0.999971449,0.451100022,0.466557652,-0.327640444,0.999945104,0.479899585,0.47058779,-0.229202747,0.999958098,0.44609189,0.470439076,-0.231367677,0.999968588,0.469283164,0.501725197,-0.305831611,0.999990761,0.45674029,0.501119196,-0.306650937,0.999992609,0.510837018,0.55997169,-0.177291468,0.999866664,0.416846842,0.556907713,-0.17430906,0.99982655,0.518128037,0.693382978,-0.314720452,0.982412934,0.408399522,0.697691202,-0.309194922,0.982321084,0.482426405,0.609397531,-0.497506291,0.978723764,0.449880749,0.620040059,-0.483834743,0.966873229,0.477002233,0.581418097,-0.534847438,0.954162836,0.454295307,0.587369382,-0.519861698,0.92843163,0.478107512,0.570770025,-0.513399243,0.943751037,0.452559769,0.577305377,-0.49953261,0.905210495,0.478766441,0.577812195,-0.492284685,0.876143992,0.452320814,0.585123897,-0.478387505,0.803492963,0.48887071,0.721690357,-0.00280837,0.999736786,0.437548071,0.7238639,0.00289428,0.999781787,0.528781295,0.755513787,-0.360208035,0.986825407,0.401377976,0.760582507,-0.34108749,0.98226738,0.502575099,0.890943766,-0.112827107,0.973142445,0.423905611,0.893926263,-0.103595421,0.988490283,0.493178666,0.904579997,-0.093325347,0.892063498,0.431280673,0.908506274,-0.085261092,0.935030162,0.512023687,0.959658802,-0.210021898,0.96124649,0.414914668,0.964360714,-0.202547118,0.975194991
0,0.46461767,0.155154794,-0.147238895,0.999888599,0.47004813,0.13541317,-0.127614006,0.999827087,0.472795069,0.13477622,-0.127650172,0.999806643,0.47531262,0.134094253,-0.127709776,0.999809325,0.458675325,0.136700764,-0.127381936,0.9997738,0.454283953,0.136450931,-0.127362475,0.999726713,0.450479835,0.136027843,-0.127301335,0.99974227,0.480109215,0.140171185,-0.013107469,0.9997648,0.443638414,0.142434493,-0.01195066,0.999683022,0.471445143,0.172535777,-0.103550456,0.999818861,0.457542479,0.172503695,-0.103480473,0.999811232,0.512655139,0.248062983,0.034232445,0.999718726,0.416404784,0.252450496,0.040185206,0.999429822,0.521521926,0.383908033,-0.076005414,0.975008786,0.405055195,0.382386655,-0.078389093,0.955675423,0.478976429,0.267276764,-0.204622358,0.974624097,0.452331364,0.27295658,-0.233592227,0.934141278,0.475577891,0.234556034,-0.238300234,0.934235871,0.455174387,0.242517814,-0.271000445,0.842808485,0.475690693,0.227626488,-0.223122627,0.926261485,0.453998029,0.234567255,-0.255934417,0.81791544,0.475829929,0.237865135,-0.20151484,0.894066274,0.454403222,0.245027393,-0.231742933,0.76631999,0.493916214,0.504134715,0.001164566,0.999691844,0.436136335,0.505571902,-0.001021379,0.99959439,0.496933073,0.712444723,0.012504269,0.996029496,0.433282077,0.707796156,0.004646451,0.996284962,0.499216408,0.885568857,0.209635347,0.991859734,0.423086405,0.885962188,0.195023447,0.993033767,0.490080684,0.904084861,0.223014981,0.884113252,0.430841982,0.904878736,0.207310006,0.876442969,0.512040555,0.959898651,0.093843654,0.983595192,0.417447388,0.957671285,0.077149101,0.983985841
1,0.461640984,0.491519153,-0.37215358,0.999989569,0.467511564,0.474699318,-0.35609892,0.999971986,0.470889628,0.473998547,-0.356104434,0.99998039,0.473971188,0.473168701,-0.356196642,0.999956906,0.456140935,0.474389702,-0.356093884,0.999967933,0.452120304,0.473120749,-0.35616073,0.999979675,0.449167073,0.471893698,-0.356165379,0.999961436,0.479123652,0.474993259,-0.253883451,0.999970257,0.444026083,0.475234389,-0.253201067,0.999977589,0.467791736,0.510232568,-0.333006382,0.999993324,0.454868942,0.510265708,-0.333006799,0.999994397,0.509111702,0.561224639,-0.196672812,0.99990499,0.415989101,0.558970451,-0.191839054,0.999846697,0.519640982,0.695770562,-0.331714809,0.986127853,0.404307067,0.696045101,-0.328596681,0.983681321,0.480229795,0.621829331,-0.515823543,0.981191635,0.448917627,0.627864063,-0.505102515,0.963993132,0.473381519,0.594497859,-0.553667426,0.957431018,0.455812365,0.596564174,-0.541518211,0.920857489,0.474157989,0.58327347,-0.532331347,0.947784483,0.4527933,0.584464133,-0.520558357,0.8940593,0.475553274,0.589182734,-0.510321975,0.881846488,0.452197015,0.592070818,-0.499298751,0.778573334,0.487418234,0.72503376,-0.003425707,0.999733269,0.436441123,0.726317286,0.003491351,0.999787509,0.527478337,0.762557924,-0.368317068,0.988519192,0.399649143,0.762827396,-0.345318913,0.9869169,0.501967728,0.891609251,-0.103938863,0.976365387,0.421506971,0.895315409,-0.095382348,0.991340101,0.492374569,0.904945016,-0.082706876,0.903776646,0.428290695,0.909877419,-0.075619593,0.941954553,0.51262641,0.960082233,-0.19877784,0.965082765,0.412210763,0.964225769,-0.192409962,0.979211628
0,0.461981684,0.156791702,-0.167096287,0.999925554,0.467969596,0.136776909,-0.147110373,0.99988091,0.471186966,0.135953426,-0.147142261,0.999864638,0.473679721,0.135250956,-0.147202834,0.999863684,0.456306875,0.138695762,-0.14668557,0.999854982,0.45215717,0.138616964,-0.146673724,0.999827683,0.448433459,0.138367251,-0.146614164,0.999842763,0.478691339,0.140697062,-0.029413071,0.999831915,0.44212231,0.144344792,-0.027902514,0.999790668,0.469240487,0.173341721,-0.12217702,0.999877095,0.455035865,0.173815712,-0.121996805,0.999882817,0.510991037,0.251528531,0.027005935,0.999714255,0.413747311,0.252144426,0.037341222,0.999527395,0.524729908,0.390235573,-0.073529854,0.974393666,0.403485924,0.389222115,-0.072074026,0.954167545,0.478598744,0.28487429,-0.212448195,0.968867421,0.45330292,0.285907239,-0.239321753,0.932127774,0.473896325,0.254946738,-0.2469109,0.91898483,0.456100225,0.259210497,-0.27907449,0.840141714,0.473687083,0.24766399,-0.233838722,0.909683764,0.453670174,0.250063151,-0.264721155,0.815038621,0.474462122,0.255666047,-0.210089833,0.870274603,0.454647481,0.25872305,-0.237723425,0.756768525,0.493153036,0.508012533,-0.001005072,0.999599636,0.435123354,0.508675158,0.001132127,0.999535561,0.495917082,0.715815723,0.011572084,0.99680388,0.430775493,0.710538447,0.010611044,0.997366011,0.500017405,0.885931909,0.222471476,0.993600786,0.422012508,0.887221336,0.198285595,0.995911479,0.49177295,0.904665649,0.236802459,0.902926564,0.430107266,0.906037629,0.20953986,0.909430504,0.51175034,0.959053874,0.102055311,0.987186968,0.414489925,0.959865332,0.070335045,0.989763677
1,0.463412941,0.4910402,-0.362165511,0.999987364,0.469237715,0.474753916,-0.346233964,0.999965906,0.472807258,0.473912269,-0.34623915,0.999975443,0.476144552,0.473271221,-0.346330673,0.999946237,0.457970858,0.475046426,-0.346469223,0.999962509,0.4544608,0.474208921,-0.346529186,0.999976635,0.450973898,0.473128647,-0.346532375,0.999958098,0.481199354,0.475504935,-0.245554417,0.999962091,0.445746809,0.476346433,-0.245684147,0.999975741,0.469504505,0.50940609,-0.323586702,0.999991775,0.456881821,0.508447051,-0.323844075,0.99999404,0.509697556,0.562974632,-0.188876852,0.999880016,0.417822987,0.560090125,-0.186177775,0.999849558,0.521269381,0.695908725,-0.328659147,0.98617959,0.405476421,0.698747039,-0.32296887,0.985661983,0.480657995,0.617125571,-0.514549375,0.980144322,0.448725641,0.627807081,-0.499964565,0.970034838,0.473667622,0.590104222,-0.552140713,0.955028892,0.453429937,0.595515668,-0.536634207,0.932239413,0.47455129,0.578886271,-0.529261827,0.944496214,0.451544583,0.584332645,-0.515647888,0.909567356,0.476244688,0.585569143,-0.508675456,0.877050519,0.451544851,0.592616081,-0.49422735,0.809460759,0.488479704,0.725372136,-0.002886384,0.999730647,0.437834978,0.727904439,0.002943252,0.999775767,0.52992332,0.758970797,-0.364058197,0.988674223,0.400666147,0.760320723,-0.342585146,0.985142291,0.503089547,0.890333474,-0.108638957,0.976308048,0.421132028,0.893729806,-0.099008657,0.990723193,0.493210465,0.903523445,-0.08792977,0.898345292,0.428042561,0.90662843,-0.079953372,0.943581462,0.512459397,0.959724247,-0.202886313,0.965406418,0.412950277,0.965535164,-0.197375968,0.979220331
0,0.460155815,0.168760478,-0.192055017,0.999979377,0.466135114,0.149370655,-0.173451513,0.999969423,0.469127089,0.148387149,-0.173486665,0.999965012,0.471742958,0.147610247,-0.173538715,0.999963164,0.455010593,0.151804864,-0.171762675,0.999962687,0.45098415,0.152277678,-0.171747312,0.999955118,0.447372109,0.152211353,-0.171710655,0.99995786,0.476079881,0.153351769,-0.055451214,0.999957621,0.441505849,0.158109516,-0.04776071,0.999942899,0.466642439,0.185885683,-0.146553755,0.999972522,0.453099787,0.18634735,-0.144571453,0.999973357,0.507920325,0.267894179,0.009225475,0.999883652,0.414118111,0.267624855,0.025854591,0.999755085,0.521470189,0.410176396,-0.08134573,0.982696176,0.400085062,0.404113501,-0.076580591,0.96740061,0.475651324,0.312330067,-0.238318607,0.980150402,0.447945356,0.311809212,-0.264633089,0.952964842,0.469866604,0.279468447,-0.275317878,0.948704243,0.452399164,0.284154892,-0.306768388,0.890575349,0.469775915,0.27059269,-0.266667753,0.942721725,0.450376272,0.274350435,-0.295255959,0.871603787,0.471210539,0.279545128,-0.237981588,0.903710783,0.450879753,0.282830417,-0.26419127,0.8094908,0.491042793,0.503887653,-0.002729149,0.999698222,0.434560925,0.505151391,0.002759085,0.999672413,0.503661513,0.715098381,-0.021537334,0.997062206,0.422635734,0.711537778,-0.010995755,0.997527897,0.501857877,0.88571322,0.19424203,0.994249046,0.421205103,0.88725704,0.178180769,0.996945739,0.491879165,0.902463615,0.208536461,0.911917388,0.430589139,0.905422032,0.189546794,0.938720405,0.513452709,0.958960891,0.067953363,0.988976181,0.411918819,0.961712837,0.046881113,0.992697895
0,0.572497845,0.156256929,-0.12050499,0.999723315,0.569004178,0.135808259,-0.108610488,0.999757469,0.568090558,0.134766325,-0.108631648,0.999744654,0.566934884,0.133882672,-0.108611666,0.999703586,0.568053603,0.134996459,-0.144032508,0.999717295,0.566442847,0.133534238,-0.144051716,0.999758244,0.564498782,0.132228896,-0.1440541,0.999719977,0.553452909,0.136509627,-0.025593951,0.9995116,0.550288439,0.135659158,-0.18435587,0.999862552,0.567019343,0.174086586,-0.085160777,0.999810874,0.565327287,0.173577473,-0.13099587,0.999817789,0.529951811,0.252105623,0.104164861,0.999606907,0.528724134,0.251024067,-0.242056012,0.999958336,0.562640309,0.382991284,0.01138679,0.166810408,0.565459669,0.389930725,-0.184474722,0.933482945,0.573732078,0.311196893,-0.237825394,0.197921246,0.574456155,0.311532557,0.029132381,0.808958769,0.576006353,0.281340808,-0.270478696,0.176706165,0.578488469,0.273903221,0.029446844,0.725026429,0.570617557,0.272438437,-0.254201472,0.179248482,0.571462512,0.2636711,0.017765317,0.704642773,0.56650728,0.284809917,-0.241168171,0.172359973,0.566206813,0.279151529,0.031902298,0.652943313,0.508235276,0.513929605,0.112618603,0.999378383,0.50398761,0.519045293,-0.112919807,0.999539495,0.519338489,0.695413649,0.307263732,0.470425755,0.51632452,0.716370583,-0.009316155,0.972818673,0.510221422,0.851771951,0.492935032,0.733086109,0.505026937,0.911119103,0.083129071,0.983257353,0.500276983,0.876414716,0.508581042,0.752566755,0.49668318,0.940331459,0.088168822,0.958413959,0.547930121,0.88186729,0.472356081,0.874640763,0.552366793,0.94850719,0.006129112,0.980043054
1,0.576226175,0.462791622,-0.066186234,0.999882162,0.572404504,0.444542199,-0.054621436,0.999928951,0.571713924,0.443849087,-0.054666601,0.999940991,0.570942044,0.443356872,-0.054678101,0.999929726,0.570847809,0.444864064,-0.087016679,0.999916375,0.569244981,0.44451043,-0.087112807,0.999935329,0.567340612,0.444242895,-0.087113738,0.99992317,0.557458103,0.448560297,0.015677366,0.999951363,0.553320527,0.450490266,-0.128469095,0.999931097,0.572697759,0.476811737,-0.037485253,0.999937415,0.570382595,0.476931304,-0.079062939,0.999912143,0.537166595,0.540228546,0.11598891,0.999775171,0.521846235,0.563143194,-0.185724765,0.999873757,0.559890211,0.657842636,0.058524895,0.644218981,0.554840803,0.701795161,-0.133481085,0.981254876,0.568836808,0.59315443,-0.139150903,0.504173458,0.570158124,0.590920687,0.056670982,0.942892253,0.576960385,0.564603865,-0.162227198,0.395377606,0.577084839,0.564678907,0.059178077,0.892813206,0.568570554,0.55888176,-0.144712657,0.398874283,0.569503486,0.557448089,0.041578341,0.897361338,0.562183678,0.57069391,-0.138417929,0.39070335,0.564195633,0.567008317,0.056306325,0.887327194,0.471570581,0.730949044,0.099821344,0.999922037,0.455034196,0.759153843,-0.099756569,0.999961197,0.562969387,0.708933353,0.192714602,0.621622562,0.566484332,0.773776472,-0.178294539,0.992908657,0.512141407,0.855505943,0.280644238,0.680745184,0.510272443,0.914182544,-0.070693836,0.986082852,0.495920092,0.870360732,0.289744675,0.678768694,0.494846523,0.937862337,-0.056653894,0.975299656,0.545102715,0.885298669,0.302851826,0.793601274,0.552214324,0.955031753,-0.044279471,0.980400562
0,0.561722517,0.148060933,-0.118222021,0.999689817,0.557412744,0.128554001,-0.106087089,0.99970454,0.55652678,0.128014252,-0.106094971,0.999689877,0.555559278,0.127569839,-0.106066033,0.999634743,0.556203187,0.128138214,-0.141167253,0.999675095,0.554457963,0.12726897,-0.141202733,0.99972868,0.552223265,0.126149386,-0.141232267,0.999683082,0.542419851,0.131230056,-0.023270257,0.999369383,0.539061248,0.131613597,-0.17984511,0.999820948,0.556666732,0.165206134,-0.083323278,0.999758005,0.554703712,0.164853007,-0.128730834,0.99976927,0.523326278,0.249826044,0.09984158,0.999572992,0.523595691,0.250151724,-0.237143844,0.99995023,0.557979703,0.374826819,0.012077499,0.194314569,0.560607553,0.383892596,-0.181367084,0.93708235,0.56826514,0.295117199,-0.221095249,0.216587976,0.569333971,0.305176705,0.037509356,0.801908076,0.570873201,0.264321327,-0.253111422,0.187374875,0.573634207,0.266614437,0.040538929,0.714722633,0.565584838,0.254600555,-0.235245496,0.189273641,0.565532565,0.256114334,0.029312298,0.695925415,0.561065972,0.268088669,-0.223665267,0.183393061,0.559286475,0.273369461,0.040709052,0.649432003,0.514554381,0.510316193,0.108955599,0.999316156,0.511886477,0.516355872,-0.109281458,0.999614298,0.514268279,0.691623926,0.316868454,0.432402432,0.507183313,0.717817187,-0.00136276,0.973719418,0.509404659,0.84092176,0.511321723,0.688289464,0.503702044,0.906893849,0.098192118,0.98261404,0.500987589,0.865788281,0.528369963,0.719723821,0.495850325,0.938225389,0.104401037,0.956837356,0.544838965,0.873404682,0.491981357,0.850732565,0.547970891,0.939145148,0.025110599,0.978192449
1,0.583420277,0.475477397,-0.070661306,0.999882698,0.580711961,0.456998914,-0.060877919,0.999927044,0.580102503,0.456335783,-0.060930789,0.999938071,0.579284728,0.455732673,-0.060949333,0.999926269,0.579031646,0.456367075,-0.092968747,0.999912024,0.577289224,0.455237836,-0.093054734,0.999930322,0.575384736,0.454167515,-0.093056157,0.999916494,0.565781653,0.456996828,0.005053572,0.999946713,0.561284781,0.456188172,-0.137519211,0.999925613,0.578796148,0.488957465,-0.043134328,0.999936521,0.576267481,0.48807615,-0.084387548,0.999914229,0.541196227,0.540872216,0.105931208,0.999799967,0.527687788,0.562973678,-0.192009777,0.999879301,0.560655236,0.662484288,0.055779316,0.646304429,0.555576444,0.706430256,-0.139098465,0.978997409,0.574735641,0.601457715,-0.130363002,0.539984226,0.575646937,0.598426461,0.04948803,0.942068279,0.582965791,0.574881554,-0.152877316,0.433916062,0.583815396,0.574571431,0.051227577,0.890242815,0.57603991,0.565734267,-0.13789843,0.436809301,0.575918376,0.56509167,0.035327874,0.894458175,0.569341898,0.576430619,-0.130453542,0.424717873,0.570276558,0.574047089,0.049574219,0.884581268,0.476418436,0.726913869,0.099946409,0.99989295,0.458747715,0.757794499,-0.099877261,0.999942362,0.567053258,0.712198734,0.184469298,0.598290026,0.569295943,0.780788779,-0.1694915,0.991223395,0.513373733,0.854869306,0.279672801,0.644100428,0.509974837,0.917652547,-0.055551238,0.985779643,0.496722996,0.871020734,0.289691627,0.657527804,0.495111227,0.940099478,-0.041174356,0.975741208,0.54211843,0.888767898,0.304075062,0.770389438,0.550094187,0.962574601,-0.028190846,0.979509294
0,0.575426698,0.151466161,-0.117888704,0.999649167,0.571054101,0.132891431,-0.106082939,0.99968642,0.570085406,0.132162303,-0.106098637,0.999671221,0.569006383,0.131449059,-0.106072985,0.999620199,0.570200861,0.132347822,-0.141364798,0.999641657,0.568586528,0.13132368,-0.141394898,0.999693394,0.566512883,0.130244568,-0.141423315,0.999646485,0.555251479,0.134129032,-0.025570899,0.999407291,0.553258896,0.134280369,-0.18303071,0.999801636,0.569307506,0.168383569,-0.08366923,0.999733984,0.567683518,0.168040022,-0.129482061,0.999743879,0.529352069,0.25081107,0.097668424,0.999543309,0.535694718,0.252563208,-0.240223497,0.999940932,0.563105941,0.381949663,0.01439734,0.19361876,0.568853855,0.389998406,-0.187413946,0.933499455,0.578953147,0.302497655,-0.217075258,0.214932457,0.579462409,0.311136454,0.025956724,0.795769989,0.582753062,0.272824764,-0.248935655,0.188603446,0.584444821,0.272535473,0.027900646,0.710314572,0.577302754,0.263637006,-0.23206,0.190159395,0.576427579,0.264944702,0.016288411,0.692967832,0.572519422,0.276046425,-0.220063061,0.18387036,0.57039535,0.281234235,0.028540367,0.653354824,0.516148627,0.510494769,0.108584806,0.999133289,0.516916871,0.51817888,-0.108911537,0.999491155,0.516656756,0.69217056,0.324185014,0.376957804,0.509753883,0.723201096,-0.00819284,0.963070512,0.509238482,0.838495195,0.522914767,0.596190512,0.503514469,0.911206961,0.078371674,0.973389447,0.501235843,0.859699667,0.540440917,0.64936167,0.49401626,0.94058454,0.082555905,0.946299732,0.544213533,0.872203827,0.50666368,0.786752403,0.546598732,0.942658544,0.000475059,0.966372967
1,0.581346273,0.473142236,-0.069868043,0.999862969,0.577735484,0.455569685,-0.058943547,0.999916017,0.576987982,0.454853177,-0.058987252,0.999929845,0.576109231,0.454230368,-0.058996528,0.999914765,0.576431632,0.456040144,-0.09187226,0.999902964,0.574909329,0.455707639,-0.091967031,0.999925137,0.57310617,0.455253124,-0.091976099,0.999912083,0.561948478,0.457722038,0.010361939,0.999942124,0.559203863,0.459858924,-0.136329025,0.999926925,0.577403367,0.486878753,-0.041456074,0.999933958,0.57539618,0.487183809,-0.083777554,0.999907374,0.538904488,0.546606302,0.11520952,0.999809623,0.527106047,0.571892023,-0.196441516,0.999901295,0.56077975,0.664841592,0.061237417,0.632167637,0.557381332,0.711243749,-0.143804312,0.981807709,0.572683692,0.606109202,-0.13318345,0.513499439,0.575602412,0.604035676,0.048584528,0.94698894,0.581486702,0.579627693,-0.156707555,0.404144108,0.5830248,0.578328907,0.049085148,0.898385167,0.573213518,0.571972191,-0.141743198,0.407526314,0.575275719,0.569828749,0.031597883,0.902917087,0.56590718,0.583094954,-0.133526117,0.396685541,0.56970793,0.577987552,0.048069,0.891219795,0.475336641,0.736376345,0.105245039,0.999900997,0.457999557,0.767416298,-0.105211377,0.999953747,0.564417839,0.707741857,0.193842873,0.59356761,0.569415092,0.774496734,-0.174428806,0.9920066,0.51332438,0.852092922,0.287674338,0.646570325,0.510287404,0.916388929,-0.062972091,0.983094633,0.498908997,0.866534352,0.297346771,0.656872034,0.494667202,0.93947202,-0.048987992,0.970516682,0.544370055,0.884465694,0.310596645,0.772545815,0.552001953,0.959453046,-0.038903419,0.976052105
0,0.579759955,0.147883534,-0.097521216,0.999651909,0.576290846,0.129501536,-0.085219726,0.999703884,0.575423121,0.129423752,-0.085233256,0.999734342,0.574356616,0.129363075,-0.085224047,0.999704659,0.574604928,0.12894097,-0.119580701,0.999641657,0.57268548,0.128274649,-0.11961408,0.999715686,0.570494175,0.127341911,-0.119624637,0.999665141,0.5597561,0.135378227,-0.009319094,0.999640346,0.556288779,0.134051904,-0.160974562,0.999804437,0.575941265,0.165956631,-0.065784864,0.999751091,0.574267983,0.165811732,-0.109929048,0.999753058,0.537746787,0.254123628,0.110876873,0.999583364,0.537556529,0.25290668,-0.222476915,0.999905348,0.564835906,0.389157176,0.033081617,0.309133083,0.566962659,0.39394179,-0.16196613,0.948752105,0.582700551,0.309081465,-0.173402727,0.300620675,0.581202865,0.320825011,0.057283442,0.85768652,0.587662101,0.283093303,-0.199755222,0.263340235,0.587939382,0.287643254,0.060672969,0.7995646,0.583444715,0.273314089,-0.181777388,0.263742477,0.58045429,0.275782168,0.049883276,0.788474143,0.578566909,0.283859521,-0.174999878,0.252056211,0.573975503,0.291758001,0.059881508,0.763411462,0.503089905,0.506968915,0.111595534,0.999334812,0.501869738,0.513991475,-0.111853063,0.999370396,0.515231013,0.693035364,0.250562847,0.416041106,0.514753759,0.711808801,-0.013550982,0.967585564,0.50716722,0.849584639,0.395800769,0.581356764,0.506265998,0.899287403,0.088818513,0.970074296,0.496565253,0.878971457,0.40804109,0.613274634,0.496215969,0.933280289,0.096996337,0.946602643,0.548401892,0.882298291,0.374776661,0.745347857,0.550795197,0.935314715,0.048547752,0.961034119
0,0.46542412,0.249572754,-0.371122539,0.999889612,0.471783578,0.232951254,-0.356180847,0.999819219,0.475472778,0.232453361,-0.356204003,0.999808669,0.477961868,0.232466936,-0.356275499,0.999801219,0.460662991,0.233325645,-0.355041176,0.999736249,0.457004875,0.233361244,-0.35508737,0.999681294,0.45321402,0.233590737,-0.355106503,0.999683678,0.482629597,0.237762213,-0.239302516,0.999745905,0.447703063,0.238847464,-0.234319896,0.999543011,0.473039299,0.269903958,-0.324912488,0.999837399,0.459181696,0.269948542,-0.323796809,0.999815464,0.512501121,0.339048386,-0.157094613,0.999749005,0.418411493,0.342011034,-0.150171831,0.999199569,0.51934284,0.479127198,-0.271005541,0.976979434,0.412150145,0.474660575,-0.268656284,0.955028057,0.479065508,0.380335987,-0.46431604,0.980117083,0.45574522,0.38057819,-0.466807753,0.940576375,0.474302381,0.350564718,-0.503606439,0.943747699,0.4604702,0.351828545,-0.507816195,0.860656023,0.476720005,0.338745207,-0.493929386,0.938804746,0.457649082,0.340632111,-0.493712962,0.842092752,0.476947129,0.349702775,-0.463500828,0.909550369,0.456749499,0.351816297,-0.46483463,0.789897978,0.494813919,0.557173014,0.003575684,0.999337673,0.439351887,0.556377888,-0.003636257,0.999026537,0.493223578,0.745772064,-0.045652866,0.992244065,0.441415697,0.739100337,-0.003608388,0.99031651,0.480416715,0.893172443,0.197891518,0.984766066,0.448229849,0.89604187,0.200826451,0.983559787,0.476297915,0.909537077,0.216293961,0.863708198,0.449062973,0.909835279,0.215227053,0.780929744,0.480129004,0.959605932,0.091648117,0.97425586,0.449318588,0.963338554,0.081575908,0.970987678
1,0.463045597,0.499744684,-0.358693302,0.999971092,0.469098985,0.482287169,-0.342414647,0.9999066,0.472479999,0.481487453,-0.342425585,0.999940097,0.475647062,0.480736315,-0.342526466,0.999852419,0.457448542,0.483436316,-0.342418849,0.999888182,0.453050047,0.482869685,-0.342495084,0.99993813,0.44954443,0.482051015,-0.342517406,0.999879181,0.48084259,0.484436721,-0.240261585,0.99986726,0.444268763,0.486023545,-0.240068153,0.999921501,0.468870789,0.516406298,-0.319524705,0.999979794,0.455831677,0.516315103,-0.319778264,0.999983847,0.511546314,0.574949265,-0.183703765,0.999661088,0.414845616,0.573008657,-0.180598766,0.999621749,0.512951314,0.720521271,-0.323235899,0.96992898,0.416303694,0.718636394,-0.314061463,0.97496891,0.480493605,0.621544898,-0.506380677,0.967109263,0.451251358,0.633948624,-0.494360209,0.963887811,0.476988614,0.593643546,-0.54191649,0.935736954,0.452972829,0.60073936,-0.529379725,0.924732387,0.478634208,0.580751419,-0.520495772,0.924261034,0.450097412,0.589752138,-0.507543981,0.905170381,0.479362905,0.589441955,-0.501134336,0.846680343,0.4503901,0.599756181,-0.48825866,0.808301806,0.490428537,0.742965519,-0.00046844,0.999762893,0.439038604,0.747749388,0.000560833,0.999745667,0.50079304,0.76711899,-0.378551424,0.988194466,0.427510411,0.777077377,-0.329683125,0.964854479,0.480918407,0.894813597,-0.082686588,0.966159523,0.446566761,0.898750067,-0.023539191,0.975508451,0.475545645,0.905026853,-0.057897102,0.86703527,0.449618965,0.907986104,0.001700852,0.881552696,0.476323605,0.967206597,-0.170088023,0.959559441,0.450393111,0.966676831,-0.113957271,0.961054623
0,0.464332908,0.146632761,-0.163133606,0.999797642,0.470298707,0.126200408,-0.145793408,0.999656022,0.47391215,0.125061557,-0.145842239,0.999634326,0.476296335,0.124140114,-0.145908326,0.999614954,0.458549678,0.128173009,-0.143517584,0.999530077,0.454465628,0.127954721,-0.143505752,0.999456763,0.450803608,0.127400383,-0.143474132,0.999481201,0.481332392,0.128163308,-0.03154961,0.999554694,0.44500035,0.132142738,-0.021681901,0.999331295,0.471779168,0.163756147,-0.1182364,0.999716222,0.457531124,0.164186671,-0.115658388,0.999692082,0.514387488,0.235567346,0.021777963,0.999751866,0.417640984,0.242021725,0.040619571,0.999360383,0.521705866,0.38000983,-0.080348693,0.97118783,0.408447415,0.378602892,-0.071987405,0.945800006,0.475172848,0.270491451,-0.214591667,0.968657911,0.453910112,0.273279309,-0.244810894,0.929535866,0.470008999,0.23788026,-0.248677731,0.920892954,0.457129955,0.243184701,-0.2837089,0.843008518,0.470600545,0.229837924,-0.233451247,0.91249603,0.4550623,0.234880403,-0.268443286,0.820462704,0.4718059,0.238915026,-0.210794047,0.875540376,0.455271423,0.244177118,-0.242959023,0.765157223,0.49388662,0.504020154,-0.001634262,0.99953258,0.436895937,0.50461942,0.001780043,0.999224782,0.486105591,0.718495607,-0.009316524,0.990777373,0.444123834,0.717080772,0.004701872,0.989406645,0.479967773,0.889949024,0.219799921,0.98248601,0.446084082,0.884580672,0.218363211,0.982240617,0.476120383,0.911606193,0.236615732,0.856540978,0.445255518,0.905279517,0.233494639,0.796526611,0.481472582,0.955674648,0.107790112,0.969690323,0.448430151,0.950863719,0.103157878,0.968528152
1,0.463815749,0.491155893,-0.347071052,0.999986529,0.469645649,0.474813432,-0.329915702,0.999959648,0.473020971,0.474120408,-0.329933912,0.999974191,0.476029009,0.473521769,-0.330032647,0.999936759,0.458194792,0.475625902,-0.330732524,0.999949574,0.454264075,0.475274533,-0.330810159,0.999971747,0.450688899,0.474587768,-0.330821872,0.9999457,0.480866432,0.477208495,-0.227145344,0.999945581,0.445177853,0.478997767,-0.231727839,0.999965787,0.469576061,0.507600248,-0.308343261,0.999992311,0.45647946,0.507294655,-0.309845716,0.999994159,0.510614634,0.571804643,-0.174047321,0.999790251,0.414849758,0.572657049,-0.175284892,0.999713659,0.517513096,0.713848054,-0.313974977,0.981054366,0.40981245,0.715118766,-0.307581514,0.981214523,0.481369883,0.625067592,-0.500925958,0.977563798,0.449991375,0.636453688,-0.487658978,0.967906177,0.476351678,0.597320795,-0.538565695,0.953390896,0.452515364,0.603057325,-0.524445474,0.932598174,0.47758469,0.585144579,-0.518167615,0.946292222,0.4507671,0.592471004,-0.504152298,0.916320562,0.478433788,0.592947423,-0.496176779,0.887103498,0.450421572,0.601236284,-0.482309103,0.830565214,0.489597261,0.740345776,0.000565007,0.999718487,0.439297855,0.744477868,-0.000409084,0.99971801,0.503827929,0.754886448,-0.371486247,0.989214122,0.425791681,0.767951131,-0.344390512,0.972923875,0.481054634,0.89250505,-0.089889005,0.969688773,0.446674198,0.897757411,-0.063142098,0.983865261,0.475244671,0.902658582,-0.066929743,0.8977983,0.450103283,0.908020794,-0.040848132,0.922199011,0.477458149,0.964987159,-0.181392863,0.963632464,0.451040357,0.967882097,-0.163229972,0.972832084
0,0.462071121,0.14096415,-0.17973341,0.99984777,0.46810323,0.120638467,-0.160626739,0.999741971,0.471653074,0.119820774,-0.160676509,0.999729812,0.473884672,0.119111568,-0.160745174,0.99971205,0.455987841,0.122636184,-0.159059361,0.999636829,0.451743454,0.122947663,-0.159046099,0.999587119,0.447758108,0.122913666,-0.159010679,0.999598265,0.47892642,0.124307424,-0.039649513,0.999670267,0.442245901,0.128874317,-0.03283966,0.999462605,0.469477355,0.159520209,-0.132678926,0.999810219,0.455283552,0.160077274,-0.130972326,0.999780238,0.511982918,0.238169864,0.017232014,0.999808073,0.414496988,0.241455436,0.034957401,0.999365032,0.521507859,0.379985631,-0.086786464,0.97590667,0.405993283,0.377720654,-0.07577163,0.948725224,0.474041045,0.270497024,-0.231879666,0.974099576,0.453378499,0.271371365,-0.255434304,0.937277019,0.468666553,0.23771508,-0.269066721,0.933603585,0.456592798,0.242330208,-0.296968162,0.857674301,0.469153315,0.229394823,-0.254740179,0.926657021,0.454192966,0.233313099,-0.282761276,0.837068856,0.470412165,0.238625333,-0.228636265,0.892582715,0.45443216,0.242490873,-0.254136205,0.782598972,0.491932005,0.502008438,-0.002151235,0.999616385,0.434945524,0.502303004,0.002274199,0.999325514,0.484535545,0.717226148,-0.011832369,0.993382692,0.442842662,0.717312634,0.002314553,0.991274536,0.480547607,0.887194932,0.228511006,0.986883223,0.446853727,0.879476607,0.231135994,0.985112131,0.477062374,0.906801939,0.246030286,0.865638912,0.44721216,0.897265136,0.247451693,0.81284374,0.480622232,0.956905425,0.111262754,0.976049602,0.448703051,0.952180147,0.113520727,0.97392571
1,0.464816749,0.504039288,-0.359675169,0.99998343,0.471162021,0.486305922,-0.343930274,0.999955475,0.47446394,0.485613406,-0.343939185,0.999971926,0.477633864,0.484761417,-0.344052881,0.999935448,0.458993375,0.487072617,-0.343889236,0.999945223,0.454955637,0.486494452,-0.343970597,0.999969006,0.451665252,0.485834509,-0.343987256,0.99994123,0.483021647,0.487594426,-0.242901593,0.999948382,0.447351217,0.48944059,-0.243237168,0.999965012,0.471293688,0.519681334,-0.321274132,0.999992073,0.457549006,0.520485878,-0.321148366,0.999993443,0.514111876,0.579429865,-0.190026969,0.999830246,0.417716503,0.577787519,-0.18912144,0.999745369,0.522276461,0.726994634,-0.327733964,0.98666811,0.408715189,0.722258091,-0.321511328,0.982300758,0.483774036,0.639904082,-0.510444045,0.979221165,0.451022208,0.650602698,-0.497719914,0.962565303,0.477540642,0.611659646,-0.547283709,0.953126192,0.4551588,0.617216647,-0.533829689,0.919824839,0.478397131,0.598987222,-0.526846349,0.946235955,0.453133047,0.604333043,-0.513115764,0.900865853,0.479803711,0.606626749,-0.505581677,0.888422251,0.452920765,0.613219917,-0.492293775,0.806575835,0.492319435,0.748021364,0.001284219,0.999486327,0.439740986,0.748581529,-0.00113493,0.999502063,0.50463146,0.771950424,-0.365917742,0.988705277,0.426542819,0.780112207,-0.334707528,0.970644951,0.48072806,0.900383174,-0.072645746,0.95852524,0.44654566,0.901140511,-0.043855418,0.972822726,0.476027161,0.909799516,-0.048087101,0.870838225,0.449308157,0.909792423,-0.020448608,0.885218263,0.476868689,0.968131185,-0.156237334,0.945682168,0.448043644,0.96882534,-0.135726154,0.953196943
0,0.464507669,0.136140555,-0.161521897,0.999839187,0.470511287,0.116503723,-0.143047795,0.999725699,0.474421591,0.115586475,-0.143100008,0.999709666,0.476948917,0.11480429,-0.143164709,0.999689043,0.458251894,0.118783876,-0.140794352,0.99962455,0.454236329,0.11928957,-0.14077872,0.999572873,0.449863106,0.119504042,-0.140740424,0.999587774,0.48141408,0.119517304,-0.026410133,0.999643087,0.445262283,0.125359267,-0.016881509,0.99943459,0.47236532,0.155152619,-0.116299666,0.999794662,0.457763821,0.155586571,-0.113763511,0.999769032,0.515022159,0.234262064,0.02716578,0.999774873,0.417955816,0.238242283,0.045950338,0.999359488,0.525753736,0.378331542,-0.074725576,0.975623667,0.406684309,0.376019627,-0.065445796,0.951899886,0.477525622,0.272365749,-0.216709927,0.973332584,0.455250353,0.272817582,-0.240839526,0.941504598,0.471127659,0.238752812,-0.251716673,0.931340098,0.458181143,0.243659079,-0.280577064,0.866268575,0.47131294,0.230528221,-0.236917228,0.923888564,0.456148386,0.235090271,-0.264535218,0.846366286,0.473072201,0.239850909,-0.213119075,0.888569176,0.456689924,0.243959725,-0.238708064,0.792703927,0.493117869,0.501030624,-0.001690653,0.999568164,0.436836481,0.500099719,0.001781966,0.999287486,0.486167371,0.716109693,-0.006662313,0.991303504,0.443572134,0.714977324,0.008418842,0.989497304,0.479615152,0.885721684,0.232378453,0.982557118,0.446706623,0.881459713,0.22765629,0.983684778,0.475603431,0.903861821,0.250105023,0.853898525,0.445680767,0.90035671,0.243282318,0.808994651,0.481492221,0.957383752,0.120375201,0.9703632,0.44788003,0.951758265,0.110888287,0.971423805
1,0.610731721,0.469978839,-0.042207178,0.999926329,0.607201219,0.453529567,-0.027564188,0.999962211,0.606409073,0.453054607,-0.027582124,0.999967277,0.605416298,0.452617764,-0.02757437,0.99996382,0.605828702,0.454524606,-0.06126646,0.999953926,0.604187667,0.45464462,-0.061378002,0.999964356,0.602312028,0.454701543,-0.061372228,0.999959588,0.589944899,0.45881331,0.049635034,0.999974608,0.587688267,0.462028593,-0.099623963,0.999965608,0.606769443,0.485129416,-0.012010286,0.999954522,0.604435325,0.486772239,-0.055072077,0.999929249,0.566669881,0.547288895,0.150082856,0.999832094,0.553621471,0.577218831,-0.173165753,0.999893606,0.592966199,0.66758281,0.084309317,0.522423565,0.588400722,0.720251739,-0.11318294,0.984360635,0.601369023,0.602555215,-0.119453922,0.467143059,0.600047946,0.601903796,0.109196678,0.947736263,0.611024261,0.572868407,-0.140689164,0.383664429,0.608527839,0.570741594,0.116345093,0.893343389,0.601495147,0.566264987,-0.12538448,0.391732246,0.59989059,0.56427747,0.096845828,0.898559868,0.594107628,0.577555776,-0.119938716,0.378297567,0.593429267,0.575218737,0.108910657,0.891829014,0.492763609,0.744443595,0.108225249,0.999958038,0.477086127,0.773951292,-0.108256914,0.9999668,0.590126216,0.702463627,0.164031848,0.511503041,0.595643401,0.748624086,-0.175782636,0.988586843,0.54152894,0.845217109,0.211382151,0.576032102,0.527940989,0.89586693,-0.04791788,0.968836844,0.523046792,0.863071501,0.21682179,0.613478839,0.511351228,0.926288247,-0.031020891,0.957928956,0.56202209,0.88307935,0.237727672,0.714862108,0.572797835,0.937612593,0.002014077,0.958275735
0,0.581499815,0.130922154,-0.110539794,0.999305308,0.577596843,0.112773322,-0.098212682,0.999404252,0.576558232,0.112052031,-0.098224647,0.999365807,0.575442016,0.111232802,-0.098212682,0.999326348,0.576441169,0.111721523,-0.135864988,0.99930048,0.574633956,0.110093236,-0.135886192,0.999393523,0.572380006,0.108409539,-0.135917023,0.999321043,0.561982036,0.112863548,-0.01367909,0.998925984,0.558265805,0.112181716,-0.181280047,0.999644578,0.575798154,0.14690122,-0.074291162,0.999537885,0.573703408,0.146757975,-0.122893296,0.999529243,0.537751555,0.233879089,0.110451438,0.999384344,0.540426373,0.235013142,-0.237237006,0.999893963,0.571120501,0.370040506,0.02140123,0.186432794,0.575073004,0.376971781,-0.181522161,0.933513522,0.586884081,0.282269001,-0.224401876,0.203698024,0.587545514,0.289368808,0.040211484,0.817024648,0.59093231,0.251812428,-0.258271426,0.183322623,0.59297967,0.2481599,0.043861352,0.733571887,0.585676074,0.241595104,-0.241386682,0.184316978,0.585728824,0.23976472,0.033880152,0.714604735,0.580690384,0.255121976,-0.227995589,0.177939042,0.579337835,0.258209556,0.044063352,0.676387966,0.530890882,0.502592444,0.110169038,0.998911798,0.532117963,0.508336067,-0.110539317,0.998779953,0.528613269,0.69933641,0.270613372,0.326035947,0.526362717,0.721552193,0.004311287,0.915004849,0.522416115,0.870648086,0.438949645,0.523258984,0.521135807,0.90559113,0.127083763,0.946098208,0.511936784,0.894501686,0.453091562,0.59171617,0.50986445,0.940602362,0.136485115,0.916753292,0.559325933,0.903416693,0.410458624,0.71486187,0.568009317,0.942476332,0.062720589,0.938448727
1,0.59344101,0.469876021,-0.041611686,0.999923468,0.589448452,0.453195661,-0.027811149,0.999958336,0.588679612,0.452611208,-0.027822962,0.999964476,0.587734818,0.45212546,-0.027814711,0.999958336,0.587936401,0.453605354,-0.059752859,0.99995321,0.58623302,0.453319222,-0.059875827,0.999965906,0.584305167,0.453018099,-0.059893519,0.999962509,0.573262513,0.457909137,0.04605462,0.999971569,0.570374906,0.460553795,-0.095308721,0.999971211,0.590395272,0.485155433,-0.012863666,0.999957681,0.587909043,0.485818356,-0.053795837,0.999940097,0.552194118,0.553924739,0.147874132,0.999801695,0.541892886,0.58064723,-0.165941507,0.999943316,0.577250898,0.681526959,0.075617269,0.55132544,0.574760437,0.734590173,-0.104119778,0.983647048,0.587225914,0.616008401,-0.119341113,0.443179786,0.589052081,0.615583479,0.114832066,0.947600067,0.595920384,0.584868431,-0.137321681,0.349830717,0.596567035,0.585615516,0.123738348,0.892053306,0.587564588,0.578404486,-0.116864905,0.351912558,0.588557839,0.57986778,0.106505632,0.895485163,0.580483735,0.58965385,-0.117185749,0.338697731,0.582674384,0.59068054,0.11552231,0.886086702,0.486784697,0.758297563,0.104765475,0.999953687,0.472673506,0.790176332,-0.104763016,0.999969721,0.58012253,0.704077423,0.16417399,0.505309165,0.586979508,0.74618566,-0.168584123,0.988212287,0.529312968,0.848273158,0.214410901,0.566853225,0.526975274,0.894329906,-0.043714855,0.96702987,0.510364056,0.871599913,0.219871283,0.602899194,0.511023521,0.92579788,-0.027396759,0.95290935,0.560759187,0.892106712,0.236841559,0.715937436,0.572656155,0.941181421,-0.00038627,0.957633495
0,0.581634164,0.117202304,-0.094972081,0.999610662,0.57743144,0.099571101,-0.083363079,0.99966836,0.576462269,0.099574059,-0.083354622,0.999704957,0.575327277,0.099594794,-0.083344802,0.999677181,0.576053917,0.099032745,-0.118547395,0.999603808,0.574221134,0.098445699,-0.11855229,0.999692321,0.572082162,0.097729459,-0.118573084,0.999635398,0.560410619,0.106067687,-0.005345932,0.99960804,0.557772398,0.105306849,-0.16125755,0.99978143,0.578206778,0.136264563,-0.061877877,0.999690592,0.576854527,0.135940179,-0.107163705,0.999691129,0.538980067,0.227108389,0.116972432,0.999417186,0.547691703,0.231516019,-0.226572037,0.999890208,0.575893104,0.364010066,0.033366267,0.230748564,0.584534705,0.368888527,-0.165281713,0.941993356,0.593059897,0.278460383,-0.186833397,0.234185889,0.594020486,0.285005242,0.06974192,0.841258764,0.598541439,0.246759951,-0.213404745,0.214774325,0.600399613,0.244690239,0.074737273,0.778893292,0.592971385,0.239664987,-0.196268752,0.215300202,0.591668963,0.241449818,0.063078165,0.765243173,0.588048875,0.25291416,-0.189200968,0.206214398,0.585714221,0.258416831,0.072322652,0.741982877,0.515544653,0.498781621,0.112147972,0.999352038,0.519381464,0.506155789,-0.112413384,0.999301732,0.527740777,0.692803383,0.219361827,0.365157276,0.526464462,0.714775741,0.001961622,0.962146938,0.522395074,0.865125179,0.332236737,0.563925505,0.522710204,0.899304688,0.125409111,0.967127085,0.511727154,0.897822678,0.340650231,0.606723905,0.510133803,0.936631322,0.13546133,0.943202972,0.561557174,0.907784462,0.299070925,0.730529487,0.56705749,0.94244045,0.075212829,0.956325233
1,0.604828298,0.489261359,-0.051191203,0.999943554,0.601116359,0.471154988,-0.039628889,0.999971569,0.60031122,0.470470339,-0.039650984,0.99997443,0.599370658,0.469869494,-0.039648954,0.999970019,0.599530876,0.471227944,-0.07148464,0.999966562,0.597691715,0.470653951,-0.071607478,0.999974191,0.595649719,0.470233291,-0.071623117,0.999971092,0.5845716,0.474754661,0.029286604,0.999979138,0.580503285,0.475405842,-0.11185205,0.999977529,0.599857032,0.505013883,-0.02360741,0.999971509,0.597517073,0.505415916,-0.064422764,0.999961376,0.555933058,0.562114954,0.129899591,0.999860883,0.551199019,0.59320122,-0.180546254,0.9999488,0.586591363,0.700904965,0.05895704,0.483599156,0.580344439,0.747110009,-0.121239565,0.981395185,0.594364285,0.63423121,-0.149023682,0.433887422,0.595020354,0.63261348,0.097802378,0.934561074,0.603832603,0.605079949,-0.169687703,0.357649773,0.603596568,0.606676936,0.106785432,0.86234653,0.597552538,0.594091117,-0.152688414,0.359514832,0.596382916,0.595317304,0.089346215,0.866624415,0.590210497,0.604537845,-0.149274498,0.34435004,0.590346456,0.605249166,0.098452426,0.859739721,0.493123591,0.763656974,0.101485647,0.999954224,0.482534409,0.798305869,-0.101482853,0.999969125,0.586219013,0.71136111,0.166750729,0.55693239,0.593266368,0.757319391,-0.169008777,0.988043189,0.530746043,0.846913934,0.217668816,0.584385395,0.528078675,0.897685766,-0.038695775,0.972354889,0.514219761,0.864378214,0.223456025,0.611657619,0.510677934,0.928517461,-0.022048686,0.963530064,0.563164651,0.889822543,0.244298339,0.737418652,0.572268367,0.9403283,0.006151245,0.963775814
0,0.586938739,0.13270247,-0.079699665,0.999509394,0.582002461,0.114987478,-0.068583027,0.999577284,0.581219435,0.115142345,-0.068581246,0.999656379,0.580251396,0.11518985,-0.06856133,0.999630928,0.580320179,0.114332192,-0.102835521,0.999484837,0.578518093,0.113942467,-0.102846242,0.999624729,0.576437593,0.113407813,-0.102861583,0.999553561,0.566985846,0.123372599,0.004932196,0.999574065,0.562748313,0.121664114,-0.145931721,0.999690235,0.584019303,0.151699841,-0.048650719,0.999519229,0.581934929,0.15108484,-0.092516355,0.999534428,0.546894848,0.244962528,0.129257083,0.999233007,0.552351177,0.24794808,-0.213979959,0.999851108,0.581984699,0.379987001,0.045938179,0.260703325,0.588975549,0.384256184,-0.150717556,0.954323947,0.59869653,0.30149138,-0.165240824,0.249512047,0.598295808,0.298276424,0.082291983,0.870490432,0.60503906,0.271282166,-0.188643157,0.236321718,0.605804324,0.263142377,0.088444106,0.826740146,0.598529875,0.263485789,-0.171600848,0.235296294,0.596542716,0.257241815,0.07624799,0.818681359,0.593150735,0.275841981,-0.167199984,0.222773775,0.589595616,0.272667766,0.084895954,0.798864603,0.512774646,0.50347966,0.117150508,0.999425709,0.514060438,0.513266802,-0.11733897,0.99943769,0.550390959,0.690973938,0.198450893,0.397450119,0.553102612,0.705203414,-0.054590374,0.984218001,0.525067866,0.868362188,0.292627066,0.630092621,0.522147,0.903676331,0.024135182,0.982777476,0.509262443,0.899663806,0.298492372,0.646345437,0.508439004,0.933326125,0.03012597,0.959118128,0.566359878,0.912539482,0.268052638,0.768868089,0.569499016,0.946411669,-0.016350437,0.975339651
0,0.465559959,0.17939657,-0.177547947,0.999991357,0.471323907,0.162352785,-0.156180069,0.99998492,0.474133432,0.161725178,-0.15622595,0.999978364,0.477342784,0.161164328,-0.156259224,0.999981999,0.460285097,0.162972659,-0.157685384,0.999983549,0.456330776,0.162706554,-0.157657817,0.999979138,0.452571571,0.162736699,-0.157555878,0.999981403,0.482494295,0.164160326,-0.034402795,0.99997437,0.445871294,0.167213455,-0.041936491,0.99996525,0.472177356,0.197994724,-0.132526845,0.999973953,0.458777755,0.197503135,-0.134553954,0.999972761,0.514573216,0.274691999,0.024430361,0.999971211,0.419291437,0.259548604,0.007523167,0.999804258,0.561819375,0.343966424,-0.031678561,0.987589121,0.378976464,0.356010765,-0.147091001,0.991666317,0.601852059,0.392297626,-0.220253259,0.989790857,0.41171518,0.254928172,-0.385668337,0.991655231,0.620787501,0.406208366,-0.261553943,0.971834481,0.415636837,0.226228759,-0.436455488,0.972204447,0.617296815,0.407848269,-0.285261691,0.97456044,0.421195894,0.228479788,-0.431237698,0.970475674,0.608926594,0.404402792,-0.235613257,0.9696787,0.423217714,0.240800455,-0.389701486,0.960908353,0.497258186,0.520730615,0.002536383,0.999823272,0.438406169,0.522941351,-0.002463087,0.999739766,0.525007546,0.724216521,-0.041843481,0.99538815,0.41170159,0.725732267,-0.050105732,0.99675554,0.530681789,0.900280178,0.090320826,0.992785454,0.404399157,0.899953306,0.077843815,0.995055437,0.524811983,0.924145699,0.094406649,0.907436788,0.411142766,0.921389878,0.082590103,0.901299417,0.548678041,0.968181789,-0.037816428,0.984895587,0.389533728,0.96511966,-0.044987697,0.989972115
1,0.468087852,0.496236175,-0.467897326,0.999963939,0.474795014,0.47935015,-0.447596699,0.999914765,0.478505462,0.47842446,-0.447627157,0.999922633,0.481916338,0.477571458,-0.447792441,0.999880672,0.463075876,0.4799366,-0.45053491,0.999887288,0.459070683,0.479552299,-0.450632721,0.999917209,0.455441296,0.479098171,-0.450598478,0.999886572,0.487412781,0.478731871,-0.322604507,0.999916553,0.450225025,0.481107295,-0.335429847,0.999885261,0.474646479,0.51281184,-0.421145618,0.99996382,0.461102307,0.513204515,-0.424622625,0.999951899,0.516793311,0.569051743,-0.246743321,0.999807835,0.423370838,0.561033607,-0.250686139,0.998301089,0.558750689,0.639517963,-0.324775636,0.993926227,0.385311663,0.682870507,-0.423022121,0.979348779,0.601241708,0.695150197,-0.469528019,0.965199292,0.418458372,0.574839175,-0.652734518,0.954530656,0.61824578,0.707855761,-0.501072764,0.915376842,0.425118208,0.539542258,-0.695842743,0.916664898,0.615934968,0.708280504,-0.516901612,0.914498448,0.428422779,0.533632398,-0.680111706,0.890822351,0.607741714,0.707297206,-0.480081856,0.879138768,0.427711189,0.547119379,-0.651201904,0.80155617,0.4999834,0.731853664,-0.001413765,0.999110103,0.445094883,0.735164642,0.001362397,0.999416888,0.553982556,0.773260832,-0.362739861,0.988053262,0.389598995,0.776807487,-0.322394639,0.989813745,0.533046901,0.904026687,-0.091007963,0.976113915,0.403878868,0.908026218,-0.082685418,0.994175017,0.52437079,0.923358381,-0.07111825,0.899880469,0.412734926,0.927942395,-0.065816678,0.967146635,0.547566175,0.965489388,-0.193116218,0.940762877,0.385664761,0.96674484,-0.186345905,0.979785979
0,0.467610836,0.153386191,-0.099462606,0.999987721,0.474698603,0.134465277,-0.079697452,0.999975085,0.477897882,0.133945331,-0.079739988,0.99996537,0.480753183,0.133789778,-0.079783656,0.999970853,0.462614119,0.135451853,-0.08064086,0.999972284,0.458342642,0.135383353,-0.080609046,0.999966025,0.454773724,0.135488853,-0.080502793,0.999971211,0.486290693,0.138268664,0.03034777,0.999959707,0.449613273,0.141198128,0.024972389,0.999936759,0.47538963,0.172061339,-0.058358401,0.999955058,0.460769325,0.17188637,-0.059872985,0.999950349,0.515940845,0.252103984,0.078981593,0.999961257,0.423398256,0.235979795,0.067749605,0.999745131,0.558505952,0.328123719,0.074189186,0.985272586,0.387322575,0.342181534,-0.073925003,0.988832831,0.600031734,0.382510006,-0.020939739,0.986802518,0.418008626,0.234715402,-0.285578787,0.990173101,0.61684382,0.398055941,-0.047289304,0.964869916,0.421595752,0.208480924,-0.331623018,0.968815863,0.615654886,0.398508906,-0.073008738,0.967731118,0.426250547,0.20437406,-0.326814741,0.966706276,0.609269738,0.395308137,-0.034388587,0.962049663,0.428374052,0.214906856,-0.289907873,0.956516862,0.498770475,0.510005891,0.000101454,0.999835789,0.441166401,0.512127995,-2.66E-05,0.99975419,0.514658093,0.724305034,-0.016691947,0.994820952,0.421150386,0.721435308,-0.019458093,0.995718718,0.53019768,0.900541365,0.114001647,0.99091655,0.403815091,0.903038979,0.105430141,0.993750215,0.525259852,0.921298206,0.118910551,0.864909053,0.409165144,0.922993064,0.111452118,0.884241462,0.548304141,0.968750954,-0.013276922,0.981216371,0.389578193,0.965873301,-0.013473241,0.988301158
1,0.469657093,0.50301069,-0.484071672,0.99997586,0.476300001,0.48638016,-0.464539289,0.999942839,0.480037689,0.485277712,-0.464568853,0.999946475,0.48352012,0.484123498,-0.464738607,0.999919832,0.464205086,0.486598194,-0.466754675,0.999925256,0.460157722,0.485698998,-0.466859341,0.999944329,0.456556499,0.484751374,-0.466831982,0.999927402,0.4893125,0.483588398,-0.339933097,0.999944448,0.45193395,0.485515088,-0.349941313,0.999916375,0.476322889,0.518747926,-0.437214911,0.999975264,0.462462097,0.518787682,-0.44002375,0.999963284,0.517853141,0.568870962,-0.259779394,0.999830306,0.423720449,0.568653464,-0.263037473,0.998207867,0.560293913,0.648750722,-0.32594341,0.995712996,0.388642341,0.69579339,-0.428584486,0.970430851,0.607852459,0.717234194,-0.453778684,0.975824416,0.417414337,0.600052297,-0.656464279,0.952354312,0.624892533,0.733751237,-0.482155383,0.934130311,0.425845385,0.560731649,-0.698258877,0.917778552,0.62129128,0.734496295,-0.499800056,0.934963465,0.42795077,0.552420378,-0.684309721,0.891070902,0.613125622,0.731373012,-0.464110434,0.907378197,0.427518994,0.564758599,-0.655233026,0.79930985,0.500001907,0.736239552,-0.001598253,0.999155045,0.445074409,0.738197505,0.001481929,0.999500096,0.554328084,0.776070178,-0.36064443,0.987925053,0.38864851,0.779873252,-0.322946638,0.991007745,0.532786846,0.90331769,-0.080470033,0.978714347,0.404019594,0.908185899,-0.075404778,0.995523274,0.524440348,0.923940539,-0.059453584,0.91905272,0.412516683,0.928072929,-0.057081193,0.972865045,0.548209965,0.963534474,-0.17657654,0.948885322,0.385681003,0.967178166,-0.174386665,0.983743787
0,0.464000076,0.151217803,-0.098268852,0.999988019,0.470355213,0.133398056,-0.075780705,0.999976814,0.473983347,0.133076221,-0.075823143,0.999967575,0.476604164,0.132951617,-0.075855471,0.9999699,0.458622456,0.134241894,-0.078546382,0.99997741,0.454448044,0.134341031,-0.078523286,0.99997437,0.450309575,0.134415895,-0.078422062,0.999976754,0.481201172,0.138105258,0.042309608,0.999959648,0.44529891,0.140396789,0.029407021,0.99995774,0.471702635,0.169942588,-0.054948349,0.999963641,0.456745535,0.169609502,-0.058629394,0.99996376,0.511401236,0.248611361,0.084049471,0.999932289,0.416666359,0.238788158,0.053485818,0.999718606,0.559611261,0.310017258,-0.003710693,0.981294692,0.380397588,0.336401671,-0.128055111,0.989332497,0.608121872,0.347894937,-0.191697359,0.982546031,0.414753526,0.225299135,-0.361513942,0.990540385,0.626574874,0.3557702,-0.231936365,0.95683378,0.416653633,0.198503628,-0.410624266,0.972301185,0.625202298,0.354380727,-0.250085562,0.960937262,0.420998037,0.195647925,-0.402761072,0.970157802,0.617088914,0.354382306,-0.205663398,0.954566002,0.42283383,0.207154214,-0.364642978,0.957701385,0.496907711,0.506995201,0.00392398,0.999772608,0.438434213,0.511713862,-0.003870899,0.999706984,0.514526129,0.719645798,-0.022017401,0.993367732,0.419404328,0.7213341,-0.029647266,0.99617213,0.530674815,0.902449608,0.090713061,0.989972949,0.402642787,0.90335089,0.082535848,0.994171441,0.524584532,0.924313426,0.094233371,0.889296174,0.408594072,0.92380482,0.08557526,0.896687269,0.550269008,0.970815361,-0.037611429,0.979457736,0.387988865,0.967079222,-0.044193927,0.987691104
0,0.542138338,0.107520171,-0.123989925,0.99987334,0.535796762,0.088787824,-0.110947333,0.999859512,0.534809709,0.08809378,-0.111007035,0.99982965,0.533878803,0.087598868,-0.111003734,0.999826431,0.53504622,0.089107037,-0.149104223,0.999864042,0.53350836,0.088472895,-0.149158075,0.999870896,0.531784952,0.087926969,-0.149141505,0.999870241,0.519998431,0.096683249,-0.026865134,0.999721706,0.518919885,0.097375348,-0.195002541,0.999895632,0.538901329,0.124328636,-0.088078007,0.999845922,0.537351727,0.125144348,-0.136836201,0.999830902,0.503857791,0.213873997,0.113394879,0.999150813,0.499057829,0.216897219,-0.266418874,0.999869883,0.567150235,0.293633491,0.135263056,0.112793468,0.562147021,0.301078588,-0.208872601,0.952941418,0.60552448,0.294580311,0.007070582,0.119819745,0.547008872,0.184160233,0.023705482,0.89334166,0.620632946,0.299647212,-0.00902319,0.118804716,0.545175374,0.154597998,0.020130254,0.869299829,0.617279291,0.303183287,-0.019278081,0.127169952,0.53412044,0.148114979,0.006039378,0.862666011,0.6103248,0.302596807,-0.004983691,0.144555837,0.533489883,0.159791365,0.024246048,0.844034851,0.471942365,0.494423836,0.116637506,0.999300957,0.46780926,0.501960456,-0.116729036,0.999710619,0.481596559,0.685740948,0.313105285,0.418903887,0.472705603,0.719636977,-0.010361014,0.984909654,0.481189072,0.834495127,0.501252592,0.69281286,0.463710546,0.929455996,0.095390394,0.986570656,0.473996639,0.84921205,0.516725123,0.711235583,0.457677901,0.959785044,0.101033926,0.957838595,0.524354041,0.858902037,0.477354676,0.866328299,0.508341789,0.962153852,0.011602767,0.983808935
1,0.560221195,0.452823937,-0.067359984,0.999982059,0.555911839,0.435980111,-0.050152652,0.999989569,0.555287242,0.435570747,-0.050210487,0.999989331,0.55455482,0.435100228,-0.050214924,0.999990046,0.554617167,0.437703669,-0.085831739,0.999989748,0.553255379,0.438469023,-0.085942738,0.999990165,0.551714718,0.439167619,-0.085936904,0.999990702,0.542739987,0.442518502,0.030809114,0.999992967,0.538752437,0.448178172,-0.129740089,0.999991477,0.55659306,0.472993046,-0.036172405,0.999987006,0.554784775,0.474096,-0.08231695,0.999982953,0.525262713,0.51826632,0.122379765,0.999831915,0.515069544,0.56751895,-0.195934683,0.99987185,0.589934766,0.603626251,0.054352771,0.692012906,0.573759675,0.660891235,-0.167813927,0.978703141,0.593334019,0.545473039,-0.164970368,0.645256162,0.561390758,0.539150894,0.013254317,0.932983577,0.603790343,0.529170454,-0.195781454,0.575842142,0.555867672,0.509932816,0.003896111,0.897936106,0.593333483,0.504104674,-0.192765996,0.591749191,0.550805628,0.503460169,-0.018817645,0.906996191,0.589666486,0.513076723,-0.171654597,0.599921286,0.550026894,0.512816787,0.009042965,0.903448224,0.441014946,0.717646599,0.115972146,0.999968052,0.426075608,0.762163281,-0.11592041,0.999982834,0.535249293,0.723781765,0.2204431,0.516674042,0.540575743,0.783966601,-0.182592839,0.993327439,0.480356872,0.849507451,0.313688427,0.571987092,0.477775514,0.928965747,-0.076066352,0.973368585,0.479058981,0.875505567,0.322726607,0.579358459,0.459026873,0.956349075,-0.064193472,0.947196186,0.523239493,0.887123287,0.342136592,0.701689541,0.521775842,0.965397537,-0.055307835,0.953680634
0,0.534489572,0.107373998,-0.098723814,0.99983722,0.52717489,0.086525962,-0.084292158,0.999758005,0.526079714,0.085786447,-0.08435338,0.99972558,0.524948597,0.085345097,-0.084360532,0.999760091,0.526453376,0.087048166,-0.12430761,0.999792039,0.524819255,0.086559668,-0.124369517,0.99979943,0.522937894,0.086395092,-0.124387726,0.999806106,0.511662781,0.095015354,0.001799006,0.999505937,0.509766698,0.096968949,-0.177967384,0.999760747,0.531164467,0.126062959,-0.062793039,0.999730289,0.529328883,0.126997977,-0.114135064,0.999696076,0.507085979,0.213616326,0.141248077,0.99890542,0.488501698,0.214705333,-0.256185859,0.999766529,0.557482779,0.301356286,0.181047454,0.232745916,0.543857217,0.312738836,-0.225009322,0.969890594,0.616306603,0.312817305,0.043998662,0.345583677,0.542782009,0.19890134,-0.036682267,0.947871804,0.631039977,0.317321241,0.028284287,0.328679591,0.545661628,0.175577179,-0.046938408,0.931299269,0.633874118,0.318506509,0.01080768,0.345829934,0.535691142,0.168311939,-0.0549981,0.926303864,0.62735945,0.31977129,0.030321622,0.363765836,0.533823252,0.174771324,-0.034484424,0.901970923,0.485628277,0.492448181,0.124117017,0.998583555,0.471903503,0.49800846,-0.124155857,0.99946183,0.479823112,0.680565,0.332489252,0.494823635,0.470548242,0.716295362,-0.043059535,0.987189531,0.478538841,0.832648396,0.535564899,0.734436095,0.464836657,0.929629624,0.038142093,0.986498296,0.471416384,0.850403607,0.552439094,0.736770391,0.456944048,0.960419893,0.041321941,0.956694782,0.524311781,0.849596977,0.511720121,0.862473071,0.513980687,0.96369493,-0.055696756,0.980942965
1,0.564441264,0.458839595,-0.092116416,0.999963105,0.561805189,0.442830831,-0.077274874,0.999980628,0.561256588,0.44237119,-0.077362038,0.999978364,0.56060189,0.441911727,-0.077406898,0.999981046,0.560155511,0.444707751,-0.110042498,0.99998045,0.558598578,0.445430636,-0.110152148,0.999979377,0.556942165,0.44609803,-0.110125408,0.999982476,0.547507882,0.446279913,9.71E-05,0.999983847,0.543618202,0.452878326,-0.146749169,0.999979138,0.559623599,0.476867974,-0.061140455,0.999971688,0.557761788,0.478429168,-0.103142276,0.999965012,0.526578605,0.520719409,0.104320183,0.999607742,0.518074453,0.571891487,-0.206546113,0.999614835,0.582034469,0.583265901,0.076949738,0.568017364,0.572931886,0.677317202,-0.163333386,0.971936584,0.612960875,0.569716573,-0.106211804,0.608362257,0.568979442,0.556066155,0.033988871,0.925696135,0.636859298,0.567943335,-0.13318643,0.586338699,0.569464207,0.528372526,0.027255034,0.888037801,0.612732828,0.556747794,-0.137251586,0.599763632,0.560876012,0.520265877,0.007759939,0.897435784,0.607718706,0.559073508,-0.11510013,0.611082137,0.560439289,0.52984184,0.031015143,0.898961127,0.443071544,0.719809294,0.112185195,0.999872983,0.427283525,0.761291921,-0.112022139,0.999921918,0.535779178,0.726566732,0.234026745,0.531841397,0.541759133,0.787458181,-0.14081499,0.990003169,0.489191473,0.861271858,0.347307742,0.535900831,0.476169258,0.932710409,-0.039120518,0.970770419,0.475624561,0.882460594,0.357629955,0.511544287,0.457568347,0.95684433,-0.026925748,0.937785029,0.517664611,0.902466595,0.378013104,0.66816926,0.515745521,0.973359108,-0.017260706,0.95445919
0,0.532698929,0.11032813,-0.099769458,0.999882936,0.525758743,0.089952819,-0.086242802,0.999855697,0.524578929,0.088875405,-0.086280853,0.999837041,0.523389995,0.088093407,-0.086255953,0.999843717,0.52510339,0.090100281,-0.128399715,0.999874771,0.523487389,0.089194119,-0.128472611,0.999884903,0.52172482,0.088677488,-0.128497019,0.999890447,0.509818673,0.095386162,-0.002114969,0.999706864,0.508836865,0.098264471,-0.186551109,0.999888062,0.529115021,0.127574697,-0.062972426,0.999823868,0.527482092,0.128904685,-0.116588831,0.999840796,0.498262405,0.21458149,0.138445139,0.998710513,0.48933515,0.217232913,-0.263497472,0.999849558,0.555900097,0.297495514,0.125007421,0.165495485,0.544733584,0.314654678,-0.217757866,0.964310944,0.580576777,0.262150884,-0.072805546,0.194633022,0.542147756,0.198928341,0.011141794,0.917687833,0.595364749,0.257516086,-0.101646349,0.190858528,0.543387651,0.179552689,0.008529911,0.897605062,0.590533733,0.253524512,-0.104757771,0.19930388,0.533732355,0.170273587,-0.004301478,0.89226681,0.586680949,0.25787878,-0.08439675,0.213379815,0.532073855,0.17852889,0.013736571,0.868609846,0.476311386,0.495658606,0.124452092,0.999125719,0.472852856,0.504565775,-0.12456204,0.999725997,0.474867344,0.683322251,0.355309099,0.490366101,0.465684026,0.718084872,-0.054173358,0.989350319,0.476632446,0.82913065,0.569434404,0.732837856,0.463044703,0.929782331,0.005184914,0.98890847,0.469651371,0.850871682,0.587722719,0.724893928,0.456849724,0.961239398,0.005824342,0.962424397,0.521199644,0.849325418,0.551486492,0.870602071,0.509399593,0.96062851,-0.092555419,0.984889388
1,0.486951202,0.562703848,-0.401135027,0.999889493,0.49151665,0.548586249,-0.386369526,0.999852061,0.494940281,0.547034502,-0.386297375,0.999810219,0.498227179,0.545147479,-0.386431843,0.999838889,0.48230654,0.549461424,-0.383528501,0.999834299,0.479133278,0.548616469,-0.383672297,0.999772966,0.476149082,0.547540426,-0.383668035,0.999807835,0.503667414,0.536472678,-0.294020772,0.999706984,0.471746624,0.540920556,-0.280622035,0.999757349,0.493607283,0.572660267,-0.365468204,0.999575675,0.482339382,0.572996676,-0.361749113,0.999595225,0.525592506,0.566166401,-0.259178281,0.996912539,0.45109421,0.56662786,-0.251570046,0.998247027,0.548322201,0.478749424,-0.348609805,0.993961036,0.432941973,0.476871997,-0.366923749,0.991474092,0.556788146,0.374403775,-0.393186778,0.978578925,0.428755224,0.370531261,-0.454047531,0.98371768,0.558993518,0.35042128,-0.419393688,0.941417098,0.425187647,0.342544883,-0.485937685,0.950110555,0.551006436,0.343466759,-0.412892818,0.935104787,0.432892621,0.338538408,-0.471734107,0.942597628,0.549076855,0.352083892,-0.395344645,0.926730931,0.435375512,0.349084258,-0.454889834,0.936404645,0.511527061,0.755276382,0.004701058,0.999549806,0.458578646,0.754330635,-0.004777365,0.999767482,0.563186526,0.814250946,-0.322370082,0.996347904,0.417776972,0.815691948,-0.345020235,0.997283638,0.541354299,0.897575021,-0.052056421,0.981389701,0.42494455,0.901940763,-0.051183768,0.984621823,0.528796315,0.905667722,-0.027253095,0.91738224,0.429711431,0.90800339,-0.024771737,0.890763283,0.556694746,0.960726082,-0.103402033,0.95304805,0.414726257,0.9568488,-0.103146806,0.958454192
0,0.488560587,0.278372258,-0.435528815,0.999942183,0.494037688,0.259833932,-0.421950519,0.99993521,0.497760713,0.25816676,-0.421885878,0.999909461,0.500941396,0.25637278,-0.421979815,0.999928474,0.483201802,0.260296106,-0.420157045,0.999917626,0.479733139,0.259160042,-0.420244396,0.999879241,0.476550102,0.258042544,-0.420218885,0.999900639,0.506011963,0.253954113,-0.315290302,0.999898076,0.472410768,0.255836487,-0.305094361,0.999869406,0.4956173,0.291390151,-0.392168313,0.9998492,0.482623339,0.292198241,-0.389553934,0.999800265,0.52832526,0.30426991,-0.257932693,0.999403119,0.453639895,0.303729564,-0.261633635,0.99901408,0.551899552,0.192176551,-0.353918701,0.996318877,0.436505973,0.188412026,-0.389347106,0.99276495,0.554984987,0.070461139,-0.442660153,0.987297595,0.438016087,0.067264363,-0.512489021,0.987410665,0.554755449,0.039568152,-0.480684996,0.955753803,0.433101743,0.042795084,-0.558209419,0.961368978,0.548966885,0.037922926,-0.484045029,0.954690754,0.441942751,0.040592235,-0.555172384,0.958468676,0.547746599,0.048494074,-0.450539589,0.95319134,0.445777506,0.048774861,-0.518790424,0.957611918,0.512122571,0.539087236,0.00272262,0.999703288,0.458410829,0.538816988,-0.00285225,0.999753773,0.524696946,0.723832726,-0.018133339,0.986982286,0.446937472,0.72523123,-0.032912672,0.99254483,0.5410918,0.894937217,0.113753498,0.986122668,0.424972713,0.895932317,0.103977665,0.989964724,0.535355449,0.915641546,0.119244538,0.863722086,0.427861691,0.914119363,0.109652005,0.848567307,0.55336827,0.954789281,-0.02342622,0.968516409,0.417278111,0.955583036,-0.026474634,0.973910451
1,0.486249596,0.563144863,-0.395715147,0.999971032,0.490347564,0.54931134,-0.381678522,0.999968469,0.493686825,0.547093689,-0.381602585,0.999954641,0.496837437,0.544375122,-0.381724477,0.999967217,0.481615841,0.550964832,-0.378226638,0.999962032,0.478409678,0.55003047,-0.378364414,0.999941468,0.475552171,0.54869473,-0.378343254,0.999958515,0.501532614,0.534525275,-0.286017448,0.999937594,0.470371097,0.539934516,-0.269391626,0.999943376,0.492519438,0.571105659,-0.358103544,0.99987334,0.481838554,0.572078049,-0.35353598,0.99987632,0.523450315,0.560975194,-0.240436047,0.997945309,0.448793322,0.561309755,-0.228282362,0.998948872,0.545636356,0.486678392,-0.335457623,0.99432528,0.428390503,0.487993658,-0.335483879,0.99334085,0.548189521,0.38438347,-0.403716087,0.979155004,0.428338915,0.383558989,-0.421322048,0.983800054,0.549751282,0.35817048,-0.43315798,0.937532783,0.424914598,0.356067151,-0.452240944,0.942596078,0.540907562,0.352604091,-0.425976425,0.931422174,0.432932526,0.354360968,-0.437301964,0.933673382,0.539098144,0.363144815,-0.405855417,0.917304218,0.435592175,0.364867359,-0.421025515,0.923056424,0.509369016,0.740366876,0.002187714,0.999606013,0.457098246,0.739867151,-0.00228474,0.999799967,0.559109807,0.793975234,-0.342701048,0.993764222,0.41849333,0.800216436,-0.342676342,0.996521413,0.542440116,0.895969331,-0.11044766,0.981721163,0.42477116,0.897969365,-0.113492094,0.990905464,0.531856298,0.912202597,-0.090201437,0.926034391,0.430004686,0.908413351,-0.09424489,0.920253396,0.557736516,0.956562877,-0.180791467,0.957339644,0.415407896,0.954927385,-0.188599423,0.972705126
0,0.488159984,0.263561547,-0.363848627,0.999870598,0.493608475,0.244464517,-0.348534644,0.99983561,0.497498333,0.24366805,-0.348471701,0.999782264,0.500438273,0.242898688,-0.348519355,0.999819517,0.482438624,0.244654641,-0.34753108,0.999799967,0.478399187,0.244144991,-0.3476035,0.999723673,0.475154102,0.243740901,-0.347588807,0.999754429,0.505775332,0.244313449,-0.250474513,0.999683619,0.470930994,0.246150285,-0.244508579,0.999606192,0.495154679,0.279839694,-0.325669199,0.999617696,0.481466949,0.278300256,-0.324145287,0.99951905,0.527364969,0.303726137,-0.214003235,0.999007225,0.456512362,0.304188877,-0.221013948,0.998167753,0.546266854,0.187984198,-0.301608622,0.995118797,0.440823615,0.178416595,-0.323780596,0.993489087,0.549899876,0.066491984,-0.376527369,0.987000942,0.446806431,0.062451087,-0.394543231,0.986848354,0.551371634,0.039732777,-0.414654732,0.955501616,0.442900419,0.036428008,-0.43093133,0.959067464,0.546291232,0.036524851,-0.416997045,0.954141259,0.451518118,0.032168455,-0.430039406,0.955864847,0.543900609,0.045013115,-0.383922487,0.954955637,0.454902023,0.040844031,-0.399758071,0.956505895,0.514597476,0.548106074,0.004381127,0.999545097,0.460562617,0.54579711,-0.004471416,0.999611855,0.525370061,0.726788819,0.015006624,0.98628968,0.447702885,0.729304016,0.00142198,0.992628276,0.540556312,0.891697586,0.14781411,0.988179505,0.425071806,0.898468077,0.135574058,0.991131723,0.535163283,0.914300025,0.153838977,0.894307196,0.42797336,0.916367412,0.140939802,0.857923865,0.553265214,0.956589937,0.022874113,0.974311292,0.419091374,0.961147308,0.011328406,0.975824893
1,0.488437235,0.574677229,-0.373062521,0.999959588,0.492521942,0.560663879,-0.358853936,0.999953151,0.495722055,0.558782756,-0.358787775,0.999934614,0.498820692,0.556618094,-0.35890466,0.999947608,0.483634472,0.562273979,-0.356332988,0.999942839,0.480248839,0.561382055,-0.356466889,0.999915302,0.477183431,0.560087979,-0.356454909,0.999936461,0.503348589,0.54811579,-0.266416132,0.999906361,0.471855342,0.552574813,-0.254166245,0.999922276,0.494708121,0.582525969,-0.337091923,0.99985081,0.483997673,0.583844185,-0.333790481,0.999851525,0.524256885,0.575900793,-0.229489356,0.998205483,0.45140785,0.575346828,-0.221197754,0.998883069,0.546585441,0.504359901,-0.314581543,0.994195104,0.431504577,0.498051792,-0.324447691,0.993969738,0.548317671,0.402737856,-0.362386465,0.980650961,0.429812759,0.392515212,-0.397316188,0.984907746,0.548890412,0.378836364,-0.388691962,0.941650867,0.426814228,0.365683913,-0.426145971,0.945890069,0.540544868,0.371335715,-0.380244762,0.935904622,0.434211642,0.362976789,-0.411461979,0.937246859,0.539065421,0.380740792,-0.363504827,0.924092054,0.436569631,0.373339504,-0.397049874,0.927387655,0.509762287,0.75906086,0.00213494,0.999613106,0.457698286,0.758264661,-0.002219053,0.999788463,0.558732867,0.795286655,-0.335947305,0.995030701,0.417311281,0.803858459,-0.346677423,0.997235119,0.542580605,0.898859978,-0.103228308,0.98417753,0.423376977,0.90017134,-0.102359474,0.991053641,0.531884789,0.915210545,-0.082554668,0.933746099,0.42859292,0.911820412,-0.080797374,0.92675364,0.5579108,0.955127954,-0.16720961,0.961714268,0.413717926,0.951722801,-0.16756621,0.973348796
0,0.484174877,0.273356557,-0.33547169,0.999893367,0.488808334,0.255149066,-0.320396125,0.999867499,0.492188543,0.253600389,-0.320358247,0.999821067,0.495782763,0.252092838,-0.320432752,0.999854624,0.478824794,0.255994618,-0.318456948,0.999824762,0.475514829,0.255385667,-0.318517745,0.999746919,0.471896946,0.254618615,-0.318494976,0.99977982,0.500903964,0.252954543,-0.221167952,0.999783218,0.469127804,0.254943311,-0.210525915,0.999693692,0.491290808,0.28712365,-0.296396166,0.999736965,0.478243828,0.287498266,-0.293556243,0.99963665,0.525016129,0.306312621,-0.181623429,0.99944067,0.450583071,0.307254016,-0.185333788,0.998664677,0.547547221,0.200090602,-0.272585183,0.995179772,0.432102591,0.196860865,-0.295620978,0.993342221,0.547333837,0.084101446,-0.358917087,0.986807346,0.432852507,0.076759093,-0.396876276,0.987994611,0.548179209,0.052492332,-0.39818418,0.956561685,0.429769456,0.053023752,-0.43858847,0.962247193,0.542983234,0.050317723,-0.401612669,0.955479145,0.43669349,0.047394637,-0.437322795,0.95943743,0.541257083,0.060976371,-0.366737038,0.954688966,0.439911842,0.054156087,-0.403109729,0.958653569,0.512037516,0.547112048,0.002574432,0.999740362,0.458608001,0.546322286,-0.002617729,0.999741316,0.52679801,0.727431417,-0.020369029,0.988629639,0.445220292,0.731913447,-0.021030333,0.994421899,0.541251779,0.893552542,0.108697906,0.988335967,0.425339073,0.897999465,0.107761107,0.992453873,0.534910619,0.914550841,0.114545025,0.895669878,0.428568691,0.914398432,0.112861551,0.884161651,0.554901898,0.956024528,-0.018556336,0.973423183,0.417076647,0.956893981,-0.01509731,0.97895515
1,0.428188473,0.550944626,-0.152433783,0.992694199,0.429902077,0.534273863,-0.158196986,0.996062636,0.431512058,0.532278597,-0.158196896,0.99578315,0.433279186,0.529962599,-0.158309549,0.997127116,0.428382784,0.534968734,-0.136681214,0.992026389,0.428796828,0.533697665,-0.136686713,0.987446904,0.429279864,0.532088161,-0.136680752,0.98922646,0.446151018,0.518750191,-0.157312572,0.994626105,0.438400358,0.523968816,-0.058081634,0.986503363,0.436476141,0.555849373,-0.149968252,0.992527664,0.434241384,0.55676806,-0.121487342,0.983106911,0.486728728,0.549308717,-0.191379935,0.998656869,0.446927309,0.566353917,-0.001713958,0.989598334,0.442883641,0.452071935,-0.288997114,0.983871937,0.420240968,0.472535878,0.017274091,0.556592405,0.421420276,0.35582,-0.293873876,0.95010972,0.398339599,0.370887667,-0.040054299,0.703361452,0.415696532,0.328692853,-0.322415054,0.927803516,0.395893753,0.341970414,-0.051436879,0.715112031,0.41941753,0.326793492,-0.311713606,0.920392334,0.403215736,0.339076072,-0.056449216,0.713294685,0.421384275,0.336771339,-0.291395694,0.899018288,0.405152082,0.34989363,-0.046726994,0.713892937,0.521270275,0.769411564,-0.075389192,0.999831736,0.482422173,0.75472182,0.075464472,0.999387205,0.453528315,0.80941838,-0.30663991,0.982371271,0.403125942,0.735958278,0.077537164,0.694356561,0.504454255,0.902393579,-0.122232452,0.926352441,0.46582967,0.84971714,0.129442424,0.62749964,0.520126522,0.914228201,-0.099551126,0.898720384,0.480694115,0.846569896,0.134065181,0.589151323,0.481364161,0.94924283,-0.092657946,0.918076277,0.448523343,0.888020635,0.140146241,0.656162262
0,0.44255051,0.267980695,-0.082447939,0.998345494,0.445312738,0.249367326,-0.098619044,0.998528719,0.447144449,0.247130096,-0.098642208,0.998371065,0.449098259,0.244497895,-0.09867619,0.998571396,0.443167746,0.250947058,-0.06469284,0.998071671,0.443376213,0.250130773,-0.064696461,0.996976316,0.443658888,0.249173611,-0.064745203,0.997417033,0.462043285,0.237688765,-0.135611042,0.997507632,0.453436524,0.245861202,0.021130037,0.995134771,0.45031935,0.274970382,-0.092570014,0.997344553,0.447381347,0.277573526,-0.046653509,0.995567501,0.503442287,0.28869614,-0.187968329,0.999287188,0.463690907,0.303407788,0.098010607,0.996180534,0.474317372,0.175789922,-0.31602791,0.992235661,0.433264196,0.191992611,0.172209471,0.432216495,0.455799013,0.06340754,-0.363682032,0.967652917,0.415629148,0.081894509,0.083037771,0.770032763,0.451433837,0.04228903,-0.398317307,0.951208055,0.413282812,0.058048122,0.07364922,0.771200776,0.453234285,0.04113942,-0.386223674,0.945413649,0.41818276,0.056081567,0.047604494,0.768986285,0.45240435,0.047907878,-0.360050201,0.92234236,0.421450227,0.063665926,0.067565337,0.77547729,0.504530072,0.530317664,-0.097169504,0.999886274,0.46867013,0.52904731,0.09722361,0.999494791,0.501929641,0.713400602,-0.131392807,0.989478469,0.469767153,0.695782602,0.235885784,0.782519341,0.510443628,0.899002135,-0.148902312,0.995323598,0.466173559,0.832407117,0.407023191,0.847291768,0.519846261,0.927376568,-0.156736746,0.984487057,0.474524796,0.857010901,0.419055939,0.810991287,0.479357958,0.954122066,-0.282523572,0.993088067,0.426514536,0.874122024,0.363354385,0.898815155
1,0.432120174,0.549787581,-0.174633488,0.994310319,0.433473974,0.533826172,-0.178850174,0.99686265,0.435181081,0.531813622,-0.178838789,0.996779561,0.437080711,0.529418051,-0.178948611,0.997733057,0.431713253,0.534700453,-0.157966182,0.993376553,0.432056367,0.533646703,-0.15796113,0.98979038,0.432525814,0.532282114,-0.15794909,0.990848243,0.449153185,0.517716408,-0.170472875,0.996253848,0.441871345,0.523445666,-0.073524371,0.988744915,0.440674692,0.554866135,-0.169472724,0.995411336,0.438166559,0.555739403,-0.141545311,0.988794208,0.491789162,0.543146014,-0.196783587,0.999156177,0.450012624,0.562444687,-0.0213362,0.992124379,0.445274413,0.454581439,-0.301878124,0.986461222,0.420859247,0.464909732,-0.003612792,0.667626739,0.421940506,0.362854689,-0.309401333,0.955077767,0.396501392,0.369826555,-0.051138289,0.783876717,0.414701939,0.340646356,-0.336362302,0.933081388,0.391943991,0.343911439,-0.063609652,0.772770286,0.418076187,0.338815361,-0.326587111,0.925231934,0.398606509,0.341325432,-0.066553369,0.769393086,0.420403093,0.347252399,-0.307202667,0.901680708,0.402625948,0.351246983,-0.056874849,0.768222451,0.532369733,0.75195539,-0.066307656,0.999866188,0.490151465,0.740693927,0.066401981,0.999435186,0.46355772,0.786817491,-0.340785682,0.990715086,0.416927099,0.72982806,0.028011441,0.807980776,0.510122538,0.907446563,-0.192687303,0.969990909,0.459600925,0.831273913,0.098938107,0.7871297,0.524638951,0.927954793,-0.176574245,0.938515186,0.474713504,0.842411697,0.104488157,0.729948938,0.481245518,0.958093524,-0.212992907,0.963549435,0.436986357,0.884773254,0.085540235,0.821463168
0,0.444851309,0.25617069,-0.087967135,0.997009039,0.449757338,0.239213288,-0.103272043,0.996992648,0.45155257,0.237941504,-0.103300169,0.996790409,0.453433931,0.236527056,-0.10333737,0.997072756,0.447817028,0.238855407,-0.070939593,0.996316135,0.448249161,0.237372041,-0.070963204,0.994531512,0.448733479,0.235705271,-0.071050808,0.995316088,0.468526989,0.234235376,-0.13808848,0.994876027,0.459066302,0.236147776,0.0102327,0.992353916,0.450633764,0.267725885,-0.098341092,0.994081736,0.447842896,0.268053681,-0.055384051,0.991346121,0.502824843,0.291703492,-0.194178015,0.998517573,0.461356729,0.297346652,0.083750412,0.995070159,0.470506668,0.173795655,-0.323981285,0.991740167,0.440257609,0.177173227,0.150614828,0.500028908,0.458008111,0.059719943,-0.375335157,0.963226676,0.424740553,0.068494186,0.08058697,0.793272138,0.455436081,0.036494423,-0.410884142,0.943609595,0.423009008,0.047020845,0.069132753,0.780242741,0.458000898,0.03489197,-0.399697036,0.936950505,0.427037388,0.045797374,0.049834296,0.77684468,0.45697394,0.041418295,-0.372816831,0.916346788,0.429267555,0.052320465,0.06686487,0.78462857,0.498144954,0.535397768,-0.092031099,0.999758363,0.461410195,0.532882452,0.092001542,0.999184787,0.495537519,0.71644628,-0.096952781,0.989430428,0.463108867,0.701481223,0.214519098,0.83773154,0.511011958,0.899252772,-0.084282756,0.994842827,0.464812428,0.833436728,0.378051102,0.878023267,0.520943284,0.927300453,-0.089246623,0.981759191,0.475386679,0.856539607,0.389253378,0.841993868,0.479950279,0.956987083,-0.210496873,0.992298007,0.432588249,0.881670892,0.331098735,0.915322542
1,0.435537755,0.560686588,-0.146181703,0.994375169,0.437115014,0.544227958,-0.152214274,0.997071147,0.438792527,0.542278349,-0.152227178,0.996935189,0.440663904,0.539971709,-0.152332768,0.997821093,0.435388714,0.545261383,-0.130065173,0.993965149,0.435694277,0.544338703,-0.13006112,0.990765452,0.436141342,0.54300195,-0.130040735,0.991486728,0.453026384,0.530054629,-0.15378204,0.996488392,0.445532888,0.535208702,-0.051880389,0.989068031,0.444071054,0.566812277,-0.144926995,0.995487154,0.441365182,0.567744434,-0.115593769,0.988971889,0.49322781,0.559820116,-0.191270977,0.998965383,0.458317101,0.577029943,0.003809766,0.989189208,0.446074158,0.467534393,-0.290630192,0.980637729,0.430401087,0.48150903,0.041186877,0.57145226,0.42048797,0.374517709,-0.299568385,0.948921323,0.397871643,0.385525376,-0.010401988,0.753749967,0.411453068,0.354816854,-0.326957345,0.928317487,0.391622961,0.363712609,-0.019338464,0.761386514,0.415401697,0.352145553,-0.318496227,0.920402884,0.397312701,0.361666143,-0.029499605,0.762627959,0.418274641,0.359534711,-0.297724634,0.89545995,0.400997967,0.36862874,-0.018582085,0.760926723,0.529688954,0.769649446,-0.070448294,0.999862075,0.492971569,0.7521891,0.070536546,0.999390006,0.457208455,0.787697017,-0.344348997,0.988366902,0.416985422,0.731670022,0.032808766,0.768573344,0.509867251,0.904737175,-0.160184816,0.954882979,0.45913434,0.829601049,0.098372057,0.73815465,0.524214625,0.921374083,-0.139652342,0.922762513,0.474345118,0.838527143,0.103653632,0.690663815,0.481735319,0.950805128,-0.154894352,0.945992649,0.436478704,0.873444676,0.092101008,0.772843063
0,0.445579618,0.260372847,-0.086236253,0.998169184,0.450074345,0.243876249,-0.102852143,0.99803257,0.451822191,0.242609441,-0.102866367,0.997852981,0.453676939,0.241232812,-0.102882624,0.998137116,0.448354155,0.243844077,-0.069912411,0.997715056,0.448884815,0.242546216,-0.069933936,0.996574461,0.44940272,0.24104239,-0.069999933,0.997193754,0.468324363,0.237858877,-0.136357635,0.996659756,0.459024817,0.240794316,0.013026917,0.995342016,0.451437891,0.271092951,-0.096191637,0.996263087,0.448672354,0.271925569,-0.052753605,0.994404376,0.502954602,0.290209293,-0.189922258,0.999079227,0.460672438,0.299557447,0.08712706,0.996747196,0.466640651,0.180561259,-0.31068635,0.992460907,0.430912316,0.186696708,0.153572544,0.605708182,0.448668659,0.067318074,-0.34227699,0.961770535,0.415163189,0.080333382,0.074326947,0.842207134,0.44695282,0.04635229,-0.376116157,0.940662622,0.413862288,0.060018953,0.061009388,0.820813119,0.449798256,0.0448175,-0.366466522,0.933741331,0.418170035,0.05757416,0.04135444,0.818440855,0.448469579,0.051400475,-0.339673489,0.912757277,0.420024693,0.06392242,0.060881268,0.823482454,0.500488341,0.533350945,-0.094741717,0.999845684,0.463454902,0.530385792,0.094754443,0.999443412,0.496679842,0.716066599,-0.115458705,0.991020799,0.464259773,0.696419001,0.235148311,0.830596387,0.509291172,0.90062052,-0.123448215,0.995427012,0.46465674,0.829892755,0.419033617,0.873574436,0.520357966,0.928992689,-0.130281836,0.981475294,0.473466873,0.853263617,0.434964508,0.837255597,0.478191674,0.955499768,-0.252884775,0.993126214,0.426420301,0.874264777,0.364977837,0.91348815
0,0.480951607,0.274186581,-0.423567384,0.999454737,0.485316813,0.257087529,-0.403405607,0.998613,0.48885566,0.256586552,-0.40329662,0.99808985,0.49187088,0.256399214,-0.403309733,0.997979522,0.475429535,0.256983042,-0.409109652,0.999459684,0.471304268,0.256861925,-0.409171492,0.999527454,0.467327267,0.256542087,-0.409185976,0.999634564,0.49609822,0.261594236,-0.268776476,0.995045245,0.460128844,0.260589272,-0.298000544,0.99953407,0.486223996,0.29187566,-0.371195525,0.996744156,0.474238932,0.289934069,-0.379794806,0.999120474,0.514389634,0.32106328,-0.181937963,0.996971369,0.435859382,0.352073014,-0.24183169,0.999590635,0.535783887,0.191847399,-0.229266688,0.990324855,0.427874267,0.478397399,-0.388688982,0.98513931,0.540195048,0.077205263,-0.309650302,0.986894011,0.480505317,0.482123941,-0.577341199,0.973167479,0.541543067,0.048136752,-0.348360807,0.956477165,0.496762753,0.484464765,-0.624185205,0.934728086,0.53740871,0.046159886,-0.352166593,0.954903781,0.499053627,0.469911188,-0.618540287,0.934372663,0.535533309,0.056158978,-0.318790287,0.958546579,0.494945467,0.468911529,-0.578614831,0.911310613,0.509097219,0.558082938,0.014034097,0.999573708,0.455530822,0.561432421,-0.014198592,0.999718606,0.525684953,0.734819114,-0.021302195,0.99278307,0.43645978,0.740781665,-0.036114987,0.992859185,0.545193553,0.895679235,0.157955199,0.988603652,0.410630643,0.903843522,0.143012792,0.992822528,0.539651632,0.918041289,0.167842254,0.907808304,0.412756145,0.921482623,0.153826594,0.898659647,0.560547173,0.955572426,0.032189615,0.980477929,0.40410614,0.963769972,0.012743212,0.985453784
1,0.487398058,0.573446274,-0.558987021,0.999912679,0.491698742,0.557659149,-0.541482508,0.99982816,0.494648367,0.555746436,-0.541472316,0.999746442,0.497388691,0.553495765,-0.541582644,0.99965483,0.482371658,0.558419347,-0.547387123,0.99993825,0.478607357,0.556885123,-0.547530055,0.99995172,0.474418581,0.554945052,-0.547603488,0.999960363,0.499478489,0.544738233,-0.40607214,0.999523818,0.465274334,0.547776937,-0.432369232,0.999984622,0.490224123,0.583082259,-0.503785551,0.999544621,0.479957819,0.58497864,-0.511794209,0.999923766,0.511916101,0.555571795,-0.266438633,0.995261908,0.439992964,0.606938064,-0.35432896,0.999528766,0.539793611,0.473660231,-0.217768475,0.950567901,0.442717969,0.732440889,-0.481498331,0.993681967,0.553320467,0.375770658,-0.205722377,0.934113324,0.497940779,0.706849396,-0.621832013,0.97825706,0.553554356,0.34994778,-0.214063242,0.882901192,0.508545101,0.697697878,-0.663658917,0.934643149,0.548216462,0.347741187,-0.219916895,0.86997956,0.507880151,0.684888184,-0.646772861,0.91941905,0.547987282,0.357855022,-0.209159493,0.823975146,0.504758298,0.686104655,-0.616330504,0.849462211,0.499116659,0.732567012,0.008841666,0.999824762,0.451937288,0.740307391,-0.008798789,0.999881387,0.555433989,0.78769201,-0.324952334,0.997589827,0.41411978,0.786590934,-0.346044958,0.996910274,0.545867264,0.900740027,-0.06896162,0.990860462,0.409836054,0.910867989,-0.113149896,0.997801781,0.536107719,0.91737783,-0.04971315,0.962696671,0.41435495,0.924485922,-0.095594525,0.978443086,0.562474847,0.950270355,-0.163405627,0.980615437,0.404107183,0.959285915,-0.227328151,0.992216587
0,0.489130497,0.298450798,-0.2686854,0.999788463,0.493816614,0.282106578,-0.25038296,0.999560356,0.496362507,0.281497449,-0.250340313,0.999361396,0.499072224,0.280837476,-0.250379503,0.999285996,0.484549195,0.281544,-0.257334769,0.999818385,0.480754793,0.280310959,-0.257361382,0.999832392,0.476767004,0.278957099,-0.257344097,0.99987644,0.501494229,0.280621946,-0.121980287,0.99902159,0.468711466,0.275794357,-0.154540762,0.99991256,0.492705107,0.312621355,-0.217070848,0.999150157,0.482703388,0.311520398,-0.226817697,0.999770999,0.515947521,0.321590722,-0.031895723,0.999130249,0.440694273,0.349905491,-0.101259924,0.999823689,0.543498635,0.209045142,-0.051305812,0.982702076,0.436285019,0.476933599,-0.236933321,0.987385571,0.554922819,0.095867053,-0.111013614,0.974636793,0.492749602,0.473140031,-0.423255682,0.979282916,0.55676502,0.066424578,-0.139174238,0.93062067,0.507473648,0.470943987,-0.467172712,0.94428432,0.552361906,0.063639902,-0.144138411,0.928144872,0.509088218,0.458608717,-0.458643109,0.942684293,0.550969124,0.07471282,-0.118827678,0.92710942,0.504832685,0.458871633,-0.422666639,0.913726091,0.505216956,0.55567646,0.00808057,0.999767363,0.456049055,0.557468653,-0.008106424,0.999767065,0.526583314,0.733998299,-0.044293325,0.997178555,0.437069595,0.740469694,-0.04001173,0.993607998,0.548842311,0.891322553,0.093153611,0.993349969,0.408711493,0.899033189,0.100119278,0.993753672,0.541582704,0.912732244,0.099914283,0.910457015,0.411441147,0.913792849,0.107649289,0.912177384,0.559635222,0.948574483,-0.032396235,0.985497773,0.406297117,0.957886994,-0.026259145,0.986270428
1,0.486784548,0.587268472,-0.512435138,0.999973416,0.491232336,0.571106911,-0.498115361,0.999952614,0.494175494,0.569768071,-0.49808684,0.999925792,0.496886641,0.567945242,-0.498189837,0.99989748,0.481780708,0.570192218,-0.50215745,0.999982297,0.477509499,0.568043709,-0.502283633,0.999984145,0.472931445,0.565441906,-0.502322495,0.999987245,0.499504566,0.560451269,-0.37874192,0.999852538,0.463799715,0.558291197,-0.397212207,0.99999553,0.489403307,0.59742409,-0.463241994,0.999863505,0.478603303,0.598067045,-0.468777359,0.999979079,0.511227131,0.57015419,-0.265779018,0.997795463,0.437852532,0.623374104,-0.330282956,0.999750972,0.541126192,0.49148035,-0.30637759,0.969891012,0.440125883,0.753798068,-0.440397799,0.994455278,0.555086493,0.394602716,-0.371641248,0.956218123,0.497995317,0.728293836,-0.560390592,0.979736805,0.556321919,0.36722064,-0.398321539,0.914583504,0.509500623,0.719353735,-0.597168088,0.934569359,0.550765395,0.363656491,-0.399212182,0.903422475,0.508098722,0.705089986,-0.583363831,0.917971969,0.550166726,0.37370944,-0.375830889,0.866826057,0.504548073,0.706188858,-0.555764318,0.851645291,0.499961793,0.748937964,0.007331864,0.999838352,0.452198893,0.754079759,-0.007304502,0.999903142,0.558944643,0.797845542,-0.318608612,0.997155368,0.410015583,0.800590277,-0.317752987,0.996375442,0.545830846,0.902768254,-0.067969352,0.988411188,0.410048008,0.914609849,-0.090522803,0.997652769,0.534936845,0.920485079,-0.047355734,0.962100327,0.415428251,0.929099083,-0.071808629,0.976589918,0.562818944,0.953917861,-0.148699939,0.97412461,0.403126568,0.963124573,-0.189429611,0.990573108
0,0.483131588,0.297856808,-0.267051101,0.999104083,0.48798871,0.280103207,-0.247372389,0.997975647,0.490933508,0.27918753,-0.247327358,0.997187614,0.494048655,0.278119177,-0.247363895,0.997111976,0.47825259,0.27999863,-0.253322959,0.999057591,0.474537313,0.27894032,-0.253348649,0.999096692,0.470960438,0.278524071,-0.253327101,0.999304473,0.497690111,0.278114736,-0.118070737,0.995527148,0.463919461,0.278485626,-0.14642404,0.999316752,0.487795174,0.312258154,-0.215990618,0.996415377,0.476321876,0.312149465,-0.224436477,0.998694122,0.514389873,0.321104795,-0.042198732,0.998601794,0.439495623,0.353237271,-0.104057387,0.999634206,0.53946811,0.205976322,-0.101433814,0.986247778,0.436874002,0.479475737,-0.257477701,0.984026372,0.543355584,0.088402972,-0.175382793,0.976811707,0.494186103,0.467141926,-0.446868598,0.974877417,0.542517543,0.060621999,-0.211502194,0.928419769,0.507893503,0.466947466,-0.493460268,0.937345684,0.537949204,0.056971591,-0.209546283,0.925101995,0.508324146,0.455464602,-0.484115601,0.936208189,0.537118614,0.065418676,-0.181770861,0.929102957,0.503841758,0.456377298,-0.446963161,0.909089208,0.504469097,0.557228804,0.01259785,0.999682784,0.455501884,0.557332039,-0.012581316,0.99973166,0.526597261,0.735981226,-0.031344555,0.995580435,0.435636222,0.741698265,-0.046001069,0.993974209,0.548674703,0.895379186,0.101146683,0.989599168,0.409041256,0.907572687,0.092370383,0.993398309,0.541127145,0.915721357,0.10761591,0.916189432,0.410381734,0.924784064,0.099711105,0.913799942,0.562375665,0.954611063,-0.022733258,0.980683088,0.403221667,0.962965846,-0.036045633,0.986099422
1,0.488241196,0.598849893,-0.453165114,0.999792337,0.493364096,0.585362911,-0.436458915,0.999722779,0.495909452,0.583681226,-0.43643561,0.999648273,0.498678356,0.581548035,-0.436553389,0.999639153,0.484632105,0.585603952,-0.440862328,0.999840677,0.481223196,0.58436501,-0.440974176,0.999851704,0.477845758,0.58302325,-0.441019863,0.999870956,0.500799835,0.568979144,-0.315396607,0.999416053,0.469498008,0.575690508,-0.335602969,0.999927878,0.491559982,0.607899189,-0.404866785,0.999545097,0.480453432,0.608142614,-0.410618961,0.999842048,0.515659094,0.573670983,-0.228017733,0.998285413,0.445058644,0.623551846,-0.289320767,0.999578416,0.545009136,0.494940698,-0.285404742,0.979311109,0.446893036,0.754295349,-0.412815809,0.993401825,0.554379344,0.399327636,-0.355765253,0.972865999,0.50332582,0.731442869,-0.527090311,0.979877114,0.556112528,0.374818712,-0.38613373,0.937713087,0.513317049,0.726002991,-0.563142061,0.938024402,0.550832093,0.371129721,-0.384292454,0.932406366,0.512245595,0.713635504,-0.54964149,0.928705394,0.549668431,0.381889731,-0.360043526,0.915762842,0.508932769,0.713215888,-0.523470819,0.881834447,0.499350548,0.760211885,0.010641215,0.999777615,0.452164948,0.767907381,-0.010537285,0.999850154,0.561995089,0.789866984,-0.308110595,0.99772191,0.409578562,0.800341487,-0.329762757,0.997170925,0.546960711,0.902373433,-0.071660057,0.985822558,0.408186585,0.910224736,-0.095751062,0.994843841,0.535456598,0.922232211,-0.050549395,0.957802713,0.413264275,0.921161115,-0.075099967,0.964340925,0.564247906,0.95701164,-0.139274567,0.974817157,0.403539717,0.959612548,-0.180421516,0.988319457
0,0.48065725,0.32121852,-0.346225142,0.999938846,0.486031711,0.306538343,-0.333059371,0.999888659,0.488905132,0.305430591,-0.3330051,0.99982965,0.49179554,0.304251522,-0.333057255,0.99981308,0.476091802,0.304975897,-0.335294902,0.999953926,0.471791178,0.302622825,-0.33534947,0.999956489,0.468528569,0.300251991,-0.335356921,0.999970615,0.495236009,0.299132645,-0.209749669,0.999749541,0.462536991,0.292582124,-0.220552281,0.999981582,0.484982818,0.332523227,-0.294731557,0.999747336,0.473340601,0.330858976,-0.298322558,0.999938548,0.51159966,0.328789532,-0.099887326,0.999129772,0.434345484,0.35940975,-0.156270176,0.999906123,0.544238329,0.228298441,-0.113776729,0.984277368,0.42962274,0.489989012,-0.286455095,0.991589725,0.54952383,0.117068037,-0.161368385,0.971109927,0.484630764,0.484711468,-0.476390183,0.984981239,0.551866889,0.086995855,-0.185463041,0.9235636,0.499976248,0.483468175,-0.520056963,0.957751215,0.54758811,0.083376594,-0.190625846,0.919314742,0.501995981,0.472322732,-0.511288524,0.955239415,0.545679867,0.096488021,-0.167877004,0.907280803,0.498076141,0.471793324,-0.475497246,0.927767098,0.497608572,0.559262574,0.005974247,0.999737442,0.447418272,0.559216797,-0.006082709,0.999821305,0.522905469,0.732830107,-0.051572222,0.997505844,0.431996018,0.738116443,-0.046630207,0.995233893,0.547099173,0.889255166,0.072734907,0.99409318,0.408665001,0.899442554,0.074689105,0.995320737,0.54000771,0.912493467,0.078066461,0.923753917,0.412336439,0.916406989,0.080519311,0.930565417,0.561491966,0.949195623,-0.055250287,0.986264169,0.405201852,0.960148931,-0.054831486,0.988422632
0,0.437405109,0.271238655,-0.050067581,0.996762097,0.442404509,0.252099812,-0.056259565,0.995290756,0.444625676,0.250465214,-0.056276001,0.995701849,0.446933746,0.249196902,-0.056293178,0.996076465,0.439429104,0.255405366,-0.031780265,0.995671153,0.439390182,0.255882561,-0.031777579,0.994749248,0.43934527,0.25643602,-0.031824492,0.994958818,0.459840626,0.252916515,-0.053410687,0.993668616,0.448220879,0.260703266,0.058978628,0.991773009,0.445417553,0.284148544,-0.046361737,0.988980651,0.441435486,0.287302464,-0.014614473,0.985780358,0.4938609,0.307951421,-0.113291338,0.999560475,0.453821599,0.339382827,0.144792497,0.996061087,0.47866565,0.182304427,-0.2047759,0.991645336,0.446628153,0.432958692,0.199049622,0.131708309,0.478110552,0.065460995,-0.192988724,0.984469593,0.445231676,0.461095482,0.125076637,0.247861788,0.481004149,0.042020719,-0.221628994,0.971023858,0.449829161,0.467340469,0.123896614,0.273012549,0.48282066,0.043569524,-0.214116573,0.968347311,0.449716717,0.458946735,0.096700214,0.282437593,0.481457859,0.051325083,-0.192530125,0.96397841,0.449337155,0.457108766,0.111069977,0.279021233,0.504058719,0.544075906,-0.08885926,0.999863565,0.468370497,0.549295306,0.088891193,0.999415398,0.496219724,0.727548122,-0.142556712,0.993945718,0.452677548,0.70499295,0.168368131,0.870634556,0.52140981,0.908968508,-0.140560403,0.995985687,0.457287788,0.837044001,0.310672998,0.929380834,0.531693339,0.934619904,-0.145940274,0.977968693,0.467603624,0.867317379,0.321038693,0.881703734,0.490328223,0.959066272,-0.268080175,0.99466455,0.418105304,0.873709261,0.265241623,0.957264841
1,0.439791054,0.555151105,-0.129592463,0.99952811,0.441105068,0.536197305,-0.120288171,0.99919796,0.442758739,0.533125639,-0.120210007,0.999060094,0.444545329,0.530087054,-0.120215513,0.999011993,0.438459933,0.539691687,-0.111597955,0.999555349,0.438136727,0.539191365,-0.111638904,0.999601841,0.437799633,0.538779676,-0.111643039,0.999703228,0.45352453,0.52447319,-0.061345261,0.998488963,0.444048822,0.535380483,-0.02264851,0.999694467,0.447286308,0.560369134,-0.106910467,0.998962045,0.444089264,0.564099967,-0.096227907,0.999329984,0.493140638,0.549355268,-0.066038527,0.999652147,0.444323003,0.607705832,0.016347939,0.999823749,0.462986141,0.466320843,-0.096260026,0.973369122,0.444224209,0.698753297,-0.065317355,0.925718009,0.443799555,0.371729672,-0.076239154,0.944823682,0.475305647,0.69783628,-0.214075834,0.915883482,0.442632765,0.35454753,-0.093049631,0.906302392,0.491697967,0.695814729,-0.236743018,0.876021802,0.443282843,0.352743179,-0.088718757,0.896574795,0.492127478,0.683610439,-0.231000632,0.875749052,0.443270057,0.35924226,-0.076855443,0.905429184,0.487872362,0.683056593,-0.213790089,0.851907313,0.535846651,0.737268686,-0.051022761,0.999976218,0.494383663,0.742061377,0.050865453,0.999949872,0.470877171,0.782998323,-0.327280611,0.994797945,0.423303068,0.728259802,-0.054772239,0.828172505,0.520866036,0.914599597,-0.18804507,0.965395153,0.455836236,0.833830953,0.026221812,0.87023896,0.535718322,0.931445718,-0.173605114,0.899997711,0.470555842,0.853124499,0.034093417,0.853161275,0.491330802,0.961550891,-0.228101104,0.96892643,0.421892166,0.875845253,-0.01116134,0.930764616
0,0.442038298,0.277106822,-0.06376563,0.997696042,0.446904659,0.260599315,-0.073512107,0.996064723,0.449080646,0.259146303,-0.073529348,0.996049166,0.451571554,0.257552892,-0.073555723,0.996663094,0.443909407,0.261602342,-0.045221366,0.996937871,0.443815082,0.260909319,-0.045219198,0.996161401,0.443822443,0.260079801,-0.045251891,0.996455133,0.466782391,0.256514013,-0.076059639,0.994701684,0.454924494,0.259558141,0.052029829,0.992773831,0.449556589,0.288570285,-0.06204439,0.993658721,0.445182949,0.289802253,-0.025308883,0.991913855,0.49985972,0.307916224,-0.125560403,0.99965018,0.459276915,0.332680434,0.14215599,0.997400641,0.470110953,0.191354513,-0.20605287,0.992749631,0.450863689,0.406146109,0.184498817,0.221054196,0.458073467,0.080189064,-0.169963628,0.977187753,0.451572418,0.44581154,0.07311932,0.316656321,0.459110588,0.053811762,-0.19755432,0.955733657,0.456073612,0.45189929,0.066891886,0.333793908,0.461349428,0.052152283,-0.187119842,0.950608671,0.456690311,0.44692862,0.040640611,0.341668695,0.459914595,0.058343664,-0.166789472,0.943749428,0.456537634,0.444285035,0.058856916,0.337266862,0.50443536,0.54219532,-0.09082792,0.999943554,0.470196307,0.542702794,0.090971269,0.999702573,0.501717448,0.723406196,-0.163903534,0.993835926,0.462753356,0.699493289,0.208242849,0.833984435,0.519521832,0.904927313,-0.179118797,0.994842768,0.458616406,0.831433535,0.388361096,0.898679972,0.530032277,0.930832148,-0.186524123,0.956627846,0.466661602,0.856327593,0.402786165,0.840772033,0.490250736,0.958085954,-0.3143121,0.992262483,0.418048948,0.871324658,0.34867385,0.940210938
1,0.425716698,0.559055686,-0.160780162,0.999383032,0.427728176,0.539147973,-0.154521316,0.998864293,0.429518133,0.536346972,-0.154457048,0.998670518,0.431453079,0.533450842,-0.154483497,0.998602509,0.425093889,0.541639507,-0.14429833,0.999418616,0.424897522,0.540860295,-0.144350812,0.999486923,0.424731195,0.540168524,-0.144363895,0.999621511,0.441573948,0.527707398,-0.102814235,0.997711003,0.431388229,0.536759853,-0.057830274,0.999629974,0.433186442,0.564712584,-0.140430048,0.998512447,0.429986089,0.566620946,-0.127800316,0.999144852,0.482599676,0.555706263,-0.10543476,0.99947238,0.42968449,0.608334661,-0.011496437,0.99981612,0.452133089,0.454416692,-0.140083134,0.966014206,0.432380617,0.703760803,-0.082211249,0.930855095,0.432382017,0.377296984,-0.132939905,0.907446742,0.466321081,0.702065885,-0.222388357,0.906338394,0.432465792,0.362946153,-0.152265668,0.855799735,0.481826842,0.699815691,-0.243615389,0.855861843,0.433754355,0.358157516,-0.150287122,0.842679143,0.483055502,0.686601996,-0.239237264,0.854137063,0.433459193,0.364852011,-0.134821951,0.860293388,0.478807539,0.68520844,-0.22275722,0.828620255,0.527770877,0.738434374,-0.05144031,0.999970913,0.486282647,0.74533087,0.051280636,0.999938071,0.469447136,0.794536352,-0.317838311,0.995230019,0.413639218,0.731058061,-0.013976997,0.828659832,0.520782053,0.917307854,-0.176447913,0.971187353,0.456849724,0.833779752,0.080318756,0.865534663,0.534754515,0.929729462,-0.163468882,0.910457492,0.474687159,0.85120213,0.089441605,0.859077632,0.492386907,0.962102652,-0.217322305,0.97141999,0.42451781,0.876104832,0.052656043,0.923071325
0,0.445803016,0.278749794,-0.056189097,0.99622339,0.45004949,0.260870248,-0.063494846,0.994284511,0.452365637,0.259122312,-0.063510954,0.994369507,0.454677582,0.257329881,-0.063540094,0.995092094,0.447010458,0.262884885,-0.03722335,0.995045483,0.446998268,0.262660652,-0.037214838,0.993639052,0.446971506,0.26250118,-0.037243679,0.994103909,0.468609482,0.256066322,-0.058756419,0.992197096,0.456360102,0.262749076,0.059811939,0.989086509,0.453416646,0.288451016,-0.052488595,0.989581466,0.449657768,0.290908575,-0.018014416,0.98612541,0.504763842,0.305741727,-0.095425971,0.999553025,0.461305529,0.337195575,0.142410934,0.996496916,0.480444849,0.187155589,-0.16540882,0.988544762,0.446298778,0.432091534,0.191402733,0.143986821,0.469789356,0.076192148,-0.136030018,0.971870482,0.447473913,0.446746856,0.09474279,0.2345431,0.471691936,0.051636253,-0.161822274,0.948843777,0.452942282,0.4602817,0.087258853,0.258544952,0.473418295,0.050465535,-0.154582798,0.944458902,0.452896774,0.445168167,0.062023412,0.266784251,0.471591145,0.056688718,-0.134613946,0.935831845,0.452521563,0.446827471,0.081389636,0.266090631,0.504547715,0.538796544,-0.081473432,0.999928415,0.468785465,0.538939416,0.081568845,0.999631464,0.503681004,0.722026825,-0.165627271,0.992447972,0.464728504,0.701855659,0.179235488,0.858682096,0.52043128,0.904142916,-0.180428669,0.995084941,0.457275718,0.833530426,0.344968438,0.917175293,0.530998588,0.934260309,-0.187608957,0.959746778,0.466021538,0.861683071,0.357641757,0.853148222,0.489264905,0.95840472,-0.311691225,0.992526889,0.415686905,0.869317114,0.299373448,0.946940005
1,0.42858091,0.569236696,-0.156058118,0.999335051,0.429936647,0.551210284,-0.151220605,0.998925686,0.431479156,0.548359454,-0.151168913,0.998827875,0.433024824,0.545554817,-0.151218504,0.998745322,0.427527517,0.55437386,-0.141664058,0.999355137,0.427402318,0.553710282,-0.141695008,0.999420404,0.42729038,0.55301249,-0.141708925,0.999541223,0.441957951,0.537806928,-0.104264058,0.998168707,0.433437765,0.5480358,-0.061697334,0.999575615,0.436326355,0.572546721,-0.136950687,0.99875766,0.433293104,0.575752139,-0.125055715,0.999144614,0.484802336,0.558084786,-0.108117737,0.999668956,0.435484022,0.619271934,-0.015083688,0.999791086,0.450995296,0.471754044,-0.159555405,0.976415753,0.435745537,0.710381508,-0.093278013,0.916458786,0.43284899,0.389131129,-0.168773919,0.945468128,0.467793792,0.707774043,-0.239282966,0.895222008,0.432711542,0.371220469,-0.191466093,0.908401966,0.482189119,0.7060076,-0.262174845,0.847899973,0.433781326,0.369629115,-0.187091574,0.899311662,0.483429372,0.692136824,-0.255306453,0.847945809,0.433453023,0.377292752,-0.169755086,0.909888744,0.479178429,0.690713346,-0.238989979,0.825191319,0.52845484,0.744779348,-0.048209794,0.999973416,0.487228811,0.751262069,0.048078749,0.999940753,0.470930755,0.796116054,-0.300835937,0.9949615,0.416654736,0.730701447,-0.009751994,0.805033922,0.519540906,0.912205815,-0.158223376,0.965546727,0.454485804,0.830118895,0.087016247,0.849718034,0.534459054,0.927773476,-0.142803654,0.900942862,0.469455868,0.845401704,0.096890971,0.838231564,0.491601408,0.962536633,-0.189452201,0.966936409,0.427319437,0.872417629,0.063249752,0.914893985
0,0.448778719,0.274362892,-0.044334009,0.996658504,0.453860462,0.258105367,-0.050980646,0.995663524,0.455884367,0.256887436,-0.051006764,0.995428622,0.458038867,0.255688816,-0.051041473,0.996257424,0.451571286,0.258716643,-0.02661272,0.995796621,0.451734066,0.257953018,-0.026607871,0.993989646,0.45187062,0.257130504,-0.026616305,0.994779587,0.471224636,0.255658627,-0.054516774,0.993429422,0.46115309,0.257266521,0.063414492,0.98918587,0.454555213,0.286389977,-0.041891135,0.991241395,0.450967014,0.28756997,-0.008839054,0.987549663,0.504310727,0.310095161,-0.095462605,0.999319494,0.460868269,0.332166374,0.14084737,0.993712604,0.472377449,0.199931249,-0.169538677,0.988443196,0.445423782,0.435657382,0.171275631,0.118204638,0.456933677,0.0860392,-0.146999031,0.967439771,0.447418392,0.450367957,0.061547596,0.231485456,0.455233991,0.063633226,-0.176048249,0.948333085,0.452885211,0.458601803,0.048829455,0.26288718,0.458144367,0.063244298,-0.169956982,0.944105446,0.452554464,0.454306483,0.025397364,0.26929161,0.457419306,0.069319956,-0.146227986,0.928966403,0.452306271,0.448248386,0.048305973,0.2679739,0.499775708,0.540602267,-0.077655785,0.999923408,0.464486897,0.541313529,0.077714868,0.999612689,0.504377782,0.72071743,-0.159745425,0.992456734,0.46293053,0.701452851,0.173599422,0.836341977,0.521625936,0.900882661,-0.16519101,0.995549858,0.456651747,0.83171016,0.349286914,0.918940067,0.532465935,0.931892633,-0.171848968,0.963002503,0.465262353,0.860512316,0.36251381,0.849289834,0.491191715,0.953684807,-0.298459709,0.992956161,0.418182552,0.866793334,0.302669287,0.948763072
1,0.461076796,0.461662918,-0.479982704,0.999980271,0.466881663,0.445267498,-0.46787411,0.999925911,0.47053057,0.443875492,-0.467876583,0.999917567,0.473885119,0.442414135,-0.467989117,0.9998945,0.455300629,0.445564806,-0.466387808,0.999932289,0.451278925,0.444413126,-0.466469914,0.999928772,0.447632849,0.442912251,-0.466498435,0.999915063,0.480113357,0.44038409,-0.367327601,0.99982667,0.441977262,0.441461086,-0.359372079,0.999896705,0.466734648,0.476832211,-0.439229816,0.999985337,0.454048961,0.478004485,-0.437028795,0.999989271,0.509871662,0.521009207,-0.276108623,0.999686599,0.409917057,0.525646389,-0.267214388,0.999806583,0.506850302,0.661105871,-0.282211483,0.967072785,0.416534483,0.669449925,-0.277151167,0.986446857,0.488709778,0.79504931,-0.348641574,0.870587945,0.435128212,0.79360038,-0.334486604,0.888063312,0.487838268,0.827189982,-0.384805977,0.800363958,0.436547101,0.831147909,-0.367756814,0.791658461,0.482006699,0.828054368,-0.40211767,0.794500887,0.44348821,0.830649137,-0.384948164,0.788402677,0.480460346,0.818577588,-0.357379258,0.762045085,0.444393933,0.818475366,-0.34292376,0.766702235,0.488322258,0.677899122,-0.002520774,0.999837756,0.433541447,0.677658379,0.002568257,0.999800146,0.549126863,0.736631691,-0.323619187,0.98567754,0.369673908,0.751228511,-0.282141596,0.990142703,0.539146662,0.900683582,-0.126346424,0.976178706,0.38013947,0.899974763,-0.105442144,0.984840512,0.53164196,0.921692729,-0.112489522,0.926585257,0.390476108,0.921215415,-0.093425751,0.946511567,0.56338644,0.960837722,-0.230745435,0.951041698,0.355978996,0.959548891,-0.209558055,0.955830753
0,0.45893383,0.184677288,-0.576253116,0.999998152,0.4644382,0.166926786,-0.564337254,0.999994516,0.468126297,0.165634379,-0.564305961,0.999993622,0.470839441,0.164560929,-0.564373016,0.999993622,0.453476816,0.167201951,-0.564382434,0.99999541,0.449662447,0.165836677,-0.564494669,0.999995172,0.446051121,0.164342955,-0.564511061,0.999995232,0.475832552,0.165808573,-0.441803306,0.999983072,0.440126479,0.164881244,-0.443328381,0.999991715,0.466003507,0.199589819,-0.526196301,0.999995232,0.451734364,0.199744672,-0.526733994,0.999996305,0.510041296,0.269074023,-0.335149556,0.999975026,0.408171982,0.26912123,-0.324293494,0.999979258,0.508729935,0.41684249,-0.319940865,0.991820037,0.409223169,0.4164038,-0.301254779,0.989699304,0.489570677,0.54186064,-0.425666958,0.974835753,0.432204098,0.538555861,-0.392825127,0.96307534,0.48706913,0.579941094,-0.472853601,0.944872439,0.436728895,0.576883554,-0.431147039,0.922394931,0.478804439,0.577046156,-0.499934584,0.945964575,0.443120241,0.57576263,-0.46020022,0.922134817,0.477855742,0.563838124,-0.438281149,0.926208198,0.442878664,0.561927319,-0.405044317,0.901961088,0.489967495,0.514111698,-0.009591488,0.999915481,0.433369488,0.514558434,0.009366988,0.99993211,0.513456047,0.724942207,0.013896923,0.996218562,0.408187926,0.719332278,0.062290967,0.995879292,0.540138245,0.897614598,0.169320315,0.99646461,0.380831808,0.896184206,0.233252957,0.997080922,0.534841835,0.922900915,0.175810963,0.95714134,0.386771262,0.921541572,0.242604524,0.936687529,0.563468099,0.962021053,0.040021531,0.99160248,0.360917032,0.959436893,0.111960985,0.991634548
1,0.460284889,0.480318844,-0.523861468,0.999991,0.466643095,0.461949408,-0.511743426,0.999963403,0.470179647,0.46076867,-0.511740804,0.999960601,0.473354012,0.459388047,-0.511854708,0.999947488,0.454405546,0.461634964,-0.510379732,0.999964297,0.450360924,0.460111022,-0.510470986,0.999963522,0.447135538,0.458307534,-0.51050365,0.999953628,0.479878008,0.453780353,-0.406270266,0.999922931,0.442309529,0.453190655,-0.399382621,0.999945104,0.466638744,0.492696255,-0.480926812,0.999993324,0.452891588,0.494817823,-0.479124546,0.999994874,0.510062218,0.529828191,-0.306795388,0.999888241,0.411883265,0.532528102,-0.299979329,0.999900162,0.507175982,0.672322571,-0.314641058,0.975221634,0.416898966,0.677615583,-0.31316179,0.98828727,0.490393817,0.801351666,-0.382730395,0.905330181,0.433752865,0.79270196,-0.376760542,0.91946274,0.487220109,0.832841933,-0.420487076,0.840709925,0.43594709,0.830300987,-0.412339509,0.842010379,0.480024487,0.830957711,-0.437226832,0.834919274,0.443721682,0.829277635,-0.429825783,0.837252855,0.479455858,0.821898043,-0.391311824,0.79963696,0.444123507,0.817172945,-0.385464817,0.810858011,0.487834871,0.680759549,-0.000956823,0.999902666,0.434696853,0.679350495,0.00099905,0.999880552,0.549142301,0.734855592,-0.339266241,0.991158068,0.370347202,0.746257603,-0.303796113,0.993234038,0.541106582,0.900853813,-0.12776728,0.985210478,0.379556358,0.898270845,-0.107495286,0.99265641,0.531704605,0.922204614,-0.113006875,0.943572283,0.388612419,0.920018613,-0.093910068,0.961733341,0.563788295,0.960859835,-0.236481979,0.968647957,0.356292427,0.959015727,-0.215648174,0.97697717
0,0.460697025,0.191446245,-0.619922519,0.999998093,0.466199815,0.172808513,-0.608356059,0.999994338,0.469699323,0.1713548,-0.60832715,0.999993086,0.472547829,0.169830576,-0.608408689,0.999993026,0.455359161,0.173163101,-0.608645678,0.999995232,0.451567739,0.171781898,-0.608768165,0.999994755,0.448060185,0.170054436,-0.608802676,0.999995112,0.477446377,0.168664172,-0.479496628,0.999982715,0.442416906,0.168178245,-0.482199281,0.999992251,0.467620134,0.20681034,-0.566693366,0.999995291,0.453619391,0.20714505,-0.567673862,0.999996543,0.511442125,0.26705119,-0.355220854,0.999977767,0.410723031,0.267659664,-0.357948124,0.999985158,0.511585057,0.412734985,-0.335279644,0.991497815,0.411681831,0.415284336,-0.337640107,0.990586698,0.491567075,0.536632299,-0.445358366,0.972404778,0.434657186,0.534677565,-0.4320499,0.96665442,0.487942129,0.574223876,-0.492624342,0.940934837,0.439122528,0.572746575,-0.471330971,0.929626942,0.479863316,0.571259499,-0.519672155,0.941697955,0.445188671,0.571606278,-0.501288235,0.928798974,0.479231536,0.558223605,-0.457967103,0.919906557,0.444961399,0.557578564,-0.44442302,0.908119857,0.491400301,0.511674702,-0.004908541,0.99993211,0.435124338,0.511260748,0.004703897,0.999945462,0.516536713,0.723506331,0.015672479,0.996194243,0.409511507,0.716613173,0.057352591,0.996222615,0.540249467,0.897955,0.176318735,0.996435344,0.381581575,0.894089341,0.233913332,0.997225821,0.53408277,0.924287736,0.183280617,0.960336149,0.387495577,0.919558465,0.244175389,0.940876067,0.565086484,0.963240027,0.044469945,0.991626263,0.360336542,0.959364235,0.10961622,0.991755903
1,0.463425934,0.488564819,-0.536539257,0.999991477,0.469260067,0.470927268,-0.525038183,0.999965668,0.472633213,0.4696576,-0.525036633,0.999960482,0.475837529,0.467942595,-0.525159001,0.999949753,0.457978815,0.471040696,-0.523541808,0.999969363,0.453901947,0.469363064,-0.523634017,0.999967217,0.450476795,0.467289358,-0.523667216,0.999962211,0.482926428,0.460324556,-0.417704493,0.999928236,0.445142746,0.458224177,-0.41022867,0.999960303,0.469344705,0.499779373,-0.492521197,0.999991894,0.456219286,0.501531303,-0.490446419,0.999994457,0.512257636,0.530356526,-0.315336525,0.999896765,0.414133698,0.531579673,-0.309856802,0.999928117,0.510059416,0.672717988,-0.322585285,0.97353965,0.418501288,0.679646313,-0.326564997,0.990008473,0.491541862,0.800303996,-0.396012574,0.892771721,0.436106116,0.795484066,-0.394079059,0.927451432,0.489172995,0.832723558,-0.43540746,0.823492527,0.43940711,0.832596183,-0.430644929,0.852325737,0.482168347,0.830126107,-0.452251911,0.818388999,0.446589142,0.831175089,-0.447979391,0.848044515,0.481410086,0.820915461,-0.40483126,0.778717935,0.446732849,0.81930989,-0.40276593,0.820308506,0.48986721,0.684551775,-0.000869785,0.99987489,0.437054873,0.682676971,0.000907353,0.999868572,0.553591311,0.741948962,-0.326035202,0.990543246,0.36874482,0.751583338,-0.284233421,0.994011223,0.541262388,0.90074867,-0.097401306,0.982652366,0.379646093,0.898666382,-0.073094293,0.99257338,0.531972528,0.922083259,-0.080712415,0.943530321,0.389207661,0.922267914,-0.058100678,0.965679944,0.564003527,0.960470319,-0.198451892,0.962959647,0.356070101,0.958331823,-0.173257038,0.975787461
0,0.459016502,0.196182907,-0.596563876,0.999997258,0.464788258,0.178363442,-0.586284995,0.999991596,0.468837082,0.176766366,-0.586257339,0.999990165,0.471929967,0.175100744,-0.586334467,0.999990225,0.453816891,0.178565711,-0.585751057,0.999993205,0.450362742,0.176912129,-0.5858652,0.999992609,0.446341127,0.174975529,-0.585894823,0.999992907,0.477045834,0.172798187,-0.462773651,0.999973893,0.441807121,0.172107816,-0.460858256,0.999987841,0.466108561,0.212079704,-0.544951439,0.999992728,0.451696724,0.212545484,-0.544613302,0.999994338,0.512510419,0.266351581,-0.346601248,0.99997735,0.410361677,0.267422497,-0.336266756,0.999985456,0.511631846,0.414915174,-0.325962424,0.991543531,0.414108515,0.417521507,-0.309363574,0.98838681,0.490799844,0.542048752,-0.428441703,0.972989321,0.435163915,0.538562119,-0.402876377,0.964324594,0.487092406,0.579812407,-0.474593878,0.940580368,0.439949512,0.576649308,-0.441129833,0.926809609,0.479153216,0.576248825,-0.501434922,0.942102134,0.445889652,0.57537353,-0.472343206,0.926845193,0.478666842,0.562905192,-0.44073987,0.920014203,0.445534527,0.561792731,-0.41585961,0.905792832,0.491503388,0.516073346,-0.008619467,0.999917507,0.435011089,0.514808595,0.00842203,0.999934256,0.515085042,0.726236224,0.013876887,0.996382177,0.409138113,0.715462148,0.068785846,0.996199071,0.540812671,0.898114443,0.171918035,0.996894956,0.381771386,0.893345654,0.248070925,0.997358799,0.534785032,0.923822045,0.179456711,0.962304235,0.387386262,0.919038713,0.258284152,0.943029165,0.565168142,0.963553786,0.041220911,0.992581606,0.361345977,0.957720876,0.128237456,0.992388129
1,0.462376207,0.461271763,-0.480460495,0.999993265,0.468484104,0.442085862,-0.468860954,0.999974728,0.471781671,0.440966636,-0.468850791,0.999970019,0.475248188,0.439733088,-0.468950927,0.999963999,0.456966311,0.441994429,-0.467743963,0.999978185,0.453090608,0.440555543,-0.467841685,0.999976993,0.449781954,0.438864946,-0.467877805,0.999975502,0.482052803,0.434387833,-0.364016414,0.99994266,0.444641292,0.433146328,-0.358240604,0.999970198,0.468579769,0.474057138,-0.437451839,0.999992847,0.455052555,0.475980848,-0.435915619,0.99999541,0.512022793,0.510846436,-0.267762482,0.999888539,0.414076567,0.512041152,-0.267265111,0.999937534,0.51097399,0.648471773,-0.271223724,0.970240951,0.416529,0.659597039,-0.283199936,0.990624249,0.492725194,0.782765508,-0.340457618,0.886057734,0.436272085,0.781899273,-0.347452253,0.928990543,0.489887297,0.817717314,-0.377831936,0.815302789,0.440123707,0.818625867,-0.38253814,0.856261551,0.482542366,0.816815972,-0.396017551,0.812208772,0.447070688,0.818303943,-0.400195837,0.853595078,0.481330931,0.806496739,-0.349747956,0.776336849,0.447054714,0.805943131,-0.355946809,0.832460821,0.490046203,0.678034067,-0.00180405,0.999844551,0.435448408,0.677152455,0.001859938,0.999858975,0.553145945,0.738841057,-0.332779825,0.990505576,0.369624972,0.743632078,-0.295376688,0.994580865,0.540529549,0.897516549,-0.127357811,0.979788542,0.379566967,0.898233354,-0.111583605,0.991062224,0.531442523,0.920630157,-0.112591147,0.935849428,0.38928774,0.922417462,-0.098388627,0.960456669,0.564862669,0.959577203,-0.231114581,0.957720518,0.355401456,0.958976209,-0.213909179,0.971197903
0,0.533409238,0.165791169,-0.161585599,0.998684287,0.53318119,0.142701834,-0.149272218,0.997048199,0.532349348,0.141510963,-0.149298385,0.99686265,0.531323791,0.140057191,-0.149271294,0.996728241,0.53162688,0.141757429,-0.186503589,0.998343587,0.52990371,0.140191615,-0.186558411,0.998469949,0.52791208,0.138378367,-0.186646968,0.998690724,0.514879346,0.134748802,-0.073972903,0.991083384,0.511938572,0.135058597,-0.2426759,0.998339593,0.526106358,0.181590393,-0.128327459,0.997798622,0.523696065,0.179384097,-0.177331015,0.999087036,0.478498399,0.234841987,0.065033332,0.998405457,0.47963959,0.240070939,-0.315417558,0.99998647,0.474170595,0.383418411,0.10627415,0.041653913,0.477839649,0.398424447,-0.342947394,0.976770759,0.482871115,0.495972872,0.034276396,0.055717137,0.489891112,0.532476842,-0.282313406,0.918689549,0.485808045,0.527653694,0.030526821,0.064941876,0.490101814,0.564088523,-0.311008573,0.89474839,0.489172846,0.530973017,0.007088176,0.066227779,0.49558267,0.564705372,-0.307980984,0.886966765,0.487330288,0.521252215,0.020153454,0.068502806,0.495194912,0.555500984,-0.278639495,0.837331235,0.45197463,0.497154325,0.124672748,0.997445166,0.451122284,0.504748106,-0.124825522,0.999734938,0.456487834,0.6633358,0.35480839,0.463016361,0.439659059,0.727380455,-0.077988207,0.989491642,0.448319256,0.811991036,0.588680863,0.701041222,0.434926987,0.947690487,-0.039147902,0.987447739,0.440357298,0.83936727,0.60852319,0.718924344,0.428439438,0.973061621,-0.042448502,0.959510267,0.495669901,0.837651551,0.581649303,0.849727452,0.480215222,0.9791978,-0.146777168,0.98239547
1,0.550957561,0.445486844,-0.067260101,0.999695778,0.549815714,0.42407465,-0.051411152,0.999777138,0.549113095,0.422777176,-0.051495679,0.999751866,0.548325002,0.42141214,-0.051533211,0.999801874,0.549037516,0.42350179,-0.085854441,0.999776721,0.547816932,0.42191273,-0.085940197,0.999729633,0.546357572,0.420081705,-0.085974038,0.99983573,0.534933448,0.417493105,0.017155204,0.999801576,0.532603204,0.415986389,-0.136225894,0.999791563,0.543043017,0.457632154,-0.039708652,0.999788523,0.541556239,0.455717683,-0.083961755,0.999857187,0.490477085,0.496942103,0.127057165,0.999340475,0.48815766,0.517225504,-0.226433069,0.999942362,0.470987231,0.623353243,0.131899461,0.067995012,0.469345897,0.662120938,-0.223531246,0.910902083,0.476953804,0.720306218,0.022254694,0.034370393,0.482464403,0.752125382,-0.096699186,0.702496886,0.479544878,0.740800321,0.010412363,0.04262704,0.481417835,0.775579512,-0.116266385,0.649974644,0.479979664,0.742602468,-0.00905603,0.045060351,0.488590866,0.765583038,-0.112669729,0.651653707,0.476345539,0.746613324,0.008605338,0.0505234,0.487799942,0.760981858,-0.092465393,0.615608752,0.403280646,0.682725251,0.116168678,0.999805987,0.390708774,0.703776479,-0.116058052,0.999920666,0.498312056,0.691116691,0.236200899,0.348947465,0.492924154,0.757207513,-0.115477465,0.984994292,0.462857306,0.871705532,0.356639832,0.527187705,0.456989765,0.928725004,0.018760789,0.975127578,0.447920173,0.907287598,0.36631006,0.535924733,0.437106937,0.957198679,0.033398226,0.939139605,0.493840933,0.900316954,0.357327938,0.654142618,0.506061077,0.967941344,0.02099007,0.9649055
0,0.520160913,0.17197451,-0.159405023,0.998832822,0.520514786,0.149750292,-0.147306144,0.997262299,0.519946516,0.14859204,-0.147327781,0.997040272,0.519206107,0.147091955,-0.147296235,0.996975839,0.518794596,0.148160219,-0.184256941,0.998437822,0.51713264,0.146124825,-0.184313402,0.998527527,0.515220344,0.14375937,-0.184400976,0.998758435,0.503569603,0.14043799,-0.073158585,0.991202891,0.499782234,0.139474496,-0.240978047,0.998332798,0.513132811,0.186837047,-0.12658824,0.998008192,0.510520399,0.184132263,-0.175377026,0.999195039,0.467876375,0.235269055,0.063984223,0.998742819,0.466861099,0.237287462,-0.313449889,0.999988377,0.465337992,0.38461563,0.107131407,0.053015299,0.465917051,0.395984232,-0.341152906,0.980612636,0.47675699,0.498820633,0.039949171,0.073613331,0.480986297,0.530320823,-0.280625105,0.942213058,0.480574906,0.532784879,0.037729509,0.082808971,0.48140803,0.563049853,-0.309506387,0.924424469,0.483972698,0.536207616,0.0130795,0.084727228,0.487127602,0.562712312,-0.30559954,0.919462323,0.481424332,0.524305284,0.02566364,0.087332569,0.486711562,0.553612351,-0.276617676,0.878431797,0.444871992,0.499799132,0.125953272,0.997740746,0.441912562,0.506056666,-0.126120746,0.999758899,0.455269396,0.65990895,0.355036795,0.515691638,0.435141951,0.728836477,-0.080563426,0.991837323,0.449078262,0.809706807,0.589290977,0.74059236,0.433963358,0.949305117,-0.040462222,0.990632415,0.440597117,0.841334701,0.609175324,0.751262307,0.429683685,0.976098299,-0.044138405,0.966879547,0.49946934,0.837246358,0.581955791,0.86915797,0.480509669,0.979231834,-0.147351861,0.986534536
1,0.548709452,0.45323354,-0.070573315,0.999305308,0.549646199,0.433886766,-0.056061901,0.999418378,0.548866272,0.432322234,-0.056159355,0.99934119,0.547950506,0.430674016,-0.056202523,0.999474585,0.549122155,0.433020622,-0.088916078,0.999443948,0.548107266,0.431028038,-0.088989928,0.999339044,0.547035277,0.429050863,-0.089045033,0.999601901,0.533898234,0.422158867,0.008443585,0.999413371,0.533138514,0.420823753,-0.137817353,0.999373257,0.539546609,0.465248376,-0.044427913,0.999506891,0.538846374,0.464058608,-0.086670496,0.999690592,0.489117146,0.501660168,0.111648127,0.998643637,0.485338449,0.514643192,-0.223004267,0.999910474,0.47108072,0.633687735,0.117285229,0.065246627,0.468264341,0.67172122,-0.229066566,0.891818404,0.480161518,0.746046007,0.026928568,0.028114282,0.48463124,0.773267984,-0.127439171,0.703871369,0.480369806,0.768652856,0.018324668,0.035456575,0.481676817,0.787863731,-0.150131151,0.651723862,0.479672343,0.758066475,-0.000646854,0.03674366,0.492268264,0.792222738,-0.14446032,0.647008836,0.477508247,0.755836308,0.014531484,0.041415602,0.484946251,0.774535596,-0.12329457,0.599690199,0.408904493,0.688354969,0.110558674,0.999644101,0.395113468,0.707602084,-0.110465989,0.999833703,0.503027976,0.6891554,0.211336643,0.399545968,0.494536579,0.763534129,-0.100169577,0.980182171,0.461398304,0.86544013,0.316838235,0.578614235,0.452215135,0.934996545,0.03025597,0.97926563,0.446902186,0.899135649,0.325631648,0.595621765,0.433741093,0.960582674,0.044958156,0.953733385,0.489499032,0.907872021,0.314902127,0.68859905,0.501462936,0.971763611,0.028911347,0.968289018
0,0.522383511,0.176475763,-0.154882461,0.998398781,0.523094296,0.155773699,-0.141428009,0.996247351,0.522598624,0.154565573,-0.141443938,0.996150553,0.521971822,0.153031781,-0.141403213,0.995927751,0.521580756,0.154104635,-0.180124983,0.997900188,0.52009815,0.152053297,-0.180180356,0.998080909,0.518576086,0.149715334,-0.180265218,0.998330295,0.506862938,0.145378858,-0.065131076,0.988680243,0.503092766,0.144231141,-0.240635723,0.997846127,0.514900386,0.191052482,-0.121441878,0.997223437,0.512806296,0.188348234,-0.172519356,0.998865128,0.467045963,0.236339062,0.071785696,0.998379946,0.471421003,0.241800293,-0.317104876,0.999987781,0.466550887,0.38577494,0.111715294,0.048033912,0.472401798,0.399031699,-0.345459014,0.980882704,0.478656679,0.492922723,0.039669599,0.061942656,0.490319818,0.527916014,-0.276925623,0.931998193,0.481982887,0.523307323,0.036938757,0.071646966,0.491325319,0.559844315,-0.304862976,0.911157489,0.48601985,0.526666164,0.013382492,0.073354892,0.496379524,0.559651732,-0.29951328,0.905248702,0.484125614,0.516153574,0.025508087,0.075613327,0.495664656,0.550274849,-0.271931797,0.856812418,0.44659251,0.499417365,0.126929373,0.997313917,0.447244316,0.50668025,-0.127108544,0.999718726,0.450168937,0.663985491,0.366253644,0.518631816,0.436251163,0.725180328,-0.078653634,0.991952598,0.449075073,0.81084305,0.607112765,0.759879708,0.435292423,0.946834922,-0.040841483,0.990886092,0.440254122,0.84065932,0.627664208,0.769293189,0.430376768,0.975726306,-0.044350792,0.96985507,0.497749507,0.834946632,0.600912273,0.881394506,0.477204859,0.977637708,-0.147257432,0.986954629
1,0.543368816,0.427696109,-0.083607718,0.999568343,0.543202996,0.408157021,-0.069454417,0.999586582,0.542389095,0.406732947,-0.069557585,0.99952966,0.541414022,0.40517056,-0.06960436,0.99962759,0.542822838,0.407933205,-0.103245817,0.999612451,0.541889012,0.406532496,-0.103313491,0.999522865,0.540756941,0.404977798,-0.103375152,0.999710083,0.527684927,0.400108337,-0.003854483,0.999513447,0.526110053,0.399754584,-0.155421942,0.999525666,0.534829497,0.440382093,-0.056969993,0.999675095,0.53350538,0.43920064,-0.100804731,0.999799728,0.484113544,0.483297557,0.10119909,0.999091685,0.483034611,0.502889872,-0.238614321,0.999948621,0.479315221,0.625495374,0.113552973,0.061793759,0.470185816,0.657548249,-0.246414378,0.918186545,0.47651273,0.738645315,0.027000001,0.032734629,0.486223131,0.762658119,-0.156123087,0.773099899,0.477565348,0.763892949,0.019689921,0.041846398,0.483398288,0.780824006,-0.181690127,0.725824416,0.477097094,0.74772203,-0.001374933,0.042984802,0.491015971,0.774880052,-0.177340567,0.721743584,0.473404884,0.752449274,0.014198755,0.048630465,0.490773976,0.774209023,-0.152850717,0.676310003,0.409945339,0.676759005,0.111244932,0.999691606,0.393702328,0.696941733,-0.111172758,0.999876618,0.50432831,0.668278098,0.237263829,0.501162469,0.490723461,0.765182853,-0.118666314,0.985571802,0.471186638,0.854201198,0.345062792,0.675080657,0.449734747,0.944568217,0.008497701,0.982735157,0.458993584,0.86969012,0.354282171,0.688695371,0.431026548,0.967456758,0.022986187,0.960506082,0.495450675,0.894041777,0.349636167,0.768571138,0.497479528,0.987459123,0.003715315,0.973934352
1,0.500473142,0.446910322,-0.32893303,0.999988198,0.506922603,0.429517746,-0.308776915,0.9999699,0.510709643,0.429370075,-0.308795869,0.999978781,0.514177084,0.429476142,-0.308867276,0.999955297,0.493806511,0.430290908,-0.308664769,0.999963343,0.489359796,0.430643171,-0.308735877,0.999976516,0.485566467,0.430836618,-0.308722943,0.999955475,0.519267142,0.437960654,-0.201760828,0.999963999,0.480833948,0.438823521,-0.200830221,0.999960899,0.506697059,0.46914041,-0.290042877,0.999990106,0.493246168,0.469099343,-0.29008922,0.999990046,0.550176203,0.556569636,-0.15294607,0.999782562,0.45162037,0.546833992,-0.147737488,0.999687135,0.560593605,0.710061789,-0.315030247,0.991188109,0.445558697,0.702056944,-0.307926536,0.982714713,0.539991677,0.600456655,-0.518790603,0.991658866,0.466251343,0.603767753,-0.523023009,0.985286713,0.53529197,0.578507781,-0.558647573,0.977167308,0.474289745,0.575249076,-0.564910591,0.965368927,0.533491492,0.563164771,-0.534546614,0.97264272,0.47549668,0.559993267,-0.543749213,0.955653071,0.532805383,0.569109738,-0.512602031,0.940407395,0.474791348,0.566459358,-0.518408477,0.907227099,0.52573806,0.729080439,-0.002085803,0.999660254,0.472387135,0.73005712,0.002181448,0.999712527,0.566798568,0.763790786,-0.388482779,0.993782938,0.437028974,0.757710993,-0.3851659,0.98997134,0.563025177,0.898571491,-0.12422137,0.983130872,0.43519488,0.906720281,-0.139888823,0.992667019,0.555547833,0.91888845,-0.103149228,0.912166536,0.441862196,0.924878418,-0.121305674,0.929334939,0.571094096,0.953056157,-0.231193751,0.9722929,0.432926714,0.961800218,-0.258667022,0.981345892
0,0.497964352,0.123274557,-0.137301579,0.999976337,0.502865553,0.105105922,-0.113241114,0.999968529,0.506545901,0.105019018,-0.113287456,0.999965966,0.509441078,0.105012134,-0.113323562,0.999966919,0.490838677,0.106008016,-0.114881173,0.999955237,0.486487538,0.106911123,-0.114877723,0.999949574,0.482282072,0.107748106,-0.114850529,0.999950409,0.515929103,0.115432203,0.01487501,0.999957144,0.476790458,0.11996755,0.008684359,0.999926567,0.505648255,0.147010282,-0.089823365,0.999963462,0.49100104,0.147445142,-0.092014119,0.999950886,0.548555732,0.234695137,0.064961456,0.999855697,0.4501324,0.236337543,0.0397866,0.999546707,0.568554282,0.360635042,-0.090806723,0.991021633,0.43882978,0.363281339,-0.113801077,0.965851426,0.539554298,0.254876435,-0.279522359,0.991166532,0.476294667,0.250983089,-0.30538407,0.975860715,0.532330573,0.229202181,-0.322699398,0.970726252,0.48536998,0.221546113,-0.351228923,0.939178884,0.530253887,0.21425724,-0.303563982,0.967619002,0.484441757,0.210566029,-0.337421775,0.930690408,0.530363381,0.223514259,-0.276821285,0.948677838,0.483515382,0.220180005,-0.304767162,0.898089409,0.526750863,0.49769479,0.003467529,0.999597609,0.468676299,0.500740647,-0.003415761,0.999421239,0.545199752,0.699554801,0.007653232,0.994890273,0.452316374,0.710799634,-0.009997123,0.994053125,0.562978804,0.894931555,0.180848226,0.991506517,0.437994152,0.897730947,0.155456319,0.991404593,0.557778299,0.917556107,0.190983444,0.869033337,0.440299928,0.918631732,0.165003672,0.827804029,0.570110917,0.956621528,0.046922971,0.983443737,0.435679644,0.963285685,0.020268554,0.981162012
1,0.499905914,0.439245224,-0.349627167,0.999993443,0.506068051,0.421815455,-0.32919696,0.999983668,0.510022521,0.42146495,-0.329214483,0.999988317,0.513219059,0.421440303,-0.329296738,0.999976337,0.492699265,0.423207581,-0.330456555,0.999980271,0.488424957,0.423827887,-0.330531985,0.999987006,0.484763086,0.424330741,-0.330509633,0.999976218,0.51789397,0.42949152,-0.220624596,0.999980927,0.479848742,0.432357907,-0.225444689,0.999980509,0.506173253,0.46099323,-0.310056567,0.999994218,0.492435127,0.461122692,-0.311782837,0.99999398,0.547911763,0.546494186,-0.167145923,0.999872923,0.449167728,0.540763974,-0.163266823,0.999771118,0.560198009,0.700545311,-0.32278344,0.993364275,0.443022072,0.695647001,-0.314728707,0.985236108,0.541755438,0.602570057,-0.533832848,0.992948472,0.466972649,0.598884761,-0.535393298,0.98665005,0.53550142,0.576016307,-0.574129105,0.980073214,0.475280821,0.570702612,-0.577803969,0.9689008,0.534420252,0.561923623,-0.552209616,0.976139784,0.475444257,0.555797815,-0.55717808,0.960087955,0.533451974,0.567685366,-0.528672636,0.947259784,0.474408805,0.561861813,-0.530820549,0.913724542,0.522232711,0.718506217,-0.003427303,0.999618232,0.469069332,0.717429101,0.003511829,0.999696314,0.561965525,0.767833769,-0.367332131,0.993851602,0.433452547,0.764431834,-0.359903991,0.990091383,0.561712921,0.895975411,-0.093457676,0.983000875,0.434795678,0.906128109,-0.105600603,0.992227077,0.554774165,0.914118886,-0.07103166,0.898882866,0.442688465,0.925574958,-0.087311931,0.92622143,0.568853378,0.952583373,-0.199036583,0.968846321,0.430746257,0.963088989,-0.217228383,0.978787065
0,0.498572409,0.126773164,-0.151394337,0.999981642,0.50314784,0.106669657,-0.129720464,0.999975681,0.506846547,0.106290273,-0.129769236,0.999974668,0.509823501,0.105984755,-0.129803479,0.999974251,0.49132809,0.108560793,-0.129803121,0.999962449,0.487154752,0.109709352,-0.129800171,0.999957323,0.483161509,0.110798545,-0.129774258,0.999955952,0.516681314,0.114428356,-0.00319429,0.999971569,0.47703898,0.120440081,-0.002022031,0.99993962,0.506845057,0.147919118,-0.103528686,0.999976218,0.492647469,0.148303583,-0.103633806,0.999964118,0.552158654,0.230505437,0.055230029,0.999912858,0.450294703,0.231417343,0.042918462,0.999657094,0.568246067,0.366738826,-0.096384637,0.992593646,0.43797949,0.370432734,-0.102504209,0.965063214,0.539039373,0.252601564,-0.2929838,0.992455184,0.472713917,0.261540383,-0.314320147,0.975326896,0.530824006,0.227892995,-0.3362014,0.974952281,0.481748641,0.230319396,-0.36185059,0.939034522,0.529822409,0.211625114,-0.317192048,0.972179294,0.481295854,0.217579171,-0.349983871,0.930003464,0.530462146,0.221226871,-0.289906561,0.953132212,0.480695575,0.225629702,-0.315038383,0.894675016,0.526719749,0.496635556,0.001354199,0.999652386,0.467771173,0.497920394,-0.001299877,0.999507606,0.545955598,0.699189067,0.000902111,0.995693624,0.449878216,0.707457364,-0.011607471,0.995253384,0.563307822,0.897592366,0.17951943,0.99254328,0.437963426,0.898326576,0.156448677,0.993123531,0.558165491,0.920761704,0.189951897,0.880402923,0.440893799,0.920224965,0.166139856,0.858882189,0.568348169,0.958699644,0.040646736,0.984591246,0.433514893,0.963940978,0.017903773,0.984065771
1,0.471976131,0.451043546,-0.05437896,0.99999541,0.479381293,0.435432494,-0.07156752,0.999996901,0.48170948,0.435501963,-0.071505703,0.999997497,0.48425886,0.435538411,-0.071516871,0.999997258,0.476681232,0.433879256,-0.037342489,0.999996305,0.476964772,0.433066994,-0.037389997,0.999996424,0.477514863,0.432329595,-0.037340838,0.999996185,0.499343693,0.446377218,-0.104877725,0.999997258,0.492186338,0.4405604,0.04425789,0.99999404,0.478141725,0.471688479,-0.068068616,0.999993861,0.475460202,0.468383849,-0.025026921,0.999989331,0.528024554,0.568274736,-0.171239629,0.999940395,0.49589923,0.549613178,0.121344112,0.999810755,0.494636923,0.711284637,-0.134963408,0.970444977,0.471903175,0.64938736,0.032300871,0.32732448,0.468676597,0.604288042,0.042410892,0.93043679,0.461851597,0.599412858,-0.153452888,0.290389031,0.458368391,0.578820467,0.041674782,0.894153416,0.454205722,0.569366455,-0.167303726,0.267632663,0.469678789,0.564947426,0.036899533,0.894500017,0.463685989,0.561192453,-0.161113679,0.259773612,0.476467043,0.573019028,0.045883246,0.869558036,0.46968773,0.569291234,-0.156918213,0.249662817,0.582588017,0.766865373,-0.094122969,0.999953687,0.551985621,0.73837328,0.094104104,0.999940634,0.48108682,0.763956785,-0.258819848,0.992825866,0.459344,0.718967438,0.10674645,0.729186058,0.534563839,0.941441059,-0.23349683,0.990065157,0.497707307,0.855949223,0.137567922,0.741949141,0.549779773,0.967037976,-0.230149448,0.972112775,0.509853244,0.870968997,0.138599902,0.752528489,0.493294716,0.982537925,-0.273940474,0.990069926,0.454938501,0.89583391,0.133000746,0.839495361
0,0.51246959,0.149909288,-0.036532987,0.999974906,0.51943928,0.132163242,-0.051246691,0.999972582,0.521784544,0.132179007,-0.051258989,0.999974608,0.524355114,0.132268935,-0.051292442,0.999973178,0.516514122,0.131212488,-0.023499001,0.999972403,0.5166471,0.130573973,-0.023502821,0.999970555,0.516882837,0.129851088,-0.02355043,0.999973416,0.538949728,0.144123629,-0.07141342,0.999965072,0.529470325,0.137753233,0.05147459,0.999950826,0.517564654,0.16957517,-0.040986288,0.999930382,0.513644159,0.168208644,-0.005616105,0.999917209,0.557580829,0.252514273,-0.125486881,0.99984777,0.510612845,0.251493186,0.138501197,0.999589205,0.514249265,0.366679102,-0.157407925,0.962422252,0.474545985,0.375995129,0.028986325,0.600624681,0.500457585,0.262163818,-0.110445835,0.902966976,0.480728179,0.278868973,-0.183968067,0.632230699,0.498535246,0.237490922,-0.121539257,0.865775049,0.482979685,0.254415274,-0.210367978,0.546907485,0.506192327,0.22872895,-0.125543699,0.862566769,0.487838566,0.246224359,-0.201098338,0.53044486,0.507922471,0.235852748,-0.109221868,0.824690342,0.488996536,0.254464,-0.188028559,0.505188346,0.542574584,0.515711069,-0.089482397,0.999784708,0.512937427,0.512331843,0.089426547,0.999718785,0.538256109,0.723026574,-0.102183901,0.990637004,0.507474363,0.703582942,0.146832362,0.785425246,0.541093171,0.942867637,-0.092790507,0.991742432,0.504095256,0.872306764,0.238807619,0.846520841,0.549176097,0.974267364,-0.098784409,0.941754282,0.510317445,0.897795379,0.243776724,0.782439172,0.495479643,0.97933358,-0.207329273,0.988939822,0.458616823,0.911733866,0.191458136,0.915700078
1,0.469383568,0.453834206,-0.050603457,0.999996603,0.475371331,0.437769473,-0.069681637,0.999997854,0.477602184,0.437855452,-0.069616534,0.999998271,0.480074435,0.437886059,-0.069621198,0.999998152,0.473223031,0.436177343,-0.035826433,0.999997437,0.473752052,0.43535006,-0.035873659,0.999997556,0.474502504,0.434543282,-0.035827145,0.999997377,0.49637568,0.447014272,-0.107194632,0.999997914,0.490168631,0.442976326,0.04108252,0.999995947,0.475966305,0.473835558,-0.06559065,0.999995589,0.473761141,0.470323205,-0.023022784,0.999992132,0.525261164,0.568103313,-0.172897562,0.999944866,0.495481193,0.549494565,0.121664256,0.999842048,0.495519102,0.713614523,-0.132165551,0.971085608,0.47525385,0.650982618,0.044788525,0.335426658,0.466140062,0.610819817,0.042305715,0.939489543,0.46069175,0.602711082,-0.1265935,0.300458431,0.452734202,0.584717095,0.042942028,0.905733109,0.450662255,0.572594106,-0.139941454,0.277541518,0.466690511,0.56765157,0.036460027,0.90512979,0.460499555,0.563798249,-0.132251784,0.268653184,0.474571019,0.576254249,0.045380581,0.881983459,0.467313349,0.572341144,-0.129411891,0.259303838,0.579928458,0.76736325,-0.093419202,0.999958873,0.550352633,0.73830992,0.093382359,0.999944031,0.476456106,0.765202641,-0.240233839,0.992985427,0.457429439,0.72211206,0.117005199,0.727924824,0.533541918,0.941605389,-0.21945475,0.99080795,0.496131301,0.856291056,0.144351184,0.737003446,0.549059868,0.966798782,-0.216239914,0.976650953,0.508736134,0.870684624,0.145519435,0.76069957,0.493478417,0.982512534,-0.254712582,0.990889192,0.455220431,0.897511065,0.143116474,0.842345417
0,0.502662599,0.158180445,-0.020727791,0.999988377,0.50895679,0.139205754,-0.043622609,0.99998945,0.511110842,0.13877438,-0.043614291,0.999991357,0.513234377,0.138390884,-0.043659758,0.999991,0.506980002,0.139052942,-0.009486699,0.999987543,0.507681906,0.138423771,-0.009448598,0.999986768,0.508516788,0.1377514,-0.009438233,0.999986529,0.528835654,0.145834401,-0.09284272,0.99999249,0.523092806,0.143478736,0.059411827,0.999975562,0.50847441,0.175826624,-0.035324231,0.999978006,0.50588733,0.175633177,0.008372797,0.999963582,0.550558746,0.253401697,-0.158574089,0.999930561,0.519317746,0.251687855,0.149738401,0.999661863,0.500623584,0.373981506,-0.122872896,0.970761597,0.480359465,0.35699144,0.043351352,0.38140282,0.48743239,0.260866791,0.067913845,0.906802356,0.480454952,0.275966197,-0.165255696,0.458757788,0.483054638,0.24087815,0.074383616,0.868433356,0.480704963,0.252526104,-0.190130964,0.410145581,0.491005063,0.230040669,0.062482212,0.86865288,0.487697184,0.243437052,-0.180923536,0.399360925,0.494513959,0.237161085,0.071070857,0.836741984,0.490301609,0.251462221,-0.170323953,0.378376216,0.538386285,0.515387774,-0.09125042,0.999796569,0.510282576,0.51350975,0.091248833,0.999789655,0.5405581,0.727784574,-0.097077221,0.992968619,0.508642554,0.705217123,0.152057201,0.851324737,0.543131411,0.940171838,-0.081490636,0.993834138,0.504829288,0.875416279,0.246243984,0.891083598,0.549945652,0.974306822,-0.086842336,0.94964236,0.509400129,0.90663439,0.250308812,0.810451567,0.496957153,0.981136322,-0.19187665,0.993104041,0.457813174,0.916799545,0.20366092,0.941904545
1,0.513287961,0.425779253,-0.334515244,0.99999404,0.519763589,0.40842405,-0.314441472,0.999985814,0.523270786,0.407930464,-0.314444929,0.999989688,0.526856065,0.407654375,-0.314522862,0.99998039,0.505958378,0.409716606,-0.315013528,0.999981225,0.501526952,0.410284579,-0.315073669,0.999987185,0.498384982,0.410606712,-0.315048993,0.999977469,0.531336725,0.414496154,-0.208137512,0.999985099,0.492254376,0.418151975,-0.209625721,0.999980986,0.520160913,0.446901858,-0.295970768,0.999995112,0.505016744,0.447905958,-0.296719372,0.999994397,0.565065682,0.541620433,-0.156988561,0.999912381,0.461072922,0.535346925,-0.155799225,0.999747813,0.586256862,0.692477047,-0.306585133,0.993759811,0.456200004,0.691448033,-0.302794665,0.984817028,0.553788185,0.606041968,-0.516985774,0.9932217,0.485462755,0.591490388,-0.516613424,0.986378491,0.549887717,0.577201009,-0.557702899,0.980505645,0.491953671,0.562579453,-0.558719277,0.968841076,0.548384547,0.56450814,-0.533006907,0.97648102,0.491920829,0.549425781,-0.536871612,0.959602416,0.547461092,0.569773197,-0.510849237,0.947672129,0.491255105,0.555361807,-0.511221588,0.909395278,0.536436141,0.715146303,-0.001475926,0.999753535,0.481851906,0.71483326,0.001537761,0.999758303,0.586068213,0.764163196,-0.373439878,0.993333936,0.445960015,0.765147924,-0.37604177,0.989752293,0.560985684,0.895751894,-0.085535221,0.979982674,0.465958118,0.901380897,-0.095272943,0.99015969,0.551354587,0.907378733,-0.062168643,0.887769878,0.471673578,0.913788319,-0.072559811,0.902346671,0.568789244,0.962935746,-0.188868269,0.967573345,0.464604825,0.968841553,-0.193212986,0.977776945
0,0.506722212,0.103975132,-0.168076456,0.999978781,0.511413336,0.084124885,-0.144632623,0.999971867,0.515407085,0.083926849,-0.144668564,0.999967337,0.519040167,0.08371491,-0.144707546,0.999969959,0.499600589,0.085326247,-0.146559492,0.999958456,0.495223701,0.086161479,-0.146542534,0.999951482,0.491138786,0.087348349,-0.146497533,0.999955773,0.524131119,0.092882827,-0.011353405,0.999958456,0.484986931,0.098538354,-0.01926934,0.999931991,0.515292525,0.125561163,-0.118054181,0.999978125,0.499542177,0.126437202,-0.120735526,0.999970496,0.559103012,0.213443071,0.048246559,0.999937534,0.458394796,0.215657756,0.029997366,0.999649107,0.588827491,0.348241419,-0.104301855,0.991964221,0.439576089,0.354498953,-0.120367855,0.975048542,0.550725281,0.242645666,-0.32209605,0.992539406,0.480126202,0.242205098,-0.338224262,0.977309287,0.541502297,0.217115,-0.369605988,0.975177228,0.489936739,0.211072266,-0.387800902,0.941582322,0.539279521,0.202596679,-0.350100458,0.972428083,0.489503205,0.196349278,-0.372547567,0.933196366,0.539369285,0.209255487,-0.319325954,0.955596566,0.488738537,0.205303937,-0.337254941,0.900364757,0.541480482,0.479011208,0.005132233,0.999689579,0.481467605,0.482247353,-0.005123337,0.999390423,0.549526274,0.697795391,-0.008436041,0.993288636,0.472906142,0.704731584,-0.019177647,0.991560698,0.558266044,0.892131984,0.19985652,0.987426102,0.466976047,0.892760932,0.178659514,0.985995471,0.551205635,0.911999822,0.214836046,0.83835423,0.473511785,0.912488401,0.191997707,0.787719905,0.567548156,0.965302646,0.068909183,0.979078472,0.466953486,0.96787107,0.046972033,0.975502551
1,0.510529399,0.430781424,-0.323183745,0.999994457,0.517365873,0.411727995,-0.303244025,0.999987662,0.521065474,0.411527783,-0.303252161,0.999990404,0.524594605,0.4114604,-0.303330779,0.999983072,0.503389657,0.412974596,-0.303863674,0.999983847,0.499143302,0.413493752,-0.303921193,0.999988079,0.496282876,0.41389814,-0.303898007,0.999980927,0.529165566,0.419756502,-0.194513768,0.999986708,0.490533322,0.423013568,-0.198767275,0.999983251,0.517810941,0.451075375,-0.284492195,0.999995112,0.502669811,0.451003641,-0.28542605,0.999994516,0.561884224,0.538194537,-0.144602403,0.999916196,0.461295068,0.536688328,-0.14446418,0.999768078,0.579521596,0.692984223,-0.296875268,0.993107319,0.451298416,0.693933189,-0.296476096,0.986418784,0.552734971,0.599020362,-0.509938538,0.991881609,0.483484894,0.593167603,-0.50856483,0.98559618,0.548342109,0.570716679,-0.549987674,0.976773322,0.489861399,0.562258422,-0.550463915,0.965369463,0.54635942,0.558261871,-0.525885642,0.971884727,0.490739375,0.549984455,-0.528745413,0.955191791,0.545545757,0.563428342,-0.503851414,0.938314795,0.490064412,0.55703634,-0.503503442,0.902560413,0.534813225,0.715159476,-0.002374467,0.999758542,0.480760396,0.715512455,0.002436343,0.999746978,0.585225046,0.75799489,-0.384493679,0.993400633,0.444933236,0.758245528,-0.374821991,0.990476429,0.561261296,0.900343716,-0.108621515,0.980877459,0.466161549,0.903254926,-0.117442973,0.990668774,0.552933156,0.914208651,-0.086189456,0.888937891,0.473236412,0.91673398,-0.097235084,0.90482986,0.568978727,0.962884426,-0.210897923,0.969422758,0.464488655,0.966675699,-0.224362105,0.979319572
0,0.505908787,0.09598466,-0.126245573,0.999986768,0.510781407,0.07726045,-0.101396203,0.999982357,0.514686823,0.076944128,-0.101422779,0.999979436,0.51772809,0.076726206,-0.101473883,0.999980152,0.498832077,0.078964345,-0.104265057,0.999975741,0.494469434,0.080074936,-0.104251355,0.999972403,0.490209222,0.081308909,-0.10419932,0.999974489,0.522548258,0.085833892,0.030820418,0.999975204,0.483526736,0.092603125,0.01842469,0.999965549,0.514345944,0.117391773,-0.077015065,0.999985337,0.49936536,0.118171841,-0.080908917,0.999983609,0.556467056,0.20881331,0.083772495,0.999934018,0.456007987,0.207593217,0.051210064,0.999736786,0.585045695,0.339406908,-0.070998423,0.991936505,0.434537977,0.344684958,-0.095890753,0.982735634,0.546203017,0.22100313,-0.27089864,0.992525518,0.480588943,0.233767763,-0.280618995,0.983371496,0.537287712,0.194009721,-0.317617804,0.975592852,0.490027755,0.198995084,-0.327750176,0.954897821,0.5351125,0.18346408,-0.296860814,0.972497582,0.489467829,0.189810827,-0.311502427,0.946994007,0.53548491,0.192764312,-0.268065333,0.953442752,0.488675117,0.198837221,-0.278616756,0.914253473,0.538854897,0.475610018,0.005924555,0.999711692,0.478905767,0.479660988,-0.005872132,0.999526203,0.551027179,0.692955375,-0.01472189,0.994455099,0.471939087,0.703965545,-0.018843519,0.992661715,0.557655454,0.890121102,0.197779611,0.988003969,0.468187273,0.898419082,0.169418082,0.98952359,0.549758673,0.911477685,0.212517634,0.859737515,0.476371288,0.918891966,0.181709573,0.83561033,0.568772197,0.964621961,0.069376931,0.980073929,0.467421949,0.971305013,0.035585925,0.979951859
0,0.469201207,0.111205563,-0.03100938,0.999973118,0.476742387,0.093044639,-0.05230435,0.99996978,0.478772551,0.093105286,-0.052302871,0.999974251,0.480799407,0.093157463,-0.052360393,0.999967992,0.474541962,0.0925842,-0.018605703,0.999969721,0.475139409,0.092194408,-0.018569641,0.99996829,0.475827336,0.091759138,-0.018564846,0.99996686,0.494995922,0.103762373,-0.094658993,0.999975801,0.488303065,0.100204155,0.055819858,0.999950469,0.473699957,0.129020423,-0.042877745,0.999935925,0.470835418,0.128830016,0.00021638,0.999921322,0.514165759,0.212363139,-0.159220278,0.999829352,0.471209735,0.210783064,0.148924828,0.999638498,0.460138828,0.332585782,-0.125061989,0.932138622,0.429171473,0.327226728,0.032382149,0.49467057,0.454419762,0.229127452,0.028233357,0.839637458,0.445080876,0.235875055,-0.186993524,0.560460091,0.453702867,0.210521027,0.029347779,0.799906135,0.450707316,0.213618651,-0.213995591,0.483155966,0.46354568,0.205780596,0.019118594,0.802484632,0.457909971,0.214271039,-0.20202361,0.46579358,0.464719743,0.211562127,0.030813357,0.762428224,0.45785141,0.219976112,-0.190722495,0.433092892,0.491200358,0.47807458,-0.094350532,0.999452353,0.463010907,0.47427392,0.094379678,0.999631345,0.49295494,0.694589376,-0.105567083,0.98632127,0.465930283,0.682146013,0.168017969,0.859683037,0.493780077,0.910604298,-0.101846524,0.989453077,0.466851145,0.867581487,0.273152828,0.920840323,0.499718726,0.941114724,-0.107991263,0.934324265,0.477809519,0.897201061,0.278536767,0.832762122,0.449398637,0.956641853,-0.221202001,0.989479423,0.423487872,0.906566858,0.225509033,0.962341726
1,0.420226038,0.425683767,-0.03195801,0.999997735,0.426399171,0.41032967,-0.050549153,0.99999845,0.428501695,0.410618126,-0.050466083,0.999998748,0.430790842,0.410868675,-0.050463952,0.999998629,0.424038053,0.408290058,-0.015577719,0.999998271,0.424382478,0.407423913,-0.015606572,0.999998391,0.424948573,0.406567425,-0.01554348,0.999998391,0.445960015,0.419634879,-0.086429618,0.999998689,0.439567953,0.415475279,0.066134244,0.999997556,0.426944047,0.44574374,-0.046432707,0.99999702,0.424566448,0.441987574,-0.00252419,0.999995589,0.47549805,0.544076025,-0.160320222,0.999962687,0.445903569,0.525329888,0.146205127,0.999918878,0.445777446,0.694712281,-0.112298608,0.983829558,0.423367441,0.628121495,0.045443054,0.468790501,0.424177825,0.593426824,0.081634574,0.929467618,0.418367773,0.576188445,-0.151091397,0.337310612,0.415395141,0.561385632,0.08518295,0.885182321,0.415968269,0.546200156,-0.166530043,0.299372345,0.430079073,0.545166254,0.076121517,0.885132015,0.424368262,0.53850472,-0.157130688,0.288350016,0.434894502,0.553327322,0.084695168,0.868812144,0.42837429,0.545186162,-0.153086752,0.279618591,0.529614687,0.748500288,-0.100955077,0.999971867,0.500837207,0.719619155,0.10086263,0.999970317,0.425192446,0.741898119,-0.253276289,0.996936977,0.405586392,0.693525374,0.122956648,0.800022185,0.481566519,0.903782308,-0.193280607,0.99152422,0.453300267,0.844277382,0.125371963,0.787536383,0.499194294,0.927703202,-0.183268458,0.981914103,0.472804338,0.85640341,0.123906225,0.79239285,0.445656747,0.958676159,-0.204923242,0.991120219,0.413584203,0.885825992,0.116803564,0.87360853
0,0.454019904,0.102461085,-0.066466048,0.999962032,0.46054554,0.084586345,-0.086828716,0.999965429,0.463,0.08435417,-0.086830288,0.9999699,0.465755373,0.084021576,-0.086899914,0.999968112,0.457731396,0.084370874,-0.054329548,0.99996233,0.458114415,0.083932951,-0.054292902,0.999959052,0.458647698,0.083289072,-0.054277148,0.999959648,0.481601626,0.093916506,-0.118596435,0.99997139,0.471947759,0.089648038,0.024924524,0.999931693,0.459580392,0.123130009,-0.074839026,0.999928772,0.45599854,0.122651756,-0.03336456,0.999903798,0.499252707,0.206258178,-0.174003586,0.999819815,0.457272381,0.207162589,0.122115567,0.999378562,0.458229035,0.33314836,-0.117663965,0.952669919,0.424015015,0.333401382,0.004462594,0.398236424,0.445351124,0.235202238,0.096040487,0.850648701,0.436488122,0.242842719,-0.207150012,0.443865687,0.44445008,0.218215406,0.106572263,0.808487535,0.439696133,0.220958993,-0.23418878,0.386269838,0.453721821,0.209520951,0.095089272,0.808539033,0.445913225,0.216725811,-0.221713364,0.374193251,0.454473466,0.2160175,0.099767447,0.7703529,0.446701795,0.226294935,-0.210540012,0.355307847,0.48761937,0.475677997,-0.092252605,0.999628186,0.458865434,0.476278007,0.092238747,0.999542654,0.489829808,0.693090558,-0.093940772,0.988404095,0.464342207,0.677885234,0.175274894,0.762103438,0.492624462,0.904150903,-0.079006352,0.989797413,0.467917889,0.856887221,0.293814361,0.846810102,0.50014478,0.93850702,-0.083928399,0.945800543,0.482376844,0.886342287,0.300716817,0.772759378,0.446663827,0.957284987,-0.19220686,0.988345802,0.420769751,0.900399923,0.25494048,0.921346903
1,0.416329086,0.414669365,-0.028107792,0.999998152,0.422941893,0.400313467,-0.048261411,0.999998689,0.425154209,0.401044369,-0.048188332,0.999998927,0.42753312,0.401559502,-0.0481865,0.999998808,0.420565993,0.398075253,-0.012439136,0.99999845,0.420967281,0.397440225,-0.012467795,0.999998569,0.421576649,0.396797031,-0.012411181,0.999998569,0.442325979,0.41116941,-0.08897984,0.999998987,0.436367989,0.406673163,0.06808202,0.999997854,0.422146112,0.43417412,-0.043904949,0.999997437,0.419725299,0.431546271,0.001273579,0.999996245,0.468491405,0.539517522,-0.167309657,0.999969959,0.440918654,0.518674552,0.149912521,0.999932587,0.442647159,0.69075942,-0.115259655,0.986212015,0.422045678,0.618459523,0.047992155,0.481445402,0.420733124,0.588070154,0.090497963,0.928848088,0.414625823,0.569036126,-0.143374011,0.328880548,0.412240893,0.555670559,0.095234789,0.883335233,0.412178993,0.538995683,-0.156777188,0.291507274,0.424908549,0.5422225,0.085982688,0.884076893,0.419868082,0.532639086,-0.146358624,0.281051099,0.429537266,0.550853014,0.093997411,0.867471993,0.42379728,0.53941226,-0.144608706,0.275822908,0.525624037,0.74100703,-0.104028627,0.999971867,0.497619539,0.710830808,0.103999056,0.999969065,0.422944993,0.74410522,-0.24494049,0.997353852,0.402559906,0.700083196,0.149575874,0.800925136,0.482018441,0.902467728,-0.193518534,0.992558777,0.453442931,0.843852937,0.155348286,0.799248755,0.49894315,0.926091373,-0.1859532,0.982543766,0.469687879,0.854239345,0.154955178,0.80586493,0.448055297,0.956439316,-0.20150803,0.992043197,0.417451769,0.888364196,0.159118488,0.875066161
0,0.468823731,0.105031922,-0.031774897,0.99996531,0.475919694,0.087663986,-0.055815469,0.999966323,0.47789368,0.087526284,-0.055810284,0.999971151,0.480084091,0.087327003,-0.055874612,0.999969959,0.473935336,0.087204918,-0.019947801,0.999960423,0.474534959,0.086829513,-0.019897047,0.999957263,0.475216687,0.08628539,-0.019887645,0.9999578,0.495704263,0.098359138,-0.101975404,0.999972761,0.489010334,0.094546758,0.055522807,0.999929726,0.474031538,0.124703132,-0.045282736,0.999930978,0.471286207,0.12434458,0.000461823,0.999895215,0.51484251,0.210094169,-0.162928328,0.999873698,0.475556731,0.204533309,0.1470851,0.999474108,0.471627593,0.3301633,-0.134752601,0.95419085,0.438518256,0.312194258,0.02820624,0.377956182,0.458931595,0.227420419,0.055086806,0.878862381,0.448469758,0.230787858,-0.192331851,0.441839308,0.457767844,0.208246574,0.061741162,0.837687254,0.452257365,0.210882723,-0.21846056,0.389978498,0.46643436,0.200549945,0.053304311,0.838536441,0.458233923,0.207062081,-0.208711997,0.377998471,0.467281938,0.206630304,0.05951016,0.801405907,0.458792061,0.213644192,-0.197472259,0.359715819,0.490518779,0.475449055,-0.094178036,0.999572098,0.463389993,0.473646343,0.094188415,0.999534965,0.495557278,0.697221875,-0.089965776,0.986753225,0.469698876,0.680088878,0.17285797,0.774887025,0.494572967,0.909327388,-0.076443151,0.988195002,0.469129682,0.859030664,0.285425991,0.846364319,0.500585616,0.944749594,-0.083513148,0.938836932,0.480602562,0.887171626,0.293205559,0.773921192,0.446163595,0.955891788,-0.202451497,0.987074614,0.425394833,0.904479504,0.24706465,0.923306167
0,0.554186225,0.149438426,-0.130442157,0.999971569,0.561146557,0.132039651,-0.10828422,0.999959171,0.564704776,0.132298499,-0.108321391,0.99995023,0.567635179,0.132975861,-0.108350918,0.99995476,0.548568547,0.132889733,-0.106944062,0.999952078,0.544131458,0.133653805,-0.106915638,0.999937236,0.540122867,0.134361953,-0.10688819,0.999938488,0.573104858,0.144067809,0.005049513,0.999930859,0.535990536,0.144617856,0.011984318,0.9999066,0.562551081,0.171096236,-0.088952653,0.999931037,0.547511697,0.169937506,-0.0873973,0.999919295,0.603446782,0.25662902,0.031830139,0.999622405,0.507279992,0.255947232,0.033200916,0.999596536,0.6104545,0.370163739,-0.13782759,0.988329649,0.492392451,0.365648061,-0.131450579,0.963360727,0.575121462,0.246707365,-0.305314094,0.989731729,0.528835416,0.253639579,-0.31391567,0.967261851,0.568921328,0.211850002,-0.344555795,0.968486309,0.533923626,0.220781311,-0.357789665,0.915635884,0.569968879,0.208623245,-0.32550174,0.964908063,0.535062492,0.217560217,-0.342076868,0.903088272,0.570310116,0.222734466,-0.302019298,0.947408319,0.536068678,0.229690209,-0.313349426,0.872880816,0.577602684,0.500799239,0.000279842,0.999803305,0.518435359,0.500505507,-0.000290222,0.99979645,0.595552087,0.706121206,-0.001187743,0.997584283,0.505677819,0.702221334,-0.00057347,0.99789536,0.615140021,0.879761338,0.145103604,0.996359825,0.493870914,0.872888029,0.150795266,0.997220099,0.607524455,0.903905571,0.152835175,0.928212106,0.501843572,0.895380676,0.158613801,0.920087755,0.634136975,0.949666679,0.021852219,0.992754519,0.473319829,0.936218023,0.027924415,0.992755949
1,0.551289141,0.49165377,-0.321223259,0.999984324,0.557575643,0.476633102,-0.301124632,0.999962866,0.560864806,0.477116227,-0.301131606,0.999967337,0.563894272,0.477635264,-0.301229089,0.999935687,0.546043277,0.476495862,-0.301696599,0.999952495,0.541449428,0.477165252,-0.301752716,0.999964416,0.537922382,0.477762014,-0.301759064,0.999937236,0.570134342,0.485874176,-0.196582764,0.999949753,0.533026576,0.48574701,-0.199598879,0.999964356,0.557206869,0.510127127,-0.283062607,0.999980271,0.54314667,0.5094437,-0.28429082,0.9999789,0.59725368,0.58404547,-0.144983187,0.999465704,0.504933536,0.57593143,-0.149930626,0.999684751,0.603728652,0.721053004,-0.300252914,0.960872829,0.49616307,0.706510484,-0.31793648,0.974452734,0.576301813,0.599679828,-0.457677752,0.968512058,0.521036148,0.600812137,-0.477211773,0.945479512,0.572179258,0.569165766,-0.485371262,0.925050735,0.52773881,0.563323557,-0.506235957,0.849157453,0.573599219,0.562891483,-0.457501233,0.898806393,0.530644536,0.558414221,-0.480035156,0.774307609,0.572683871,0.5730353,-0.449198633,0.785911024,0.531283855,0.569420218,-0.470110893,0.610656321,0.577848077,0.72955662,0.003124585,0.999900043,0.523162425,0.730396926,-0.003141516,0.999916852,0.635599673,0.738359392,-0.358187765,0.991921544,0.465677828,0.740975261,-0.337332964,0.994624436,0.613734245,0.877684772,-0.10983672,0.9826985,0.493608773,0.875406206,-0.099072583,0.996426761,0.602214873,0.894705176,-0.090690486,0.955639124,0.504434824,0.89258641,-0.080110334,0.978938878,0.633107245,0.9424631,-0.196193039,0.972896397,0.472466171,0.935214818,-0.183660373,0.989698827
0,0.547717452,0.151620731,-0.138158888,0.999980748,0.554781318,0.133134514,-0.116600096,0.999971509,0.557441473,0.133256018,-0.116636373,0.99996525,0.560032189,0.133860916,-0.116666213,0.999967456,0.542225301,0.13301596,-0.115033053,0.999967992,0.537430704,0.133258462,-0.115007117,0.999957561,0.533478618,0.133867353,-0.114987209,0.99995929,0.566056013,0.144614041,-0.002817533,0.999953628,0.528698385,0.144552365,0.005479975,0.999943912,0.554755807,0.173071057,-0.096350163,0.99995774,0.540067613,0.171853751,-0.09434475,0.99995172,0.59473294,0.25294587,0.028643653,0.999676287,0.501386166,0.252287865,0.032641135,0.999668121,0.604660392,0.369793743,-0.135670975,0.988641798,0.48548156,0.361550778,-0.126321569,0.967768669,0.570245147,0.245433047,-0.310323626,0.988729954,0.520817161,0.24574399,-0.312120378,0.97304827,0.563895941,0.213368461,-0.349600971,0.967309654,0.525272667,0.211751699,-0.357348382,0.926942527,0.564288497,0.209933832,-0.333739877,0.963302314,0.52602613,0.207044333,-0.340795994,0.914800763,0.563969731,0.222688839,-0.308306992,0.943257153,0.527019203,0.220543042,-0.311486095,0.885236859,0.572207093,0.500036657,-0.003653331,0.999860108,0.514828503,0.500579834,0.003664655,0.99986577,0.592797875,0.700654268,-0.017964497,0.99780035,0.499984741,0.699617743,0.002937774,0.998291969,0.615627885,0.877174437,0.118460558,0.996605933,0.493387789,0.871441662,0.187000513,0.99734503,0.607786,0.900458038,0.125097096,0.933776081,0.502060056,0.892696142,0.198622212,0.941713929,0.635152638,0.948168099,-0.009153744,0.992838502,0.472341835,0.932101607,0.076680742,0.993131995
1,0.549871445,0.481265247,-0.216535732,0.999985218,0.55571413,0.465730131,-0.19629319,0.999971688,0.558809638,0.465903819,-0.196296111,0.999973178,0.561881185,0.466365278,-0.196389049,0.999957085,0.543812037,0.466052204,-0.198044613,0.99996537,0.539406836,0.466395915,-0.198105171,0.999971151,0.535465717,0.466611862,-0.198102564,0.999957383,0.567874432,0.474382788,-0.103296712,0.999961257,0.530569911,0.474848419,-0.11187844,0.9999668,0.555573583,0.498749554,-0.183161348,0.999978244,0.541712046,0.497902513,-0.186116606,0.999974668,0.596441865,0.578798652,-0.06037689,0.999285102,0.502098501,0.568704903,-0.07156308,0.999545813,0.604029953,0.723343492,-0.141085833,0.920409739,0.490604639,0.702666283,-0.164562792,0.951230407,0.574976087,0.598484516,-0.213665098,0.93576771,0.519293785,0.597063899,-0.227853656,0.905250251,0.571018577,0.565710962,-0.223123029,0.850507617,0.525564075,0.557533324,-0.238302231,0.745256603,0.57270062,0.559654474,-0.200460151,0.811574399,0.5284338,0.552865148,-0.215407521,0.648782074,0.571261346,0.570521474,-0.204573467,0.680737197,0.529082417,0.564595342,-0.219116405,0.497075349,0.57583344,0.728623509,0.002507874,0.999880552,0.519221902,0.729064763,-0.002507282,0.999896884,0.635800362,0.742804885,-0.353440017,0.991411448,0.459221035,0.741144717,-0.319559634,0.994018972,0.613532066,0.878164411,-0.079175808,0.973048449,0.49245429,0.873881459,-0.061505396,0.994880021,0.601626515,0.893708944,-0.055322517,0.936910987,0.504305601,0.890706062,-0.039598465,0.974289775,0.632839799,0.944023907,-0.145456865,0.960875332,0.472147524,0.93636477,-0.132225558,0.986717343
0,0.548842788,0.152098015,-0.137119114,0.999981701,0.555859983,0.133766115,-0.115484133,0.999973536,0.558526099,0.134066597,-0.115516365,0.999967694,0.561419666,0.134737,-0.115543939,0.999969065,0.543070495,0.134278536,-0.113739371,0.999968588,0.538374662,0.134724408,-0.113707304,0.999958456,0.534478545,0.135408834,-0.113689438,0.999958754,0.567533553,0.145857677,-0.001646756,0.999961555,0.529549241,0.146795616,0.007305639,0.999947011,0.556175411,0.173358038,-0.095313497,0.999961436,0.541278243,0.172307059,-0.09311875,0.999952614,0.596575618,0.255529076,0.027017698,0.999672413,0.502943099,0.252967298,0.034828637,0.999612987,0.605513871,0.372764319,-0.147023752,0.988944769,0.487727255,0.359619141,-0.134942114,0.959240437,0.572693229,0.245148927,-0.337680995,0.990088642,0.521247029,0.240936086,-0.338497311,0.972313464,0.566229999,0.210666925,-0.380144656,0.970810056,0.523766935,0.208076671,-0.385089755,0.929280698,0.567141473,0.206935883,-0.36410737,0.967031538,0.524211764,0.202569753,-0.370069355,0.917671323,0.567034364,0.220087558,-0.336215854,0.94774425,0.525475264,0.214816913,-0.338976175,0.888263583,0.573015928,0.499792367,-0.006305868,0.999836087,0.515776992,0.498734653,0.006311391,0.999861419,0.596222579,0.701225877,-0.03465151,0.997646332,0.49869442,0.696556389,-0.020091679,0.998392403,0.614550173,0.878029466,0.09892644,0.996421516,0.494061083,0.872606933,0.146738872,0.997895896,0.606944978,0.900175631,0.104255758,0.935304642,0.503183603,0.895482898,0.154806986,0.956367373,0.634782076,0.946092129,-0.031787768,0.9921,0.470388979,0.932700336,0.028580701,0.994041979
1,0.551032186,0.488936245,-0.17160283,0.999995053,0.557162583,0.472497851,-0.152347475,0.999991715,0.560529828,0.472673804,-0.152346343,0.999991536,0.563645244,0.473144442,-0.152424887,0.999987602,0.545372009,0.472296059,-0.15526171,0.999989867,0.541065156,0.472267628,-0.155330151,0.999991,0.53720969,0.472348064,-0.155326217,0.999987841,0.569463849,0.481564701,-0.066564515,0.999987721,0.532565951,0.480110645,-0.080410704,0.999989212,0.557125568,0.507341623,-0.140987948,0.999989748,0.542782664,0.5056113,-0.145429164,0.999987662,0.59821254,0.585527062,-0.031865634,0.999258518,0.502783,0.578029633,-0.049668282,0.999587893,0.60572803,0.726686001,-0.095871039,0.894702017,0.496669143,0.713645518,-0.136416286,0.930881441,0.576667249,0.60395354,-0.147155836,0.922968566,0.519025207,0.607524455,-0.196976617,0.922610998,0.571244121,0.568837166,-0.151364595,0.822608292,0.525077045,0.564663529,-0.205077916,0.792564332,0.573160529,0.562792361,-0.129013181,0.782775342,0.526645482,0.559714615,-0.183198571,0.711985588,0.572588921,0.574079037,-0.137428969,0.664930999,0.528391182,0.573092937,-0.188426152,0.577685416,0.577502429,0.73949188,0.003196893,0.999893367,0.521270096,0.741206169,-0.0032089,0.999911845,0.640584171,0.753233433,-0.340426087,0.993760049,0.456954896,0.751676083,-0.299488842,0.996192396,0.614216089,0.878077626,-0.067117199,0.975000381,0.491968334,0.875869095,-0.041165225,0.995966733,0.601952076,0.892097294,-0.042342551,0.948017955,0.504134536,0.891964197,-0.018487696,0.980583072,0.633845925,0.944431961,-0.11963167,0.963521302,0.470924526,0.936509848,-0.099516734,0.988999307
0,0.549501956,0.153905779,-0.135319009,0.999985754,0.556473315,0.135100305,-0.113941625,0.999979079,0.559533417,0.135040268,-0.113976859,0.999975026,0.561882317,0.135648757,-0.114009097,0.99997592,0.543586373,0.135695219,-0.112509705,0.999974072,0.539262533,0.135979861,-0.112472638,0.999965489,0.535030127,0.136863247,-0.112447217,0.999964535,0.568133652,0.146553531,0.001362869,0.999971509,0.530825078,0.147799984,0.008596065,0.999956012,0.556610763,0.174982011,-0.092636466,0.999970675,0.541596353,0.174025029,-0.090959586,0.999961913,0.59571588,0.254351079,0.034101222,0.999723613,0.505250871,0.250178307,0.034953468,0.99961102,0.60701257,0.368829846,-0.138047427,0.98985815,0.490520388,0.355779678,-0.135790959,0.951758921,0.577565908,0.248174608,-0.323525608,0.991430044,0.523478091,0.242666334,-0.340071619,0.97089833,0.572577894,0.215539664,-0.36530602,0.974632859,0.525861263,0.211442336,-0.387095273,0.929904819,0.573070884,0.210291773,-0.348776847,0.97151053,0.526325822,0.205582887,-0.373352766,0.919437289,0.571993411,0.222813204,-0.321708977,0.954561532,0.527710438,0.217615366,-0.34101513,0.890864313,0.574123263,0.499391019,-0.005192708,0.999839306,0.516659975,0.499094695,0.005222366,0.99985826,0.596878767,0.699621379,-0.029621929,0.99764818,0.499168932,0.697679758,-0.011326011,0.998366952,0.614997983,0.877760589,0.097521521,0.996020496,0.49358964,0.873074591,0.152420565,0.997781336,0.607204437,0.900974691,0.102816321,0.936461508,0.502727926,0.895806134,0.161393493,0.957360387,0.635323226,0.946639061,-0.032316603,0.991227269,0.470100462,0.933243215,0.036409847,0.993751764
0,0.529237628,0.162896544,-0.070612088,0.999983251,0.53584671,0.14686586,-0.08999411,0.999982953,0.53808856,0.147401944,-0.089985572,0.999983847,0.540703297,0.14805381,-0.090009511,0.999982357,0.533271968,0.145314395,-0.059418492,0.999979436,0.533232808,0.144717544,-0.059429415,0.999976397,0.533181906,0.144161135,-0.059439026,0.999978364,0.555680096,0.159585565,-0.115837291,0.999979556,0.542996407,0.15294458,0.016947668,0.999955893,0.533214927,0.181037083,-0.076577015,0.99996531,0.529871345,0.179348707,-0.037922811,0.999951303,0.571383297,0.263532877,-0.156865656,0.999900818,0.525002837,0.26015237,0.119856857,0.999572396,0.529927254,0.381785929,-0.151328236,0.970021188,0.489041269,0.371719778,0.013394949,0.541787207,0.520350158,0.275125682,-0.053582899,0.947434962,0.50320369,0.280767113,-0.212298959,0.743583798,0.520874202,0.248865381,-0.055408638,0.925643027,0.506360829,0.258293957,-0.239677146,0.671931565,0.530084252,0.244088486,-0.058282934,0.923576713,0.511651337,0.255146593,-0.227104947,0.652171195,0.531655788,0.248651668,-0.049112618,0.89981854,0.512362838,0.261044085,-0.21491906,0.617889166,0.554188728,0.518259346,-0.095461115,0.999803901,0.527182281,0.515141249,0.095426328,0.999585271,0.552285552,0.720128953,-0.116319753,0.98711431,0.529130101,0.695572376,0.200277686,0.710350037,0.558195233,0.940003872,-0.137047321,0.993700981,0.529298544,0.849478304,0.327704906,0.846503794,0.569741607,0.973357618,-0.144189268,0.971510351,0.537884831,0.878050327,0.337157995,0.799784839,0.521144509,1.000005722,-0.249470279,0.994514346,0.481785923,0.883970916,0.301272601,0.942124903
1,0.491559595,0.497407496,-0.084662549,0.999941826,0.49814105,0.485333472,-0.089364424,0.999970376,0.500279963,0.485864252,-0.089316115,0.999976039,0.502750158,0.486468434,-0.089345433,0.999971926,0.494759411,0.483153522,-0.064291172,0.999950469,0.494566053,0.482398689,-0.064354703,0.999959111,0.494579315,0.481562883,-0.06436266,0.999954939,0.516049504,0.496816605,-0.088612393,0.999965012,0.506761372,0.489616871,0.01956721,0.999935091,0.49679175,0.517611921,-0.086501822,0.999957383,0.49287051,0.514043987,-0.05532847,0.999941051,0.547982574,0.594386101,-0.120516956,0.999588072,0.493282169,0.583134651,0.060262412,0.999380708,0.513985753,0.72573185,-0.100136258,0.910250127,0.473727465,0.686349332,-0.043928064,0.442875594,0.489266396,0.598608851,0.010412241,0.893688023,0.480166048,0.59483254,-0.203327253,0.428922713,0.482192457,0.574057281,0.002723583,0.845179021,0.478980839,0.568916261,-0.217924446,0.343190491,0.493258178,0.562384009,0.001483329,0.841667175,0.488465786,0.567062378,-0.20424366,0.326922178,0.497902006,0.57031399,0.013185059,0.810625434,0.491192341,0.576049447,-0.201506451,0.313469648,0.597171187,0.771453261,-0.057836913,0.999949038,0.560394704,0.753614128,0.057871483,0.999904931,0.5184232,0.769427657,-0.267873675,0.981474042,0.487538487,0.715834796,0.025545442,0.540383458,0.554330885,0.939647257,-0.180642918,0.950044274,0.522221804,0.853113651,0.103601255,0.555292845,0.569831312,0.965157092,-0.171669349,0.895548582,0.533095598,0.86636287,0.111406468,0.563798845,0.526328743,0.984937966,-0.230927154,0.947381735,0.491815954,0.886705279,0.080873601,0.705170631
0,0.529899001,0.169231519,-0.052895356,0.999973357,0.536858916,0.153004512,-0.076131895,0.999979496,0.539261699,0.15335305,-0.076122835,0.999981463,0.541848719,0.153747275,-0.076177187,0.999981463,0.533957779,0.151674971,-0.042389724,0.999976993,0.534092069,0.150845855,-0.042380165,0.99997443,0.534296751,0.149953544,-0.042372596,0.999978065,0.555616975,0.163728207,-0.119914688,0.999981165,0.546160042,0.158201307,0.029153097,0.999949813,0.534137845,0.187374458,-0.065153129,0.999951661,0.53088522,0.185875252,-0.022213608,0.999935925,0.568926871,0.266172767,-0.176110357,0.999816716,0.536010504,0.26322183,0.130610704,0.999300003,0.521234393,0.382994086,-0.109193765,0.948068321,0.50326097,0.367751002,0.019283887,0.326549172,0.514116883,0.291527808,0.106283404,0.744900167,0.507997274,0.277859479,-0.196938679,0.43474403,0.514977992,0.270843029,0.120134495,0.696939349,0.511073709,0.257019877,-0.220838428,0.397645086,0.523638844,0.262782723,0.108314201,0.69924134,0.517151713,0.256253183,-0.207706839,0.385788828,0.524180233,0.268890977,0.110301934,0.671818376,0.517581403,0.26149115,-0.199387416,0.356174171,0.554816842,0.515457571,-0.097277895,0.999828696,0.534623325,0.513083875,0.097301677,0.999689102,0.548740685,0.716872931,-0.120163038,0.989622414,0.530007243,0.686097324,0.199225038,0.730154037,0.55622375,0.933329761,-0.15406388,0.993872464,0.529950738,0.852036893,0.315741181,0.835331619,0.567519367,0.969508171,-0.16206117,0.976976335,0.534977019,0.877061367,0.324164093,0.751536846,0.518652737,0.991563737,-0.253255278,0.994425833,0.48053807,0.87957859,0.301790416,0.930441797
1,0.489111662,0.477309287,-0.084794685,0.999979079,0.495807409,0.465742528,-0.093945779,0.999989927,0.498075873,0.466370642,-0.093882248,0.999990404,0.500474751,0.467115909,-0.093905196,0.999989331,0.49225077,0.463789791,-0.065448023,0.999984324,0.491965204,0.463092715,-0.065496609,0.999985993,0.491778672,0.462314874,-0.065474056,0.99998641,0.513516545,0.477417111,-0.104307972,0.999985039,0.502843559,0.470172554,0.019839877,0.999978244,0.494394839,0.497213155,-0.089949019,0.999983311,0.490267277,0.493811727,-0.054590821,0.999979138,0.543663263,0.575979769,-0.141846269,0.999765277,0.493795961,0.566887558,0.077120051,0.999727547,0.51007247,0.716649354,-0.112294041,0.948045909,0.471954048,0.671826482,-0.023362644,0.600036025,0.488778919,0.583026648,0.0216906,0.925496817,0.476374775,0.576383173,-0.189335749,0.625594974,0.482278258,0.555474162,0.019385282,0.880613565,0.474759519,0.551818848,-0.201571152,0.533307731,0.493888795,0.546925604,0.018841876,0.875221372,0.483429909,0.547907114,-0.188012183,0.508321702,0.497798443,0.556194544,0.025740797,0.850864887,0.486677259,0.557190835,-0.187482715,0.485412776,0.593562484,0.757903457,-0.070439562,0.999975264,0.557646036,0.738301575,0.070397697,0.999954164,0.509762526,0.764721453,-0.268657655,0.988844752,0.474294275,0.699712038,0.055083908,0.606382191,0.554359078,0.937217772,-0.196479335,0.968470395,0.518120527,0.848493218,0.106184028,0.583224356,0.569957137,0.96213311,-0.188546941,0.939646065,0.529865384,0.85774833,0.11141596,0.61769712,0.527463496,0.989082575,-0.231073692,0.96895355,0.485109627,0.880465448,0.095389478,0.737037361
0,0.529114306,0.167088434,-0.051136445,0.999974787,0.536392033,0.151102111,-0.071569398,0.99997896,0.538934946,0.151626185,-0.071553856,0.99998033,0.541635811,0.152265713,-0.071590625,0.999979675,0.532977998,0.149541616,-0.040101442,0.999977291,0.532947779,0.148789391,-0.040098734,0.999974132,0.532980382,0.148079813,-0.040093474,0.999978125,0.555829406,0.1633531,-0.106313869,0.999976397,0.544962406,0.156621471,0.032288618,0.999948978,0.533269167,0.186719552,-0.06023391,0.999943197,0.529782772,0.184740752,-0.020244857,0.999932706,0.571191847,0.262777776,-0.158346146,0.999803722,0.530419111,0.263509274,0.134528846,0.9993819,0.524389446,0.382064283,-0.106681906,0.955246985,0.495775312,0.371397436,0.02587736,0.512035012,0.515209258,0.277695179,0.076143704,0.84469384,0.503868341,0.272530079,-0.19770804,0.661187112,0.516848207,0.255438507,0.086595014,0.805937529,0.50662899,0.252014726,-0.223010689,0.588911951,0.526215196,0.248387501,0.076270856,0.804408908,0.512185216,0.248305157,-0.208989337,0.572773159,0.526947141,0.253701031,0.080018722,0.775696874,0.512873054,0.254985839,-0.199494049,0.536681354,0.556592762,0.516178966,-0.096433803,0.999840021,0.533578157,0.514233887,0.096395932,0.999688447,0.547872663,0.71334964,-0.129620165,0.988602519,0.527050078,0.68500936,0.189840645,0.70382911,0.556752443,0.934248507,-0.167577341,0.993500829,0.52840668,0.85129106,0.299505383,0.81518352,0.56850934,0.971065342,-0.176812962,0.975061059,0.53390348,0.874395311,0.307391554,0.752764225,0.517602026,0.992765784,-0.269011676,0.994192123,0.477846205,0.881243289,0.283145338,0.921035051
1,0.487030327,0.486218572,-0.078675821,0.999976516,0.493285596,0.471581131,-0.087759644,0.999987543,0.495523214,0.472094178,-0.087714285,0.999988616,0.498186111,0.472478151,-0.087748095,0.999987125,0.489850909,0.469458759,-0.061765891,0.99998033,0.489556551,0.468493491,-0.061813265,0.99998194,0.489383698,0.467583388,-0.061819214,0.999982059,0.511383355,0.480900198,-0.094706222,0.999983013,0.499640405,0.475258291,0.015368516,0.999976039,0.492886692,0.505740762,-0.083151467,0.999981582,0.488882124,0.503336549,-0.050904531,0.999975383,0.542999148,0.578174233,-0.123459637,0.999719799,0.489183724,0.566827834,0.065685749,0.999697089,0.508553147,0.720148385,-0.100101434,0.934010208,0.468587399,0.672837079,-0.025291005,0.584560633,0.487462282,0.588543475,0.002882036,0.931782126,0.475351721,0.577293754,-0.188159451,0.654348433,0.481321752,0.560563982,-0.001476923,0.895616412,0.473185718,0.552021265,-0.205262572,0.568896294,0.492754161,0.552331686,-0.004535872,0.892514884,0.481714398,0.548024893,-0.19196263,0.545857787,0.496833503,0.561943829,0.005236036,0.869645476,0.485187948,0.557433486,-0.186968967,0.522194743,0.587596476,0.764794946,-0.059233099,0.999969363,0.549153626,0.746025681,0.059203275,0.99993962,0.503987789,0.765253425,-0.239263982,0.98769331,0.468064219,0.701764166,0.063798852,0.594965756,0.553205788,0.936496317,-0.142744929,0.965335071,0.516942382,0.846501231,0.142866284,0.559537351,0.568500876,0.960553229,-0.131631851,0.939245582,0.531460345,0.85739094,0.150939852,0.605382502,0.527351618,0.988678634,-0.164861858,0.962284148,0.485885233,0.881537318,0.141680568,0.697286189
0,0.529204905,0.165445775,-0.074360281,0.999970317,0.538111091,0.149719641,-0.094658688,0.999975443,0.540895998,0.150831014,-0.094640315,0.99997735,0.54388845,0.152005672,-0.094668739,0.999975562,0.534012616,0.147092506,-0.062902458,0.999974251,0.533702552,0.146208599,-0.062897846,0.999971151,0.533461452,0.145374417,-0.062900998,0.999974966,0.556404233,0.163594887,-0.125322178,0.999970496,0.543853402,0.154716298,0.012892192,0.99994415,0.533377528,0.186549678,-0.082479253,0.999930561,0.528379202,0.18376492,-0.042570703,0.999921739,0.569777608,0.26406467,-0.173031539,0.99970907,0.526686311,0.2585226,0.117869541,0.999130905,0.520227313,0.384046584,-0.124904826,0.948560953,0.494958013,0.370496958,0.001146642,0.521411955,0.513798356,0.276213646,0.054794699,0.823143303,0.507456481,0.27355513,-0.227936745,0.64162302,0.515063882,0.255169898,0.064000718,0.778358221,0.510324657,0.253017426,-0.252640992,0.566494167,0.525354564,0.250105381,0.055734448,0.774376392,0.516505361,0.250488311,-0.237573355,0.547392368,0.525765598,0.255246282,0.05930876,0.739737451,0.516805112,0.25688988,-0.229418918,0.512792647,0.5602687,0.515878737,-0.093290381,0.999865413,0.534568489,0.512828946,0.093290664,0.999699831,0.547866046,0.710764766,-0.13696298,0.989028811,0.52520752,0.68298316,0.207191139,0.657970607,0.5559026,0.936456919,-0.187041089,0.993476272,0.528416216,0.847779691,0.325924784,0.771225572,0.56706959,0.970333159,-0.196747601,0.976030409,0.535293281,0.875494123,0.334832698,0.71390748,0.516316056,0.992567003,-0.291889518,0.993792772,0.477441788,0.879750669,0.312095284,0.893424869
0,0.487927586,0.22442852,-0.152350292,0.999985635,0.492527902,0.209731698,-0.133382633,0.999974906,0.495271772,0.209842026,-0.133411616,0.999969065,0.497771114,0.20991385,-0.13346377,0.999976456,0.483041376,0.209987447,-0.137442663,0.999965727,0.479921639,0.210188955,-0.137438819,0.999962628,0.476833642,0.210218072,-0.137378827,0.999955952,0.500941515,0.216862723,-0.020719457,0.999980628,0.471628666,0.218166515,-0.039530717,0.999903619,0.49408859,0.240472332,-0.110489547,0.999979377,0.481849492,0.239820078,-0.11621356,0.999928951,0.524919391,0.297960192,0.047475748,0.999934971,0.45362258,0.298050672,-0.025319174,0.998025835,0.572819054,0.324791431,0.086755969,0.981202424,0.458606005,0.306776077,-0.180115029,0.834783971,0.600031197,0.375322878,0.069063485,0.966359735,0.467882872,0.320078522,-0.362163574,0.750029624,0.608744025,0.397477835,0.06410028,0.912933767,0.469446719,0.328245848,-0.400351137,0.655177236,0.603642106,0.400122315,0.038880594,0.924350798,0.474585593,0.326206684,-0.402858883,0.656924784,0.599693179,0.39557007,0.05907755,0.908955693,0.477230221,0.324503928,-0.369201452,0.632712543,0.512805581,0.523698688,0.011083269,0.999704301,0.469842821,0.525457621,-0.011081886,0.999441624,0.519973874,0.701838851,-0.000111676,0.993175209,0.45532766,0.707243025,-0.029684786,0.989858866,0.530163109,0.858207345,0.098582454,0.992016613,0.435545355,0.864805698,0.071114354,0.993552506,0.523876071,0.880809247,0.100492463,0.864070058,0.440138668,0.884729862,0.073521771,0.865297675,0.542367637,0.911963046,-0.02417784,0.984483778,0.422274441,0.913528025,-0.047782354,0.988710463
1,0.4820593,0.476422846,-0.336945385,0.999976337,0.484440506,0.461069435,-0.317658842,0.999899328,0.486765295,0.460181862,-0.317669332,0.999888122,0.488883823,0.459433317,-0.317778051,0.999889135,0.476619661,0.462301522,-0.323947757,0.999896109,0.472837865,0.46204108,-0.32402128,0.999916434,0.469537407,0.461655587,-0.324006498,0.999898612,0.490941674,0.461002827,-0.205506399,0.999925256,0.462954611,0.465915799,-0.23327513,0.999900758,0.485827208,0.489107966,-0.295233071,0.999954998,0.476846635,0.491353184,-0.303255171,0.99990958,0.512574732,0.513625562,-0.129480153,0.999932945,0.443528265,0.54338479,-0.174165368,0.997033417,0.569250941,0.521039128,-0.125753164,0.996467412,0.444107294,0.577520728,-0.253684491,0.864238918,0.599289834,0.587578893,-0.210048348,0.976121545,0.450899929,0.610946596,-0.410143912,0.73959589,0.605641723,0.608413935,-0.22824499,0.933011413,0.449964851,0.61955601,-0.444146812,0.701741993,0.602505386,0.613547564,-0.247208863,0.94122684,0.451484293,0.611958981,-0.453924268,0.694393337,0.598965168,0.608013809,-0.219835162,0.925856948,0.452830255,0.609371662,-0.41802597,0.613589227,0.505736411,0.683137655,0.001346825,0.999518931,0.462743044,0.686184704,-0.001447161,0.999463975,0.548113465,0.783004701,-0.203695804,0.992067814,0.415818274,0.769548297,-0.208813876,0.996216297,0.527777791,0.864201963,0.030365651,0.978485644,0.437651694,0.867652953,0.022388361,0.994475305,0.519216061,0.874982595,0.047477804,0.883311391,0.446172863,0.882828951,0.039740901,0.963599324,0.545880318,0.916533232,-0.047474761,0.945208311,0.416053474,0.910442889,-0.047640666,0.984858274
0,0.485463679,0.223841622,-0.155004054,0.999992073,0.490586996,0.208824202,-0.137557194,0.999981403,0.493625402,0.208760828,-0.137565464,0.999977648,0.496672004,0.208479941,-0.137609884,0.999979615,0.480927616,0.209333584,-0.138163939,0.999978542,0.478063196,0.20938307,-0.138177574,0.99997884,0.475199223,0.209214509,-0.138125405,0.999977529,0.501177013,0.214830816,-0.028890237,0.999984324,0.471362919,0.216510326,-0.032573633,0.999955654,0.492353022,0.238837585,-0.114591695,0.999986827,0.480147064,0.238206148,-0.115910068,0.999961495,0.528845131,0.295165986,0.040130652,0.99991715,0.455121458,0.298677504,0.001138969,0.999048114,0.574410021,0.318244725,0.078058138,0.989015579,0.452062905,0.309025228,-0.169222027,0.88768208,0.598709404,0.361518145,0.082172126,0.972879291,0.4548648,0.322310328,-0.389424145,0.853242397,0.607644856,0.385514885,0.081084564,0.915603399,0.453044713,0.332857966,-0.430807889,0.760306656,0.602743268,0.384428531,0.055125035,0.92501533,0.460583508,0.330693185,-0.432474792,0.760265112,0.599603832,0.376204461,0.072610095,0.914465487,0.463592857,0.329690665,-0.397177726,0.743534744,0.515809715,0.523651302,0.004902602,0.999652088,0.472221315,0.52329582,-0.004897146,0.999502003,0.523488641,0.704315841,-0.007078208,0.993437052,0.455028534,0.705891192,-0.026870102,0.992403805,0.529686272,0.859594643,0.10571216,0.990938306,0.436701864,0.864122093,0.079564415,0.995112419,0.521646559,0.882195711,0.109052204,0.873815656,0.44354406,0.887605786,0.082643822,0.915204167,0.544731796,0.915960252,-0.010285546,0.984940827,0.416529238,0.914281368,-0.037828125,0.99169296
1,0.481351435,0.485301882,-0.383756578,0.999988079,0.484498441,0.470584095,-0.365203887,0.999949276,0.486807346,0.469630778,-0.365214825,0.999940813,0.48899284,0.468633682,-0.365344316,0.999936461,0.475304931,0.471191317,-0.369876683,0.999949872,0.471590042,0.470769256,-0.369969457,0.999961615,0.468111515,0.470293462,-0.369953096,0.999956489,0.491335928,0.469511062,-0.250621557,0.999953091,0.462768853,0.473546475,-0.271207839,0.999959171,0.485896587,0.498209208,-0.340775818,0.999968588,0.475515068,0.499189973,-0.346548021,0.999946594,0.512976587,0.517069519,-0.159706414,0.999927759,0.443978012,0.550562978,-0.197396308,0.998211086,0.568913043,0.517358541,-0.141126484,0.996281385,0.442178905,0.58243835,-0.23780556,0.887822509,0.598189771,0.583222449,-0.209121555,0.967990398,0.449225813,0.628815949,-0.361453831,0.775609612,0.605519652,0.603552461,-0.228462011,0.916287482,0.448885739,0.640024424,-0.390087068,0.732429802,0.603670478,0.608317614,-0.247788116,0.925532877,0.451692253,0.630146325,-0.403268248,0.719687402,0.599387765,0.60328114,-0.219005376,0.907243907,0.452940464,0.626619637,-0.369408339,0.639485121,0.506458163,0.682172716,-0.002578259,0.999674916,0.463290602,0.684185982,0.002501561,0.999602497,0.547321737,0.776742876,-0.24024649,0.991450787,0.418709755,0.767815888,-0.216762811,0.995846391,0.52558732,0.864121675,-0.006320664,0.979740918,0.437965333,0.869612098,0.008889869,0.994935513,0.517793775,0.875746131,0.01006675,0.905322969,0.44659996,0.884774506,0.026054149,0.971033156,0.545517087,0.91561991,-0.088994533,0.949821651,0.415499926,0.910526633,-0.063380823,0.986388683
0,0.486105442,0.22671093,-0.175844342,0.999978304,0.489833742,0.211633533,-0.157634318,0.999955595,0.492459863,0.2116763,-0.157640323,0.999954283,0.495282084,0.211683542,-0.157676309,0.999955595,0.480919212,0.211253315,-0.161224142,0.999934554,0.477671951,0.210910663,-0.161228389,0.99993515,0.474883735,0.210560307,-0.161162406,0.999926746,0.498015702,0.21748212,-0.045028653,0.999965966,0.468870968,0.217290983,-0.062399548,0.999887824,0.491261244,0.242267445,-0.134037018,0.999970317,0.47980386,0.24108544,-0.139233589,0.999893606,0.523605525,0.292718321,0.033020616,0.999940276,0.451570332,0.295584351,-0.024921525,0.997044623,0.572187722,0.315570265,0.105455995,0.993252695,0.45611468,0.306512207,-0.105256714,0.749219358,0.602038443,0.369474441,0.119938754,0.977657616,0.458946079,0.313221902,-0.229645014,0.683976591,0.610130966,0.389606774,0.121508777,0.918234348,0.458821595,0.326095343,-0.257032245,0.581731737,0.606467128,0.391401201,0.093045399,0.929371655,0.465500176,0.323218316,-0.262459517,0.58679378,0.601181448,0.385628641,0.109077096,0.921604812,0.468415976,0.320819438,-0.236126214,0.577994049,0.509971499,0.518769562,0.006379945,0.999602795,0.466932863,0.520228684,-0.006413809,0.999356627,0.520232916,0.698217213,-0.007056153,0.995252252,0.452300131,0.702575445,-0.030966038,0.99309206,0.528061509,0.857550502,0.09450198,0.994154394,0.437087238,0.86298126,0.068566397,0.996577144,0.520365119,0.882687151,0.096564427,0.914265275,0.443896711,0.887087405,0.070538014,0.934072852,0.544297874,0.909834027,-0.020348728,0.989182293,0.416321993,0.913995266,-0.045647077,0.993668377
1,0.488350004,0.467260092,-0.373956978,0.9999879,0.491165221,0.450714111,-0.351921022,0.999956846,0.493563741,0.449945778,-0.35192889,0.99995631,0.495851457,0.449288487,-0.352043152,0.999951959,0.482867181,0.452587456,-0.359177172,0.999947309,0.47881788,0.452952802,-0.359264314,0.999962151,0.475253284,0.453372627,-0.359246969,0.999953091,0.49774313,0.45295164,-0.230100825,0.99996525,0.468016952,0.45904994,-0.26324302,0.999950409,0.491849482,0.480842769,-0.329609752,0.99997592,0.482734382,0.48237291,-0.339153916,0.99994117,0.517906964,0.513716996,-0.144811034,0.999934614,0.447137535,0.541857302,-0.194539279,0.994632363,0.57094574,0.523391008,-0.121674813,0.99692291,0.445809186,0.564193666,-0.264841974,0.795256197,0.594189167,0.579472184,-0.185109586,0.975929856,0.447379977,0.591145873,-0.400770724,0.666673899,0.603892684,0.605652392,-0.200405985,0.920526505,0.449060738,0.60565418,-0.430833668,0.631592393,0.601688385,0.61072439,-0.221344158,0.929097116,0.451611847,0.599042773,-0.440010875,0.612094581,0.596593261,0.601136088,-0.195309773,0.908598483,0.453467548,0.597762525,-0.407570779,0.524712086,0.507456183,0.678576469,0.00256325,0.99966377,0.464065373,0.68045944,-0.002648103,0.999582171,0.545976758,0.776230633,-0.26181978,0.994038939,0.419992268,0.771974325,-0.241479367,0.99637109,0.525188625,0.867012858,-0.020171607,0.985133767,0.438056618,0.870605826,-0.011982268,0.995617509,0.516608179,0.880815566,-0.003762526,0.924910545,0.446655899,0.885973632,0.003285303,0.966938913,0.54748404,0.915811479,-0.11037375,0.962896168,0.414119393,0.911364317,-0.098547675,0.988313377
0,0.482612431,0.218540236,-0.199519202,0.999972343,0.487610191,0.20424746,-0.182912439,0.999943793,0.490644932,0.20403038,-0.182983428,0.999946892,0.493093729,0.204285607,-0.183086768,0.999954224,0.477542162,0.205491677,-0.185099408,0.999901474,0.474104315,0.206092268,-0.185072705,0.999891877,0.470766634,0.20691599,-0.184953734,0.999872684,0.496758699,0.211835995,-0.076759823,0.99995923,0.466353744,0.2144714,-0.086546026,0.999766707,0.489379227,0.234706014,-0.160186991,0.999961555,0.476617992,0.234906584,-0.162792996,0.999824762,0.523188889,0.293441951,0.000911336,0.999946058,0.449523449,0.301539004,-0.001683475,0.993089497,0.573430121,0.322479934,0.085956424,0.9944067,0.459395647,0.336939663,0.13540417,0.580017567,0.604581237,0.382260293,0.094819605,0.977030814,0.471472114,0.320270002,0.231241554,0.475313634,0.611710906,0.403741866,0.09386535,0.91652149,0.472189337,0.326202214,0.238223195,0.40452829,0.606626511,0.407358766,0.061041944,0.927852631,0.460507214,0.318718463,0.219849139,0.40881893,0.602099538,0.402458996,0.082122028,0.918426394,0.462966144,0.316348851,0.226068109,0.405338109,0.509002268,0.520541608,-0.001765543,0.999496937,0.46568346,0.521858156,0.001845459,0.999014258,0.519155324,0.700001717,-0.015597766,0.993326008,0.451581478,0.704165339,-0.022221282,0.991549075,0.527289093,0.859303534,0.097189821,0.992925763,0.437294424,0.863725901,0.086241275,0.995915532,0.519018054,0.883393288,0.10051284,0.901761353,0.444040924,0.88732326,0.088203631,0.922848225,0.544928908,0.912386656,-0.018467676,0.986796498,0.416549772,0.91396451,-0.02731869,0.992113709
1,0.485470772,0.483841747,-0.363554418,0.999984145,0.488583714,0.469064832,-0.342658877,0.999940813,0.490974337,0.468270838,-0.342683703,0.999934435,0.493176371,0.467601746,-0.342820704,0.999933004,0.479329348,0.47020191,-0.348951399,0.999937177,0.475800812,0.470369607,-0.349031925,0.999950349,0.472189993,0.470658958,-0.349017203,0.999940991,0.494958341,0.469744623,-0.226625487,0.999950528,0.466491878,0.475644886,-0.254244596,0.999936402,0.489611,0.497460544,-0.321051449,0.999966145,0.480008066,0.499690294,-0.329011858,0.999929905,0.514925957,0.522671282,-0.150405318,0.999904394,0.446729332,0.55412817,-0.193922997,0.996227026,0.568111956,0.528400183,-0.17128548,0.996053815,0.445843607,0.587609112,-0.281981766,0.832510352,0.597554564,0.590115786,-0.275594175,0.971945107,0.452234685,0.625493169,-0.44035691,0.728999317,0.605170727,0.611053884,-0.300907761,0.920833588,0.451244205,0.633219719,-0.47587958,0.688629687,0.601938725,0.615684748,-0.317321837,0.930162132,0.454065651,0.62664187,-0.484164238,0.674403429,0.597407579,0.609975159,-0.285224706,0.912120044,0.455505461,0.62352246,-0.447619736,0.582723618,0.505682349,0.689612269,0.002502749,0.999642074,0.462656349,0.692450702,-0.002557151,0.99957794,0.544409394,0.78019166,-0.266455144,0.991265595,0.420626074,0.776592255,-0.234019071,0.995748639,0.525226235,0.868834913,-0.017872086,0.977469146,0.438059807,0.871726751,0.000840812,0.994181991,0.515850604,0.88308692,0.00036774,0.912213981,0.446736515,0.88814652,0.017198218,0.963674366,0.547889769,0.915913463,-0.096736088,0.947279155,0.414103359,0.912112832,-0.072951719,0.984526217
0,0.487079322,0.219731122,-0.233964175,0.999988496,0.490942895,0.205470785,-0.216264084,0.999976099,0.49374038,0.205519944,-0.216302559,0.999973893,0.497013807,0.205717623,-0.216381386,0.999974489,0.481437862,0.205576554,-0.218771145,0.99996835,0.477847904,0.206145883,-0.218767017,0.999969184,0.474892676,0.206662238,-0.218664169,0.999962807,0.500215888,0.213063434,-0.104370929,0.999981999,0.468498081,0.214382932,-0.116127871,0.999934256,0.492402881,0.235565096,-0.192536533,0.99998045,0.480823219,0.234761655,-0.19589223,0.999922931,0.525363624,0.294370502,-0.017372055,0.999924302,0.452426493,0.299891502,-0.045175381,0.997411549,0.571985781,0.321264237,0.098792516,0.988969505,0.461151987,0.32637018,0.059306163,0.754230857,0.600238621,0.372351468,0.147340789,0.973813534,0.468328863,0.311863482,0.113426879,0.753068686,0.608595014,0.3936055,0.156108931,0.914245605,0.45989418,0.324518472,0.115254864,0.678159416,0.604541838,0.395567864,0.123822525,0.924398005,0.462906033,0.31913358,0.098660417,0.678799272,0.598632395,0.388111144,0.135950834,0.913025856,0.465791762,0.319154292,0.108057857,0.654028356,0.511514068,0.519396544,-0.002269504,0.99966377,0.466963917,0.520900071,0.002255142,0.999492645,0.523222446,0.703310251,-0.023033258,0.994096637,0.451249033,0.704578161,-0.019271391,0.993232369,0.52726233,0.860232532,0.093152568,0.9916991,0.4382568,0.863267183,0.089411288,0.996399224,0.518465996,0.884847105,0.096668854,0.900867641,0.445156813,0.888774693,0.091518812,0.93847692,0.546551168,0.91261214,-0.017729376,0.984311938,0.413974285,0.913318872,-0.022520389,0.992658734
0,0.464457095,0.168366164,-0.028536946,0.999797702,0.470816046,0.152409777,-0.043182939,0.999767601,0.473122269,0.151558295,-0.043243099,0.999806225,0.4756504,0.150780469,-0.043266155,0.999836326,0.46776548,0.15298672,-0.015322717,0.999539971,0.467903376,0.152557299,-0.015314874,0.999399185,0.468167841,0.152062804,-0.015308686,0.999358475,0.491058916,0.15808782,-0.065377802,0.999833345,0.480217636,0.158626333,0.062476687,0.999093413,0.471731126,0.18432115,-0.03388074,0.999796569,0.467864603,0.184313387,0.003326315,0.999267995,0.53142941,0.245414868,-0.129331857,0.999983907,0.465176105,0.250456512,0.156032726,0.999537587,0.546211362,0.284580231,-0.305195451,0.992641866,0.401955277,0.269796282,0.235171586,0.980183721,0.535336792,0.375325263,-0.49548468,0.990207791,0.333109051,0.259557694,0.208508521,0.991437912,0.532265246,0.404484779,-0.535716414,0.982973337,0.311685979,0.250967205,0.212205023,0.977084637,0.523418784,0.396692097,-0.543344736,0.983365595,0.311246842,0.246518373,0.184613004,0.980323136,0.522003233,0.389359623,-0.500968814,0.974140227,0.317519635,0.252191246,0.19295761,0.979413331,0.504881024,0.494179904,-0.094143085,0.999718964,0.471316487,0.489913732,0.094151035,0.999312341,0.511139512,0.678540707,-0.146544367,0.983568966,0.484078407,0.672908485,0.176697105,0.830037534,0.512949169,0.869953096,-0.171322301,0.989454627,0.484144539,0.827340007,0.268242836,0.893022597,0.52298969,0.905834794,-0.178380817,0.960779548,0.493790448,0.847146034,0.272801012,0.824941576,0.476210058,0.919493198,-0.286157727,0.99000144,0.444188833,0.864733219,0.220522612,0.953481436
1,0.394806951,0.424795628,-0.104129113,0.999944508,0.397348493,0.407121778,-0.115638576,0.999933243,0.399110258,0.405786335,-0.115644909,0.999936283,0.401117861,0.404161662,-0.115709469,0.999956727,0.395618945,0.407226264,-0.08741881,0.999845922,0.396004945,0.406174392,-0.087452792,0.999840498,0.396405607,0.404899776,-0.087423131,0.999850333,0.415842295,0.402473748,-0.140778974,0.999946296,0.408640862,0.402587295,-0.014704566,0.999823213,0.402166307,0.436363131,-0.114217117,0.999970257,0.40001756,0.436636239,-0.077456571,0.999835968,0.455680221,0.461234421,-0.203324944,0.999991417,0.411694527,0.484045863,0.061622858,0.999441087,0.507068038,0.488552511,-0.292359263,0.998286903,0.347924948,0.515657485,0.08223968,0.981109619,0.520362675,0.593760908,-0.363397419,0.994013429,0.277700871,0.525864601,0.03586553,0.965739608,0.529050708,0.622780085,-0.400718063,0.983204365,0.255079091,0.524223983,0.030415338,0.9157812,0.518239379,0.6243608,-0.404489458,0.983736038,0.254151553,0.520737052,0.008379797,0.92174685,0.514221251,0.615577221,-0.366695136,0.975524426,0.263530791,0.523344517,0.022054622,0.930310607,0.517386258,0.659299672,-0.09520904,0.999913454,0.48813048,0.640145957,0.095271073,0.999817908,0.435336262,0.748478115,-0.140770942,0.983708441,0.407206386,0.692341208,0.117339514,0.610009789,0.498996824,0.871521354,-0.061850239,0.97913605,0.461907387,0.793696165,0.213309571,0.562506258,0.518973708,0.889944613,-0.052312292,0.973321259,0.477580488,0.79933852,0.221723959,0.672196567,0.473634005,0.920945764,-0.064186707,0.966477752,0.446062177,0.855329633,0.224672243,0.65850085
0,0.432228714,0.160512432,-0.063625291,0.999878705,0.437961817,0.144572914,-0.076404594,0.999864876,0.440223068,0.144115224,-0.076454163,0.999881089,0.442640066,0.143485144,-0.076477781,0.999904513,0.435054928,0.14473106,-0.04773362,0.999752164,0.434993267,0.144523844,-0.047727633,0.999696612,0.434956938,0.144220188,-0.047697701,0.999682784,0.457640976,0.149859115,-0.090164483,0.999899268,0.446539164,0.152133152,0.038836677,0.999523342,0.439601362,0.178203538,-0.067094602,0.999912202,0.435017586,0.178395957,-0.029065784,0.999638557,0.497400522,0.226236209,-0.159413472,0.999985397,0.440241873,0.250142038,0.14108637,0.999390781,0.516918004,0.274056882,-0.339894414,0.995164275,0.378689229,0.272041082,0.224784493,0.968784511,0.506176829,0.361454338,-0.525674999,0.987731338,0.31047982,0.268100768,0.197951555,0.978869677,0.507888496,0.391181022,-0.570476234,0.978100896,0.287496746,0.269501358,0.199871287,0.950332999,0.49813661,0.386071086,-0.574848533,0.978166044,0.285867631,0.262900949,0.16875045,0.956367075,0.496058047,0.379566193,-0.529887795,0.965759456,0.292780548,0.264970303,0.180631652,0.957035363,0.496846378,0.491433829,-0.106153786,0.999909043,0.465032041,0.494867206,0.106091954,0.999584973,0.49324736,0.678259611,-0.140154883,0.982004583,0.465634018,0.67137444,0.191231906,0.699667931,0.508458257,0.864315629,-0.147546977,0.989586174,0.481779486,0.82600677,0.289372414,0.755198538,0.522640467,0.896205068,-0.15105924,0.961498797,0.490067005,0.84380275,0.294848382,0.741496503,0.474938065,0.922625899,-0.261277974,0.98782444,0.440365553,0.86360544,0.244590357,0.878693938
1,0.394592375,0.433435708,-0.135310918,0.999977052,0.397377312,0.416046172,-0.146986783,0.999973059,0.398836017,0.414927512,-0.146984011,0.999974489,0.400528818,0.413638592,-0.147056729,0.999982715,0.396363169,0.415449321,-0.119009458,0.999936759,0.397048324,0.414030701,-0.119049691,0.999934077,0.39774248,0.412405282,-0.119015589,0.999932408,0.415308625,0.412185699,-0.171189547,0.999980927,0.410088122,0.410053432,-0.045586746,0.999911427,0.401315302,0.444429994,-0.144978404,0.999988973,0.399699748,0.444169581,-0.108214892,0.999925852,0.458720267,0.469495386,-0.221756011,0.999995053,0.414759338,0.494654775,0.024851605,0.999403536,0.512876749,0.480922699,-0.305885017,0.99898392,0.349288166,0.535288095,0.042194519,0.98190099,0.524661064,0.589525282,-0.373750985,0.996091187,0.281673968,0.546882033,-0.007633098,0.95944643,0.534053206,0.618981302,-0.412773848,0.987796366,0.257001817,0.545822442,-0.016198536,0.904277861,0.522905827,0.622343898,-0.417454392,0.9880054,0.256296039,0.54159832,-0.041067366,0.911723495,0.518757224,0.61429894,-0.377567083,0.98157984,0.266998917,0.541921914,-0.022666166,0.921752632,0.520826697,0.657857955,-0.090810701,0.99995476,0.489284664,0.637053907,0.090907186,0.999863684,0.439033508,0.732039332,-0.174520791,0.990614831,0.413073063,0.700564802,0.113979124,0.682030022,0.497497231,0.871332049,-0.096664838,0.987045169,0.455488682,0.789727926,0.213340133,0.648395002,0.516894698,0.891982675,-0.087981381,0.978977442,0.47073096,0.797823191,0.221946791,0.720314324,0.475068241,0.918307304,-0.112069726,0.978272736,0.438765466,0.850282371,0.218483731,0.729865253
0,0.454462588,0.166917592,-0.037998762,0.999817491,0.460736364,0.151027456,-0.051622063,0.999828637,0.463113487,0.150353596,-0.051663019,0.999853313,0.465793312,0.149716303,-0.051672578,0.999879658,0.457442462,0.15151532,-0.022867352,0.99963671,0.457395405,0.151049659,-0.022837963,0.999522448,0.457491457,0.150494531,-0.022796024,0.999505222,0.481778145,0.156505749,-0.070381753,0.999889553,0.468696773,0.157096043,0.061195701,0.999284863,0.462046802,0.182264075,-0.042768326,0.999843597,0.457641065,0.182238683,-0.004490836,0.999400795,0.514341891,0.234294444,-0.143885761,0.999986053,0.45591718,0.248320639,0.160342813,0.999456346,0.536852658,0.270296127,-0.339172512,0.994280875,0.393323451,0.266800165,0.246183366,0.977972448,0.516808391,0.348420024,-0.530781031,0.992677331,0.326207042,0.267192662,0.220239967,0.991122603,0.515679121,0.38239941,-0.574305832,0.986828208,0.302415431,0.258683622,0.223320931,0.977609575,0.50560379,0.376234859,-0.577482879,0.98665756,0.30217576,0.253881991,0.194005579,0.980522811,0.503822625,0.368715614,-0.534745574,0.978450656,0.310131133,0.259920388,0.203934863,0.979757965,0.49529767,0.487299681,-0.104003921,0.999721944,0.465227365,0.488047659,0.103960291,0.999143243,0.499929577,0.672397733,-0.141568497,0.983383417,0.469107717,0.666868031,0.156768024,0.821689308,0.506400824,0.864637494,-0.156971365,0.989753962,0.485315889,0.825745583,0.205393642,0.877586126,0.51746732,0.901764274,-0.163181245,0.960944831,0.494692385,0.848532557,0.205506757,0.813513935,0.474099457,0.918319106,-0.268844843,0.989524841,0.443057686,0.860250175,0.151179433,0.945725739
1,0.403079689,0.410993785,-0.124688782,0.999970019,0.406086534,0.396756142,-0.135159954,0.999966264,0.407837301,0.396064371,-0.135154173,0.999969184,0.40977788,0.395287693,-0.135204867,0.999978542,0.404072195,0.397593856,-0.107794687,0.999911487,0.404473007,0.397524804,-0.107831776,0.999908805,0.404887736,0.396642387,-0.10778109,0.999911189,0.422307014,0.399686635,-0.157482445,0.999975502,0.415542901,0.399086088,-0.035018954,0.999890447,0.409839094,0.423904806,-0.134117737,0.999982536,0.407508284,0.42491582,-0.098286882,0.999892831,0.459746987,0.46376279,-0.216098696,0.999995053,0.41617021,0.483448803,0.039658479,0.999366283,0.51197046,0.493647546,-0.301201552,0.99868834,0.352773011,0.509625018,0.054903321,0.984322011,0.519788802,0.59947753,-0.372840345,0.996421695,0.282617599,0.511273265,0.00800295,0.975554109,0.527155042,0.632347763,-0.41161871,0.989344597,0.261587888,0.5048787,0.001830402,0.933663607,0.516839623,0.632969439,-0.414882004,0.989637256,0.26085332,0.501516461,-0.020708768,0.93842864,0.513040185,0.623659074,-0.376169771,0.983080566,0.268865287,0.505764663,-0.006174531,0.944325507,0.518965304,0.657379806,-0.096938752,0.999954104,0.489126503,0.637207329,0.097026944,0.999883056,0.437524378,0.73541081,-0.157670528,0.990330398,0.412510306,0.710126638,0.124340847,0.701359332,0.498617023,0.872920752,-0.08641915,0.98770076,0.458151639,0.788981974,0.21840775,0.660793483,0.516752183,0.890859842,-0.080107436,0.980465055,0.473714054,0.794397116,0.226207659,0.730954707,0.473356307,0.920631647,-0.11172916,0.980967224,0.443210542,0.848927498,0.222193033,0.745503962
0,0.441483498,0.155489653,-0.05293278,0.999818146,0.448311269,0.140506968,-0.060449738,0.999813318,0.450872123,0.140565962,-0.060502909,0.999843359,0.453663528,0.140679747,-0.06052053,0.99986738,0.44492811,0.140272334,-0.035115737,0.999613106,0.444890022,0.14004302,-0.035092793,0.999524653,0.444869846,0.139877036,-0.035058375,0.999491632,0.468068182,0.15009734,-0.062892251,0.999869823,0.456715018,0.147844106,0.052732103,0.999183357,0.447825968,0.173048854,-0.052929319,0.999836087,0.443383992,0.172791108,-0.019217368,0.999309242,0.49514237,0.222316682,-0.141794235,0.999980927,0.443154335,0.245584592,0.157111585,0.998745978,0.515931308,0.266778111,-0.322693884,0.994214475,0.380389631,0.261123985,0.233345956,0.966629624,0.49464044,0.345616996,-0.507096529,0.988724768,0.31464535,0.246859744,0.198310375,0.980401576,0.494045645,0.378589153,-0.549601972,0.980111599,0.291990221,0.242541224,0.199850038,0.954402626,0.484259993,0.373726785,-0.553892732,0.980053961,0.292545855,0.236045122,0.171416417,0.959558129,0.482687324,0.365279317,-0.511387467,0.967885256,0.299695313,0.239442721,0.182121009,0.95979774,0.495833963,0.485053629,-0.106211767,0.999846816,0.464024484,0.489708662,0.10610839,0.999428153,0.497092426,0.673668444,-0.147537678,0.98364979,0.469405174,0.66748327,0.142662078,0.766165972,0.506857812,0.866230071,-0.1623642,0.991031587,0.480569184,0.829344094,0.206601053,0.823015273,0.518476367,0.898513854,-0.169234902,0.963258803,0.48928386,0.849126756,0.207998008,0.784216464,0.473362833,0.918754339,-0.276205629,0.989633977,0.44025746,0.86480248,0.153342023,0.914441407
1,0.397641122,0.419031024,-0.126391962,0.999972522,0.400945187,0.402354002,-0.138002947,0.999969363,0.402714968,0.401400894,-0.138007417,0.999971747,0.404791832,0.400124818,-0.138073221,0.999980867,0.399228901,0.403175235,-0.109652147,0.999918878,0.39971593,0.403114349,-0.109688893,0.999914825,0.400280654,0.402710855,-0.10965953,0.999917448,0.418398052,0.402030051,-0.162167758,0.999978483,0.412502587,0.403678119,-0.035571791,0.999899924,0.404432714,0.432447553,-0.136204913,0.999987304,0.402809203,0.433292121,-0.099149898,0.999914587,0.45830822,0.467754155,-0.220707804,0.999994993,0.414530456,0.483840019,0.040678043,0.999480844,0.512801766,0.491568685,-0.30472067,0.998930454,0.354352981,0.518018961,0.063760772,0.983079553,0.522968709,0.598880708,-0.374031007,0.996637821,0.277848482,0.526632965,0.019012485,0.968868554,0.531039059,0.628136933,-0.412979513,0.98975569,0.254689336,0.524615049,0.013127767,0.926277995,0.520031512,0.630176961,-0.416963011,0.989849031,0.253128171,0.521468282,-0.011245423,0.93130976,0.516240954,0.622282982,-0.377366364,0.983661771,0.262763321,0.523067117,0.004422638,0.938206375,0.519667566,0.659513772,-0.093638703,0.99993211,0.490928799,0.637808204,0.093694463,0.999848127,0.435954094,0.737674534,-0.152038172,0.987505972,0.413246006,0.711652815,0.107759252,0.669014037,0.497736782,0.872220874,-0.064014241,0.986611366,0.460334718,0.804842651,0.207180783,0.635101199,0.51530683,0.89078182,-0.054160587,0.98005116,0.476623863,0.810920477,0.215627283,0.725996196,0.473734528,0.918758035,-0.074257843,0.977197528,0.441981614,0.857493997,0.213305205,0.715445161
0,0.436288208,0.155949652,-0.047974072,0.999838829,0.442513943,0.141859129,-0.058957539,0.999807477,0.444940507,0.141752154,-0.05899737,0.999835074,0.447580248,0.141630515,-0.059015431,0.999866903,0.439642012,0.141169012,-0.032097287,0.999649465,0.439824104,0.140748784,-0.032089591,0.999588847,0.440023422,0.14027077,-0.032070577,0.999576211,0.463464737,0.149783835,-0.074717596,0.999867022,0.453407139,0.14881441,0.046925224,0.999317408,0.443235338,0.174896538,-0.052707631,0.999878466,0.439038813,0.174238116,-0.017174251,0.999484658,0.499286979,0.227966815,-0.14431873,0.999979317,0.441195488,0.245529011,0.136000931,0.999006391,0.525647461,0.268030792,-0.310765743,0.996665776,0.37778157,0.256295621,0.202915624,0.979056001,0.511335492,0.354299575,-0.485426575,0.989249766,0.30972594,0.247716248,0.162528321,0.982186735,0.511784971,0.384517074,-0.526691854,0.978538454,0.28624779,0.239890456,0.15929918,0.954117417,0.501949549,0.37939164,-0.5320099,0.978257477,0.286121249,0.233262673,0.130936831,0.959100664,0.499975592,0.372371376,-0.489941359,0.966272354,0.294261754,0.237682536,0.145764783,0.960146308,0.497901052,0.491369635,-0.102635741,0.99989742,0.466290087,0.493102998,0.102549493,0.999588668,0.491625875,0.676333308,-0.149269402,0.982215643,0.464451313,0.671371579,0.155589208,0.69945991,0.505046666,0.865084827,-0.167357355,0.988595963,0.485252053,0.828132868,0.220944688,0.734191895,0.51872313,0.898696303,-0.173641473,0.963163018,0.49448362,0.849782705,0.223044872,0.724838436,0.472647488,0.919784486,-0.281108767,0.985853732,0.442115396,0.864285529,0.167262733,0.859025002
0,0.499710888,0.228149682,-0.1434488,0.999996066,0.504620969,0.214050248,-0.123160407,0.999995828,0.507437408,0.214298889,-0.123163544,0.99999404,0.509952188,0.214563176,-0.123181127,0.999994338,0.494947016,0.213762522,-0.127915829,0.999995351,0.491518259,0.213801548,-0.127918631,0.999994814,0.488246739,0.213757366,-0.127858579,0.999994099,0.513233662,0.221173346,-0.002671116,0.99999547,0.483376801,0.221035004,-0.024115171,0.999996841,0.505301356,0.244605914,-0.098410912,0.999993801,0.493963301,0.243749276,-0.10477481,0.999992549,0.536586523,0.30043906,0.051895447,0.999462366,0.464707851,0.303885877,-0.036914788,0.999626577,0.586455941,0.293949574,-0.146810099,0.956053317,0.468000084,0.323116809,-0.272718787,0.929663241,0.613550246,0.241671458,-0.371507883,0.90057385,0.466559738,0.317175001,-0.50927186,0.83719635,0.62237227,0.227908045,-0.412115097,0.827706218,0.467297703,0.312860459,-0.557004511,0.763790727,0.615730464,0.228820711,-0.410967648,0.832619905,0.472207546,0.308679432,-0.552449524,0.765493512,0.610724628,0.236254707,-0.379982114,0.814196408,0.473761171,0.312595993,-0.515189052,0.734517515,0.52614665,0.529430389,0.017958419,0.999862909,0.480396926,0.52599299,-0.017988827,0.999864936,0.532528698,0.707093239,0.015013009,0.991354108,0.46884799,0.707440913,-0.035101466,0.995577693,0.542580724,0.862543166,0.101556681,0.990529835,0.451446056,0.867175698,0.058180176,0.995872259,0.533681035,0.886091769,0.102331325,0.899027288,0.45682773,0.889829338,0.059682943,0.893451154,0.560668826,0.91413039,-0.014499204,0.983464777,0.432617962,0.915658116,-0.061934542,0.990473509
1,0.493191302,0.46372664,-0.338964134,0.999993742,0.499121845,0.448442787,-0.323802471,0.999990463,0.502372682,0.447588891,-0.323808759,0.999991,0.504800618,0.446785569,-0.323954523,0.999990463,0.489048958,0.448579073,-0.324297816,0.999982893,0.486121505,0.447895527,-0.324357986,0.999979317,0.483746469,0.447168887,-0.324334204,0.999972701,0.50830102,0.448961079,-0.230815336,0.999993742,0.48066473,0.449845135,-0.23083362,0.99998945,0.499357373,0.478349388,-0.302258283,0.999988437,0.487264872,0.476845503,-0.303822637,0.999976873,0.532201648,0.519384086,-0.158832818,0.999923527,0.462287605,0.523590446,-0.151173577,0.99870199,0.59803009,0.535361528,-0.230161786,0.998189151,0.456787527,0.578050017,-0.046964683,0.280851871,0.615704477,0.444909126,-0.331221312,0.988462508,0.453397989,0.573284507,0.020791538,0.132855371,0.615032971,0.421081841,-0.352103829,0.957573652,0.454245895,0.574440539,0.029002931,0.128301159,0.610967159,0.414660931,-0.353680104,0.955750883,0.461099088,0.559023261,0.017938493,0.118472449,0.610429883,0.423372597,-0.335063159,0.936750293,0.461903393,0.556058526,0.018291915,0.114526555,0.520433366,0.680735767,-0.004098095,0.999887526,0.475766271,0.679565012,0.004232272,0.999909997,0.561656237,0.76919353,-0.21672599,0.994948983,0.43663612,0.769849718,-0.21580258,0.997627139,0.542337418,0.868498743,0.006012166,0.98783499,0.4528431,0.875889003,0.005387301,0.996943235,0.532327235,0.883635223,0.023749072,0.958046317,0.461422592,0.893066585,0.021945016,0.978580892,0.563214958,0.916895449,-0.067773066,0.972910464,0.427589953,0.915395856,-0.064192548,0.989616692
0,0.500178277,0.225621715,-0.171459705,0.99999851,0.50631851,0.211116731,-0.150608063,0.999998271,0.509601235,0.211285248,-0.150646165,0.999997735,0.512615383,0.211524576,-0.150718614,0.999997914,0.496369034,0.210869804,-0.152798861,0.999997973,0.492987633,0.210710734,-0.152794957,0.999997377,0.48984924,0.210402951,-0.15274094,0.99999696,0.516947865,0.219016209,-0.030494947,0.999998391,0.485135645,0.217646256,-0.042005219,0.999997973,0.506194711,0.243077993,-0.127232194,0.999997258,0.493682563,0.241411075,-0.13091287,0.999996066,0.540218353,0.300182015,0.030833194,0.999909818,0.465996504,0.299032837,-0.016668139,0.99950105,0.597787261,0.300122261,-0.1081236,0.992135227,0.47273007,0.346594155,-0.149674237,0.638400376,0.620263338,0.218222201,-0.282396853,0.98041147,0.477089256,0.305150658,-0.307907492,0.493436396,0.621855676,0.192461818,-0.320013136,0.935255647,0.476266474,0.307272851,-0.343063533,0.407990694,0.613977969,0.184562683,-0.322381735,0.935223699,0.480493605,0.305628955,-0.343767047,0.406766087,0.612142444,0.192599893,-0.289966106,0.91640079,0.482415378,0.307293773,-0.313755602,0.396815479,0.530812383,0.523256361,0.006955639,0.999913812,0.48368302,0.522715211,-0.006730103,0.999913037,0.538661599,0.705561042,0.038195156,0.996788442,0.46833396,0.707136095,-0.020664718,0.997423589,0.543198884,0.862144828,0.149472028,0.995616257,0.453237474,0.867070854,0.079640791,0.99783814,0.534721255,0.884880304,0.153109297,0.945835233,0.459834188,0.89096725,0.080726542,0.943353593,0.561584473,0.91468668,0.029203927,0.992527723,0.430127621,0.915560126,-0.046172764,0.994536579
1,0.492742449,0.462080091,-0.307427526,0.999999464,0.498871863,0.447091281,-0.291221321,0.999999166,0.502100289,0.446388751,-0.291188031,0.999998927,0.504438221,0.445699275,-0.291287363,0.999998689,0.488856256,0.446890593,-0.292805225,0.999999046,0.485800505,0.446037978,-0.292861015,0.999998987,0.483596474,0.445103675,-0.292836487,0.999998629,0.507995665,0.448577493,-0.195061952,0.999999225,0.480306,0.448211879,-0.203529447,0.999999344,0.498761177,0.476579398,-0.27170369,0.999998808,0.486697286,0.47483772,-0.274257421,0.999998629,0.529425621,0.519314647,-0.129134953,0.999898076,0.460660368,0.524333894,-0.157580048,0.999749362,0.593826592,0.535459518,-0.211586639,0.997930467,0.458117425,0.565843225,-0.265254349,0.740500093,0.608912587,0.446854949,-0.316572368,0.990281045,0.457181603,0.585456014,-0.430581957,0.566097021,0.610085249,0.422049403,-0.340090215,0.964565456,0.456235737,0.588538647,-0.460858434,0.506723583,0.605968297,0.414769322,-0.336596698,0.962656438,0.459893763,0.581194639,-0.461677372,0.473295242,0.604958236,0.424805522,-0.318936825,0.947390795,0.461250603,0.579496205,-0.435641587,0.416802853,0.521709859,0.676926315,0.003143985,0.99988395,0.47549051,0.678756654,-0.003230173,0.99994725,0.562079072,0.771766245,-0.218691856,0.994549096,0.432880461,0.76873523,-0.216445759,0.997449219,0.541690707,0.867702842,-0.005568029,0.983323812,0.452405453,0.875334263,-0.006793134,0.997143924,0.530749142,0.885524333,0.010298974,0.947137117,0.461673737,0.893797219,0.008461243,0.97770077,0.563639998,0.916415095,-0.07424733,0.964657724,0.426700592,0.915386438,-0.073850259,0.991016746
0,0.498179048,0.220881045,-0.153829247,0.999995887,0.503872693,0.207817793,-0.131165847,0.999995172,0.50726229,0.208420515,-0.131192192,0.999993324,0.510219455,0.209114477,-0.13125293,0.99999404,0.493696213,0.20701997,-0.134948641,0.999995112,0.490347147,0.20726572,-0.134945095,0.999994397,0.487019002,0.207560942,-0.134916827,0.999993503,0.514615417,0.217258438,-0.008261178,0.999994934,0.482275784,0.214536205,-0.027688783,0.999994636,0.50464648,0.238970354,-0.108783051,0.999991536,0.491300732,0.237413496,-0.114655688,0.999988079,0.536585689,0.296283126,0.05782472,0.999607146,0.465286404,0.299082905,-0.024039816,0.999004364,0.595357001,0.288115233,-0.031821914,0.985375226,0.473798603,0.332777083,-0.231608599,0.777635455,0.614052057,0.204839215,-0.131223604,0.968200088,0.469809949,0.293916672,-0.46441412,0.690741062,0.612934232,0.17980881,-0.15185155,0.905802965,0.471281826,0.287677318,-0.510515094,0.594315171,0.60647285,0.174012825,-0.154931664,0.90525198,0.473610073,0.284991294,-0.507926226,0.590925694,0.605990291,0.184327185,-0.136507288,0.885138988,0.47565642,0.289151818,-0.471503347,0.563481927,0.528835654,0.527028739,0.015412314,0.999885857,0.481756449,0.525491893,-0.015385079,0.999890208,0.536925793,0.707995772,0.018309567,0.994938016,0.46660623,0.708842039,-0.03394793,0.996090651,0.542322993,0.863114953,0.118281864,0.993403733,0.453136444,0.866890371,0.074270949,0.997252166,0.533864975,0.884963989,0.120100893,0.932561934,0.45985955,0.889898419,0.0766339,0.933303356,0.560594201,0.916736782,0.002650547,0.988766909,0.430345535,0.916010022,-0.044445485,0.993090451
1,0.497309864,0.470732003,-0.298486531,0.999999523,0.503433108,0.456544906,-0.284079105,0.999999046,0.50668335,0.455888569,-0.284025937,0.999999046,0.509289622,0.455144912,-0.284116805,0.999998748,0.492659897,0.456703693,-0.284146339,0.999998927,0.489441633,0.456130773,-0.284190416,0.999998808,0.487198025,0.455593526,-0.284174085,0.99999845,0.513090014,0.457151413,-0.193580046,0.999999344,0.484273106,0.45860821,-0.195337519,0.999999344,0.503816426,0.485339612,-0.264756739,0.999999225,0.491005659,0.483926803,-0.265231669,0.999998927,0.533638239,0.525647044,-0.126656994,0.999951541,0.464564145,0.530532122,-0.153865278,0.99984026,0.5992769,0.559859872,-0.200282261,0.998877585,0.460248172,0.571482658,-0.261641294,0.874117553,0.619369388,0.47416085,-0.302619904,0.995597005,0.458290756,0.595876336,-0.432751805,0.825081289,0.619770467,0.447760999,-0.325975835,0.98188746,0.457938135,0.601500154,-0.463979095,0.767058611,0.615556598,0.438449979,-0.324987352,0.981057763,0.461874634,0.595482469,-0.465590239,0.747342587,0.613504887,0.446976334,-0.305778235,0.973370314,0.46335569,0.593335271,-0.438247293,0.689936101,0.521835208,0.685821474,0.002599172,0.999911964,0.475464195,0.684498489,-0.002682301,0.999950767,0.563471258,0.778251827,-0.222621992,0.996957421,0.432086557,0.778598547,-0.216018274,0.998534858,0.54198879,0.868541896,-0.000754612,0.989654183,0.452608675,0.872328162,0.00642097,0.997190535,0.532289386,0.883875728,0.016574344,0.958217919,0.461449146,0.889387071,0.02389051,0.975540698,0.562545121,0.917658687,-0.064411372,0.976261139,0.428769052,0.916024089,-0.048950307,0.991161704
0,0.496498108,0.22574991,-0.133661479,0.999998629,0.502244294,0.211307839,-0.113452241,0.999998093,0.505508542,0.211349949,-0.113457046,0.999997377,0.508436263,0.211369753,-0.113509521,0.999997616,0.49266848,0.210609972,-0.115345061,0.999997973,0.48938188,0.210020632,-0.115347624,0.999997497,0.486311108,0.209374994,-0.115321077,0.99999702,0.512399554,0.217833683,0.005536044,0.999998152,0.4826141,0.21575442,-0.005959847,0.999997616,0.502188385,0.242919117,-0.089088395,0.99999702,0.490803331,0.241215616,-0.093015239,0.99999553,0.536058247,0.301769763,0.079199776,0.999890268,0.464851618,0.295653462,-0.007763845,0.999681413,0.592553496,0.305647284,-0.026723528,0.994113922,0.466220528,0.310725629,-0.217698857,0.882131934,0.613946974,0.218728676,-0.162992254,0.994026721,0.463182151,0.29255873,-0.469340175,0.90281707,0.615087867,0.191468,-0.187899619,0.977633893,0.459964275,0.293752313,-0.51751554,0.845929861,0.608760357,0.183911636,-0.189806327,0.977469265,0.46579951,0.291829318,-0.512551188,0.843153,0.606580377,0.193041593,-0.168471456,0.969174206,0.468092114,0.294177294,-0.475366503,0.819961011,0.526661813,0.522843301,0.017269593,0.999896705,0.479990721,0.522652924,-0.017268719,0.999909461,0.537731588,0.707172155,0.004158915,0.99629885,0.464993417,0.70779413,-0.044433467,0.9968099,0.543073118,0.862974107,0.10610427,0.993776143,0.45196113,0.867779553,0.057935428,0.997619271,0.53506285,0.88554281,0.108112015,0.932739556,0.458991826,0.890912116,0.059885614,0.941460729,0.562214136,0.918454587,-0.005566993,0.989528358,0.431074768,0.916490018,-0.060948856,0.994098306
1,0.494836718,0.472369939,-0.282270879,0.999999523,0.501008153,0.458812803,-0.266724765,0.999998987,0.504159808,0.458482951,-0.266700566,0.999998808,0.506673574,0.458321124,-0.266807824,0.999998629,0.49068746,0.458952963,-0.267103434,0.999998569,0.487448126,0.458565831,-0.267139554,0.999998629,0.485081017,0.458194435,-0.267118871,0.999997914,0.510225773,0.460642397,-0.172820136,0.999999166,0.482148886,0.461399615,-0.175307766,0.999999046,0.501376271,0.487099886,-0.247191578,0.999998748,0.489033133,0.485524744,-0.2479918,0.999998391,0.531351209,0.525756896,-0.112387083,0.999958217,0.462180525,0.531179845,-0.133588642,0.999748349,0.59496963,0.556029975,-0.201449513,0.998383701,0.46166414,0.579512119,-0.254044831,0.63071233,0.613865137,0.47063598,-0.317577362,0.992629588,0.45914039,0.589297652,-0.434987366,0.465702832,0.614801288,0.443564862,-0.342975855,0.972923338,0.456677914,0.590483069,-0.46708703,0.43356663,0.610369325,0.435395479,-0.339904666,0.971613228,0.460625798,0.584922433,-0.4663589,0.412104756,0.60813725,0.444725215,-0.320233107,0.957057953,0.462578386,0.583899915,-0.439883649,0.370094448,0.525590181,0.685134828,0.002190208,0.999926448,0.478815258,0.687063873,-0.002267552,0.999957085,0.56674087,0.778018534,-0.235534579,0.994995117,0.432786793,0.777406394,-0.212613389,0.997975409,0.541442156,0.870527148,-0.012998559,0.984949708,0.453060776,0.876040816,0.001355809,0.997377455,0.531429708,0.886635065,0.004553196,0.94889462,0.462344229,0.89270407,0.01776671,0.978266537,0.564795077,0.917789996,-0.076186635,0.96874553,0.427774519,0.917351365,-0.058371715,0.991961837
0,0.499265671,0.222890094,-0.1436418,0.999996483,0.504237294,0.209595263,-0.121376112,0.999995112,0.507196069,0.209876448,-0.121405259,0.999993265,0.510044992,0.210185513,-0.121474348,0.999994099,0.494624764,0.209170386,-0.125279948,0.999994874,0.491312504,0.209139362,-0.12528488,0.999993861,0.48811537,0.209020853,-0.125262648,0.999992847,0.513717651,0.217325509,0.000320334,0.999994814,0.482700497,0.21594429,-0.019543923,0.99999398,0.504968584,0.240702629,-0.098830484,0.999991059,0.492962658,0.239564449,-0.104770496,0.999986231,0.536997676,0.29666087,0.068079285,0.999779224,0.464632839,0.298218042,-0.012590995,0.99915415,0.596522033,0.304336578,-0.027743185,0.991322756,0.471530348,0.350156933,-0.207257435,0.77997005,0.616292834,0.216725349,-0.155736655,0.988775373,0.466371834,0.302762061,-0.439071506,0.825959444,0.616583765,0.18862924,-0.180859312,0.958730459,0.463940948,0.290602237,-0.484443903,0.757637322,0.610161066,0.180739447,-0.181248143,0.958870113,0.465582281,0.287245721,-0.481450409,0.753888786,0.608706832,0.189665154,-0.160873249,0.946398735,0.467205107,0.29135552,-0.445688903,0.722660661,0.529312015,0.523727357,0.014094518,0.999854028,0.482324779,0.523208559,-0.014044044,0.999871194,0.538433611,0.706800818,0.007469179,0.993878245,0.46640867,0.706037879,-0.043292098,0.99520582,0.5416466,0.862465739,0.110688344,0.991476953,0.452741563,0.867555261,0.073142819,0.996711493,0.531999469,0.886838555,0.113599695,0.932629704,0.459771693,0.892085373,0.076713882,0.935141683,0.562043428,0.915513754,0.001540506,0.98587352,0.429868609,0.916076601,-0.040390171,0.991915464
0,0.466490597,0.206527114,-0.093708865,0.999752402,0.468220711,0.188073963,-0.102385536,0.999643981,0.469748676,0.186299771,-0.102402583,0.999729037,0.471680582,0.183981851,-0.102393828,0.999680579,0.465625674,0.190651581,-0.079248525,0.99943769,0.465157181,0.191391379,-0.079248369,0.999222279,0.464873374,0.1920854,-0.079276219,0.999034703,0.480910063,0.185462698,-0.099353805,0.999697387,0.469540775,0.192471743,0.008991098,0.999400795,0.47318992,0.216821805,-0.089513436,0.999460399,0.469729751,0.219815493,-0.058060132,0.998974442,0.521279216,0.257431924,-0.150460109,0.999919713,0.465990722,0.274003655,0.089455798,0.998903334,0.532876909,0.204908609,-0.386014044,0.986566126,0.40204525,0.280240834,0.158328041,0.939105332,0.540788412,0.115309089,-0.609114349,0.978456557,0.329394132,0.266685516,0.123054191,0.961268127,0.543578744,0.092671573,-0.65589267,0.970955908,0.30890733,0.260037392,0.123062707,0.914607823,0.540670276,0.091764271,-0.661475301,0.97117424,0.309112221,0.25513345,0.090615034,0.926915467,0.539816856,0.099982984,-0.619315624,0.963772535,0.316296965,0.259054303,0.104531385,0.932787478,0.512730718,0.514152884,-0.087167323,0.99996531,0.48444882,0.517444313,0.08718355,0.999738991,0.522882104,0.704643846,-0.141805917,0.993000388,0.489797115,0.69662559,0.216190606,0.812005162,0.52344501,0.90039885,-0.169572115,0.99685955,0.500074983,0.852676928,0.351079226,0.909183145,0.533777177,0.937116385,-0.178108409,0.979853392,0.508250356,0.877454519,0.359166086,0.858630955,0.488595188,0.954022646,-0.309929311,0.996466577,0.454836696,0.889053404,0.296086401,0.96294564
1,0.472164154,0.374909848,-0.154711977,0.999958992,0.482165754,0.373996019,-0.159953758,0.999971092,0.483327061,0.377706707,-0.159944341,0.999978364,0.484636456,0.380178928,-0.159980923,0.999970496,0.482562542,0.369305283,-0.140796155,0.999937057,0.483938932,0.369789541,-0.140831158,0.999942183,0.484843314,0.370320141,-0.140816748,0.999933243,0.492126644,0.406603545,-0.15637362,0.999962211,0.490209877,0.39106974,-0.06983085,0.999964356,0.472897232,0.396959037,-0.153510123,0.999937057,0.471894115,0.394464076,-0.128371358,0.99988389,0.494784176,0.489744157,-0.21209152,0.99971658,0.448547661,0.483386695,-0.014188511,0.999029815,0.492860496,0.478678823,-0.39931348,0.87364769,0.385266244,0.494065642,-0.012222596,0.952838659,0.481232405,0.383918285,-0.61330694,0.945184052,0.311566412,0.494129062,-0.056894667,0.957530081,0.482374907,0.357620537,-0.671465099,0.953137219,0.28818959,0.488438368,-0.065315306,0.929458022,0.48343429,0.352294713,-0.678141713,0.953745425,0.286942363,0.482080877,-0.089546964,0.939918458,0.482821167,0.361019939,-0.625360191,0.936922789,0.296174049,0.485988319,-0.071985342,0.943676174,0.549200952,0.704153001,-0.088365391,0.99997437,0.519335151,0.682657719,0.088452592,0.999883115,0.461978823,0.756329536,-0.288235664,0.993663788,0.427776486,0.73578465,0.174937591,0.697211623,0.514756918,0.900917232,-0.182436034,0.982464075,0.485898674,0.840303659,0.304939568,0.687355757,0.533721805,0.92639184,-0.168444097,0.970864654,0.499186456,0.857760608,0.317812294,0.677465498,0.491062164,0.951791883,-0.208347246,0.980885267,0.460963488,0.890572667,0.301435769,0.756691813
0,0.492609739,0.151890889,-0.110255659,0.999904931,0.504510343,0.145042643,-0.111247264,0.99989289,0.506420135,0.146310598,-0.111254729,0.999915361,0.506496429,0.146024287,-0.111227885,0.999882996,0.499949455,0.144548357,-0.089132741,0.999847293,0.498782098,0.1452768,-0.089142561,0.999831319,0.4981668,0.145661056,-0.089130618,0.999805152,0.515027583,0.166257024,-0.100511149,0.999858081,0.501662552,0.163648844,0.009149008,0.999876022,0.497306734,0.170154333,-0.103827477,0.999667525,0.495146126,0.173006415,-0.073643617,0.999658883,0.518199384,0.255733401,-0.168129548,0.999776125,0.474586576,0.264331847,0.09669555,0.998271167,0.508288503,0.216728076,-0.392053694,0.981207371,0.405866206,0.270444155,0.161188111,0.877546489,0.513970912,0.117183052,-0.619726658,0.968296349,0.332287073,0.26484251,0.116526149,0.927398801,0.515566707,0.092833266,-0.673955441,0.959024668,0.311205178,0.259962201,0.11630144,0.856794119,0.517411351,0.090735406,-0.674689174,0.958517969,0.310760438,0.253044784,0.081495106,0.876760721,0.516494274,0.098246053,-0.628496528,0.944880009,0.317446202,0.257888675,0.097124629,0.885373712,0.512897372,0.510766327,-0.095889427,0.999931097,0.487938076,0.514750361,0.095861904,0.999658048,0.521966934,0.700575531,-0.112984061,0.993080199,0.497598469,0.693822086,0.232269213,0.680321753,0.524491191,0.89939177,-0.112947263,0.99641788,0.495466173,0.857913613,0.391651064,0.866211176,0.53586489,0.933451951,-0.117846981,0.976719379,0.502879262,0.877558589,0.402494818,0.820275724,0.487080157,0.953340828,-0.242714375,0.995614588,0.452587366,0.891942501,0.33856529,0.944242001
1,0.456426442,0.367757618,-0.170385733,0.999967992,0.467363268,0.363230765,-0.178622335,0.999973059,0.469019085,0.366224706,-0.178618446,0.999981821,0.471669674,0.369834065,-0.178678542,0.999972582,0.466725677,0.361050785,-0.15216133,0.99994266,0.467418492,0.36206463,-0.152185574,0.999952137,0.467889786,0.363201112,-0.152163148,0.999941409,0.482322037,0.396625131,-0.170581907,0.999966979,0.475464195,0.380781382,-0.070010439,0.999974132,0.461271763,0.391688377,-0.170926273,0.999940634,0.457010657,0.391356438,-0.137570858,0.999891341,0.482470691,0.488184512,-0.218206331,0.99974829,0.444589227,0.48449105,-0.007633454,0.999156177,0.477854818,0.487865835,-0.386401474,0.897350967,0.37721616,0.509175718,0.006815926,0.939660013,0.473411381,0.387630135,-0.576387703,0.939942241,0.299444318,0.520152807,-0.03343549,0.943087339,0.475151449,0.361716896,-0.630131543,0.947369695,0.278165638,0.51771462,-0.038119592,0.911037683,0.476191372,0.355391502,-0.63367933,0.947221756,0.277820051,0.511876523,-0.062090587,0.925020039,0.474472225,0.36348933,-0.586378455,0.930969417,0.286292732,0.515482426,-0.047848321,0.932847798,0.543380678,0.696419537,-0.088291064,0.999958932,0.517726719,0.673170745,0.088361941,0.999857843,0.456232399,0.759989142,-0.263762295,0.993973315,0.428986967,0.735848427,0.177253917,0.697901368,0.514253378,0.899358511,-0.192849904,0.985209286,0.48869282,0.843398511,0.312426031,0.716860235,0.535238683,0.92808938,-0.183144793,0.977353513,0.503066301,0.865298569,0.325509101,0.734869301,0.490537465,0.959590316,-0.227746055,0.985437095,0.460149765,0.889299095,0.312972516,0.785856485
0,0.475603819,0.15649727,-0.122735046,0.999862731,0.481399238,0.143219933,-0.127304941,0.999832869,0.4844926,0.144568563,-0.127310723,0.999870062,0.488092363,0.144370824,-0.12728259,0.999836266,0.479152441,0.143364474,-0.102438249,0.999754488,0.479332834,0.144480392,-0.102445923,0.999709725,0.479820788,0.146245793,-0.102472447,0.999649465,0.501327336,0.162454486,-0.12127389,0.999799669,0.48704806,0.164262921,-0.007785919,0.999752343,0.481836498,0.17662172,-0.119894467,0.999587238,0.478467762,0.178282753,-0.086851247,0.999447823,0.514371276,0.248295695,-0.179186165,0.999730766,0.467831761,0.262495458,0.076253667,0.996933401,0.507355332,0.209065586,-0.389057577,0.983002007,0.403563261,0.266861498,0.14401868,0.87795049,0.518242478,0.104106531,-0.59442848,0.969845116,0.328940272,0.24915424,0.101923786,0.920983851,0.521237731,0.080711111,-0.646522582,0.959149361,0.305291593,0.243473515,0.100772642,0.847837389,0.523575008,0.079416431,-0.650417447,0.959477901,0.304637313,0.23377043,0.068990499,0.866991162,0.522381663,0.086851403,-0.604200542,0.95035857,0.313717663,0.239670768,0.083774865,0.87710768,0.512250245,0.51002115,-0.092011437,0.999934018,0.482995182,0.513378263,0.091935262,0.999645412,0.511863708,0.702971816,-0.090017907,0.992289126,0.486261278,0.694162726,0.203489304,0.775643289,0.520765185,0.897282839,-0.073959164,0.996241152,0.494180262,0.860209346,0.340604365,0.894010186,0.533778429,0.93072772,-0.077907443,0.975587726,0.503040671,0.882033467,0.34828642,0.849123895,0.485569328,0.952774465,-0.205037862,0.995173693,0.453768402,0.895260274,0.279216677,0.947611511
1,0.453461558,0.415223598,-0.236787722,0.999939799,0.46118775,0.396273136,-0.24504438,0.999957144,0.463942528,0.399517775,-0.245009065,0.999966025,0.466156781,0.401931643,-0.245064884,0.999957085,0.457287401,0.392159909,-0.224029571,0.999904811,0.456938922,0.39222756,-0.224085897,0.999909997,0.456807196,0.392203301,-0.224112839,0.999904692,0.476306289,0.417519897,-0.237188101,0.999932826,0.462080181,0.40445134,-0.143125117,0.999947667,0.45942235,0.428213149,-0.231493637,0.999915123,0.453864098,0.427360058,-0.204149038,0.999843299,0.498232931,0.493120909,-0.269665778,0.999641061,0.436985552,0.475953788,-0.070412211,0.999477684,0.482297182,0.522264898,-0.456531525,0.891224742,0.377819151,0.502683342,-0.07958933,0.96366781,0.475175083,0.41352421,-0.652704895,0.95264709,0.298088819,0.514846146,-0.145254061,0.965487957,0.473185003,0.382659882,-0.711281419,0.956815243,0.276164055,0.511387944,-0.156994998,0.9409554,0.474653304,0.376860768,-0.712846398,0.956583738,0.274534255,0.507552326,-0.182886124,0.949600995,0.474770606,0.385696948,-0.661809623,0.941164076,0.283072293,0.510586739,-0.161120161,0.955797672,0.541868091,0.692697287,-0.085797086,0.999949157,0.505892217,0.678223014,0.085821822,0.999846339,0.459447622,0.762247384,-0.269435614,0.992875636,0.423151165,0.737659097,0.158697307,0.708259225,0.515035152,0.900126457,-0.17897068,0.985477388,0.483355194,0.842592895,0.3147901,0.716577768,0.531606793,0.923469126,-0.168573529,0.978342831,0.498120874,0.8594836,0.330258965,0.73086369,0.49201411,0.952457964,-0.221335694,0.983550727,0.478108227,0.904208481,0.314277947,0.764923394
0,0.483629316,0.136272013,-0.114038035,0.99989593,0.492300421,0.127821133,-0.119499825,0.999891162,0.494205803,0.130206868,-0.119516015,0.999911487,0.496038526,0.132486612,-0.119481787,0.999884129,0.491076142,0.126269519,-0.093875155,0.999844015,0.491837025,0.127683431,-0.093881503,0.999823332,0.492815018,0.129062161,-0.093898788,0.999805331,0.502967775,0.149880707,-0.116707481,0.99983716,0.498429358,0.143101782,-0.000649182,0.99987191,0.487433344,0.157199115,-0.112629391,0.999637246,0.485448778,0.157540575,-0.078738496,0.99960506,0.510469198,0.249164999,-0.183948755,0.999720573,0.467887968,0.254438043,0.090440586,0.997514486,0.489614576,0.212117389,-0.374568641,0.984766126,0.402279079,0.260664314,0.167785853,0.864236772,0.490758032,0.116203003,-0.550670385,0.980279088,0.328068435,0.247162163,0.13351205,0.9282462,0.49422875,0.089623757,-0.597012579,0.972451746,0.305265754,0.243754178,0.135001808,0.868589878,0.496966302,0.086472996,-0.596768439,0.971955955,0.303705156,0.23223038,0.100525901,0.885297298,0.496387541,0.095319472,-0.556974709,0.960933745,0.311916798,0.237382099,0.114798471,0.891168952,0.507958651,0.509937227,-0.096132495,0.999893725,0.481277406,0.514480054,0.096036702,0.999528885,0.513409734,0.704676628,-0.081047684,0.993331969,0.485958874,0.696234226,0.214955285,0.760487854,0.521419168,0.896977067,-0.059121132,0.996516585,0.493842125,0.859816849,0.352386177,0.884371579,0.533990502,0.929855108,-0.062304884,0.981662154,0.502706647,0.881735682,0.359726697,0.853987873,0.486383289,0.956448257,-0.184898004,0.995397925,0.453063726,0.897447526,0.288924396,0.944911242
1,0.44929409,0.386610836,-0.201465607,0.999953568,0.460000843,0.379462779,-0.20632498,0.999966085,0.462283701,0.382239491,-0.206300616,0.999974072,0.465687215,0.384286404,-0.206349373,0.999965966,0.455247104,0.376839608,-0.185806975,0.999925554,0.454893887,0.377753913,-0.185871348,0.999931633,0.454520851,0.378614545,-0.18590121,0.999924719,0.47510767,0.408750027,-0.196458489,0.99995327,0.461861759,0.396359712,-0.104682602,0.999961793,0.454959333,0.408826321,-0.19778648,0.999923408,0.448856264,0.409371823,-0.171173185,0.999866366,0.496517718,0.489108443,-0.239805624,0.999749422,0.432358682,0.477005035,-0.03647976,0.99948746,0.500785112,0.50853622,-0.440892369,0.907053649,0.369804412,0.502643645,-0.02391376,0.95868367,0.475470603,0.406315356,-0.656419933,0.952398777,0.295419425,0.512201011,-0.067972817,0.964200377,0.474000752,0.379098594,-0.714630187,0.955718875,0.274495661,0.50996083,-0.076017708,0.935081244,0.474835962,0.37046361,-0.714864373,0.956896901,0.272772998,0.503498435,-0.101230897,0.944353282,0.475347906,0.379457563,-0.665308237,0.940572321,0.281400859,0.505761564,-0.083094992,0.948572457,0.541286588,0.703666925,-0.088486843,0.999972522,0.510146976,0.679566741,0.088545404,0.999890685,0.456777185,0.770058215,-0.23723647,0.993821681,0.424320996,0.739584506,0.20415251,0.724684417,0.514527977,0.897523165,-0.129511386,0.98737514,0.48958835,0.838121951,0.361164361,0.7443735,0.534318388,0.926381707,-0.115906395,0.979759336,0.506884754,0.852941632,0.377321422,0.737279415,0.491960377,0.95466131,-0.157151312,0.985140443,0.462371886,0.887062669,0.36751312,0.806194782
0,0.485886395,0.124368258,-0.134768263,0.999895096,0.494837195,0.117563896,-0.141048104,0.999904335,0.496659517,0.119943067,-0.141067237,0.999917448,0.498485029,0.122509137,-0.141040772,0.999896228,0.493663251,0.116458111,-0.11369817,0.999861121,0.494240105,0.118016616,-0.113694943,0.999843538,0.495115995,0.119560361,-0.113699421,0.999838829,0.506044865,0.146274,-0.13938947,0.999840558,0.501400232,0.14011012,-0.01502361,0.999882102,0.488555521,0.147264346,-0.133525699,0.999687195,0.486584097,0.146736339,-0.097206995,0.99968195,0.508144796,0.245517537,-0.203622892,0.999710917,0.472041517,0.256531864,0.085043415,0.996979654,0.485920757,0.209371403,-0.402881384,0.98235929,0.401677787,0.259820819,0.163967192,0.764612615,0.49445191,0.108998299,-0.595447838,0.970358133,0.332186311,0.227842689,0.127891198,0.866764843,0.498239577,0.084922865,-0.651358545,0.961148083,0.314365387,0.219393283,0.129333407,0.796327531,0.50083369,0.081844881,-0.648690403,0.96029985,0.308350861,0.2115044,0.09368144,0.818955362,0.500154257,0.090744749,-0.602090955,0.943998337,0.316139728,0.217033193,0.108838476,0.829045415,0.511030853,0.509288669,-0.102948107,0.999915302,0.488268048,0.51364553,0.102877662,0.999571085,0.51799345,0.705369711,-0.070779219,0.993103564,0.496625513,0.696649611,0.257362396,0.695173979,0.520208776,0.898302019,-0.043798905,0.996343732,0.496846735,0.858651876,0.425171614,0.869294286,0.533160031,0.933376372,-0.046194915,0.981371999,0.505119443,0.87820822,0.437261492,0.838950157,0.484879553,0.957413971,-0.16905351,0.995026171,0.453825861,0.892478704,0.374040902,0.940267801
0,0.492549807,0.350756824,-0.196576148,0.999839067,0.496566296,0.337137192,-0.178302079,0.999788463,0.499387562,0.337016106,-0.178294465,0.999692142,0.50186193,0.337106526,-0.178329617,0.999738276,0.48818931,0.338224173,-0.1796415,0.9997558,0.485113919,0.338476151,-0.179660141,0.999636412,0.482594192,0.338658035,-0.179658353,0.999688745,0.504956722,0.344666183,-0.089448139,0.999523759,0.478997946,0.344937861,-0.094638959,0.999587953,0.497981697,0.365537852,-0.163872331,0.999400437,0.487724125,0.364997357,-0.165541291,0.999340892,0.522443354,0.402706832,-0.072533801,0.996865809,0.466028214,0.406884611,-0.088647477,0.997170925,0.526956499,0.30694592,-0.147086173,0.979015589,0.460092783,0.305816442,-0.162553027,0.987215281,0.529438436,0.208343863,-0.217128396,0.952421844,0.459410042,0.20939289,-0.199116915,0.96887815,0.530953288,0.180849642,-0.250126034,0.887332439,0.457992733,0.183930591,-0.230889231,0.91661036,0.528771043,0.178453207,-0.251911432,0.883136451,0.462636799,0.182946011,-0.227844685,0.909294307,0.525871277,0.187580019,-0.223904639,0.883875787,0.465525806,0.191240713,-0.203037187,0.910950661,0.510424078,0.611418903,0.001591065,0.999540389,0.468484104,0.6115852,-0.001634459,0.999617219,0.52320385,0.771560431,0.030976539,0.987229705,0.452829272,0.771713614,0.019204777,0.994299591,0.537254095,0.90790236,0.149578959,0.988872707,0.431944609,0.910320103,0.14226304,0.994854093,0.532861352,0.926028132,0.15526557,0.916049898,0.434129059,0.931634545,0.147695139,0.922892809,0.552357197,0.955464065,0.051163863,0.974963784,0.419975191,0.955966592,0.04199858,0.983315945
1,0.488690555,0.583536744,-0.203955203,0.999974489,0.493103445,0.569136322,-0.187832355,0.999967694,0.495398045,0.568807364,-0.187782571,0.999949038,0.49778223,0.568558335,-0.187848449,0.999959826,0.484869719,0.56903398,-0.186110079,0.999963939,0.48204416,0.568609118,-0.186184317,0.999943435,0.479198933,0.568257272,-0.186174765,0.999955893,0.500900149,0.571189761,-0.11324282,0.999936461,0.474620491,0.570320785,-0.104178801,0.99994421,0.492879927,0.595444441,-0.177358344,0.999873638,0.48292321,0.594866455,-0.17488645,0.999890149,0.515217304,0.617420137,-0.103962794,0.997788846,0.459542811,0.619374394,-0.095269039,0.998674631,0.536444485,0.549748003,-0.188953623,0.996144414,0.443910301,0.552241325,-0.1877767,0.99620986,0.524778366,0.461584091,-0.238225892,0.988961875,0.454131782,0.467029274,-0.241978124,0.990266085,0.526094496,0.430897683,-0.26198712,0.962702334,0.453390211,0.439675599,-0.268541127,0.962015748,0.52218467,0.431530595,-0.252477586,0.957626879,0.458925813,0.445258617,-0.249982864,0.954829156,0.519759297,0.444178045,-0.23833549,0.953171611,0.461557716,0.455844164,-0.239651889,0.95116806,0.506783426,0.77519834,-6.81E-05,0.99966836,0.466207832,0.771383822,1.37E-05,0.99982065,0.548494458,0.830640554,-0.252655655,0.993974626,0.424765676,0.823671877,-0.229843542,0.997981429,0.532280385,0.907465518,-0.048826866,0.978480756,0.433728039,0.914096177,-0.057746183,0.995965719,0.523601294,0.921496391,-0.030050486,0.934696496,0.441271484,0.930649996,-0.043476205,0.964978397,0.553104699,0.955561757,-0.091091394,0.951396286,0.41567716,0.957932174,-0.11017821,0.984242201
0,0.493699133,0.346013606,-0.17765902,0.99987638,0.497468293,0.332762748,-0.157710612,0.999841452,0.499790043,0.333018661,-0.157705992,0.999751747,0.501951456,0.333468765,-0.157742113,0.999808848,0.488967419,0.333305687,-0.159993827,0.999835014,0.485467434,0.333738804,-0.160012245,0.999744356,0.482350051,0.334075004,-0.160008892,0.999799967,0.505451024,0.342073888,-0.065431148,0.999670744,0.478414625,0.341026694,-0.074420176,0.999756873,0.498213589,0.361623883,-0.144374922,0.999533474,0.487802416,0.360667884,-0.147171512,0.999541223,0.521835625,0.401725173,-0.048674054,0.997278571,0.464103401,0.40394631,-0.071101353,0.997558475,0.533797145,0.311578423,-0.126651153,0.988509059,0.453900993,0.307117552,-0.153823853,0.991883814,0.529646516,0.210188523,-0.200435162,0.976392686,0.459308296,0.208751827,-0.192728072,0.979465187,0.531211615,0.181205854,-0.232340902,0.929255664,0.459182203,0.185310572,-0.22445567,0.932867348,0.529158711,0.178644419,-0.233383462,0.925295949,0.462687403,0.184695795,-0.219595313,0.925352871,0.526744664,0.18770726,-0.206768304,0.922622681,0.464414597,0.191550508,-0.195913658,0.924273133,0.510626733,0.606053054,0.004594227,0.999512374,0.466548026,0.605918884,-0.004592753,0.999683321,0.528311133,0.766204655,0.016752027,0.987773895,0.448729664,0.763159513,-0.011575906,0.996202707,0.535825789,0.908131659,0.123786189,0.987598002,0.43281278,0.911194444,0.10394416,0.995805919,0.529760063,0.9270401,0.127864331,0.919244468,0.437725157,0.933146656,0.108254589,0.936992466,0.552891314,0.957478583,0.019820387,0.970854104,0.420669228,0.957400322,-0.00098836,0.98488915
1,0.486457407,0.579274893,-0.213867068,0.999930739,0.491289943,0.564736366,-0.196975946,0.999901831,0.493893713,0.564240038,-0.196937412,0.999848843,0.496157706,0.563954115,-0.197013468,0.999878883,0.4829247,0.564484954,-0.19594422,0.999891281,0.480018914,0.563756526,-0.196015239,0.999837697,0.477270037,0.563206851,-0.196015477,0.999867737,0.499360979,0.566164851,-0.120337382,0.999809802,0.473806441,0.564221859,-0.114233397,0.999838173,0.491133928,0.591183901,-0.186494499,0.999660075,0.481130213,0.59168154,-0.184856698,0.999697208,0.513261437,0.608512342,-0.108642839,0.996369064,0.459616572,0.612835884,-0.11017891,0.997954726,0.529867172,0.532005548,-0.175091088,0.992452919,0.448399633,0.541714787,-0.198345989,0.993489563,0.524429142,0.447629809,-0.209326118,0.977758884,0.45607847,0.459765971,-0.245267823,0.985251486,0.52660799,0.419679016,-0.231832504,0.936918974,0.455081165,0.434071302,-0.271651059,0.951198757,0.523115754,0.420510262,-0.226082802,0.930059552,0.459801048,0.437623978,-0.256513476,0.942957461,0.520626545,0.43199259,-0.211119339,0.92588973,0.462303102,0.447145879,-0.24432978,0.938563108,0.50674808,0.76647985,0.00259657,0.999670029,0.465583742,0.764328361,-0.002687251,0.999819934,0.553284228,0.82417661,-0.243102834,0.993291557,0.426798195,0.823796749,-0.242563054,0.997685254,0.532838702,0.907824516,-0.032477498,0.976938963,0.433794796,0.914309621,-0.051902719,0.99523598,0.523395836,0.921527684,-0.014027675,0.921510816,0.441706568,0.929925621,-0.036779299,0.955509245,0.554250956,0.956314325,-0.081684008,0.942785323,0.41608724,0.960032046,-0.109453782,0.981467247
0,0.491217434,0.345244139,-0.230650023,0.999787152,0.495269716,0.332215488,-0.213381201,0.999727488,0.497635216,0.332375973,-0.213351175,0.999587715,0.499838203,0.332624376,-0.213377431,0.999671876,0.486700445,0.332752645,-0.214305356,0.999704003,0.483181477,0.33300367,-0.214334399,0.999541938,0.479951054,0.333047748,-0.214340046,0.999629498,0.503691137,0.341606289,-0.126177058,0.999372423,0.476427317,0.340662986,-0.129982978,0.999462485,0.496153355,0.360443592,-0.198460713,0.99921304,0.48560518,0.359675735,-0.199741751,0.999180913,0.521038413,0.39896372,-0.106608689,0.996648073,0.463594437,0.403966993,-0.123009637,0.99690491,0.528185666,0.298065454,-0.172067314,0.989587069,0.457382262,0.301995099,-0.198647708,0.98958689,0.526671052,0.195244133,-0.223918036,0.97813803,0.459085703,0.203866392,-0.227857471,0.974666655,0.528023124,0.169748351,-0.25377816,0.933452308,0.459308535,0.177543297,-0.257796228,0.921305478,0.52585578,0.166659087,-0.255333096,0.929789722,0.463268995,0.176281244,-0.252790034,0.9125036,0.523217499,0.175083086,-0.229931861,0.930269063,0.465006977,0.184430465,-0.23064816,0.914169133,0.509919524,0.607186735,0.004207958,0.999419808,0.465943962,0.607148767,-0.004269037,0.999574184,0.523215473,0.76650995,0.035177212,0.984756947,0.452280849,0.766283989,0.015232047,0.994360507,0.534245908,0.906046271,0.152088553,0.985798836,0.433692157,0.91233623,0.135205954,0.994352758,0.530724645,0.925362587,0.157733038,0.912911832,0.437000751,0.931280494,0.140455261,0.923237383,0.551736891,0.953010023,0.056331277,0.969360292,0.418895185,0.959012032,0.035224356,0.981923699
1,0.488081604,0.585496247,-0.255052805,0.999949813,0.4929654,0.570258439,-0.239150241,0.999934673,0.495657623,0.569738209,-0.239099592,0.999900758,0.497939348,0.569502831,-0.23917754,0.999920547,0.484368712,0.570170462,-0.23660472,0.999926627,0.481431544,0.569442928,-0.236684963,0.999888778,0.478643745,0.568831503,-0.236673832,0.999906778,0.50142467,0.571690261,-0.162469655,0.999885619,0.47545594,0.569533229,-0.149436459,0.999892175,0.492799342,0.597147644,-0.227677748,0.999771535,0.482495308,0.59729135,-0.224005312,0.999775529,0.51603514,0.614660621,-0.149302885,0.99642545,0.461444676,0.618704259,-0.139576703,0.998364449,0.534202754,0.540160477,-0.246445775,0.994440675,0.447654098,0.548643231,-0.245574877,0.994773388,0.525596559,0.457698137,-0.303197086,0.980674922,0.455409676,0.462269127,-0.315871447,0.987945318,0.526823044,0.430207074,-0.329539984,0.942017555,0.45425874,0.43458122,-0.345123589,0.959529221,0.523183763,0.431363851,-0.320087701,0.935194671,0.459084362,0.437853962,-0.328561962,0.952517986,0.520746589,0.443020046,-0.30378449,0.930100381,0.461924493,0.448814303,-0.31481576,0.948236108,0.507702708,0.771710515,0.002403773,0.9996503,0.466719002,0.768625498,-0.002501073,0.999825776,0.554769456,0.82621628,-0.261680633,0.992649496,0.425268829,0.823336542,-0.24166207,0.997551262,0.5326491,0.910550952,-0.044323254,0.97527194,0.433975548,0.917722166,-0.057515126,0.99528569,0.523386776,0.924952269,-0.02568021,0.929502606,0.442147255,0.933779418,-0.043166194,0.959102988,0.554326236,0.956366479,-0.094223686,0.940257192,0.414653867,0.960171282,-0.11911352,0.98040688
0,0.492034763,0.34502399,-0.181262821,0.999814093,0.495615155,0.331420332,-0.161724836,0.999755323,0.498095274,0.331501007,-0.161704153,0.999611616,0.500205755,0.331733823,-0.161723092,0.9996925,0.48740381,0.332375705,-0.164749682,0.999746919,0.48388043,0.33280167,-0.164764658,0.999610126,0.480839908,0.333024681,-0.164771661,0.999695837,0.502959609,0.339484811,-0.068472147,0.999405205,0.476700127,0.339776456,-0.082566679,0.999595225,0.496888459,0.359600753,-0.147327289,0.999277234,0.486382246,0.358918726,-0.151566193,0.999314249,0.519960523,0.396951348,-0.040386897,0.997297764,0.463391304,0.401263356,-0.084911831,0.99750638,0.531822145,0.304273874,-0.093393937,0.989163458,0.452167928,0.305532813,-0.168630764,0.992091477,0.527530015,0.202263042,-0.140159473,0.981122673,0.457537234,0.210891187,-0.201613471,0.978434682,0.528575659,0.172997475,-0.167239487,0.941335082,0.456145197,0.186032042,-0.233581305,0.930000901,0.525460601,0.171673939,-0.16991438,0.937849224,0.460896432,0.184129924,-0.225891501,0.921888292,0.522840261,0.181229487,-0.146379009,0.936423242,0.463514894,0.19171299,-0.203671247,0.921606123,0.510543644,0.610677421,0.011619524,0.999449551,0.467127621,0.61105901,-0.011651277,0.999600649,0.523204505,0.768500745,0.050112974,0.986865461,0.452213764,0.768251657,0.005337758,0.99494952,0.53330034,0.906952918,0.168841019,0.986738026,0.433699548,0.913141131,0.126586005,0.995007217,0.529380381,0.926392853,0.174937636,0.92984581,0.435765833,0.932115912,0.132477179,0.933080256,0.550916433,0.952984214,0.077078387,0.971925795,0.417693675,0.960412025,0.025882354,0.983620942
1,0.491154194,0.578868866,-0.236955956,0.999965668,0.495559305,0.564762354,-0.220472261,0.999950647,0.497863054,0.564362645,-0.220418006,0.999923348,0.500211954,0.564059258,-0.220482141,0.999938667,0.487015575,0.564969361,-0.218796581,0.999947608,0.483846009,0.56467253,-0.218871668,0.999922276,0.480696499,0.564381301,-0.218851209,0.999935567,0.503264666,0.567311943,-0.142129749,0.999902606,0.476384223,0.566975474,-0.133505598,0.999921441,0.495342582,0.591701567,-0.209064007,0.999828935,0.485329777,0.592712224,-0.206667259,0.999846756,0.518073916,0.614218712,-0.128694326,0.997549295,0.462511152,0.617832184,-0.123443209,0.998787224,0.53866452,0.546018302,-0.222795457,0.995879769,0.444685847,0.549328506,-0.236880064,0.996820629,0.52629602,0.460503697,-0.28421551,0.988010705,0.454161108,0.464477628,-0.315080822,0.991692126,0.527940392,0.429572165,-0.31068483,0.960181355,0.452839285,0.437273204,-0.344836384,0.96700424,0.523999572,0.430633575,-0.301606178,0.955172658,0.457995653,0.441637665,-0.326344997,0.960690022,0.521649957,0.443155289,-0.285025656,0.949422598,0.460567236,0.453091502,-0.31317091,0.956080377,0.509356141,0.768593431,0.002394907,0.999731362,0.46913594,0.76536727,-0.002495665,0.999862671,0.553009391,0.824360311,-0.256076485,0.993616998,0.429889977,0.820544362,-0.24445343,0.997893274,0.532316804,0.910370469,-0.053132482,0.978473067,0.434363306,0.915867031,-0.070443809,0.996085227,0.523031592,0.924192727,-0.035686847,0.934512198,0.441750824,0.932595134,-0.056947418,0.964336097,0.553596497,0.95595026,-0.105570018,0.950099766,0.415181875,0.959831476,-0.134277552,0.984960318
0,0.492249489,0.344324768,-0.17397429,0.999885917,0.49603796,0.330996811,-0.153440863,0.999850988,0.498406559,0.331064492,-0.153411403,0.999758422,0.500449777,0.331285536,-0.153433546,0.999813199,0.487976134,0.331742465,-0.157139271,0.999850571,0.484592527,0.332016349,-0.157150611,0.999764979,0.481508166,0.332134515,-0.157153174,0.999819934,0.503126681,0.339441776,-0.0592959,0.999647021,0.477484941,0.338802725,-0.075406455,0.999767482,0.497045815,0.358417034,-0.140170395,0.999546766,0.486736685,0.357653499,-0.145142674,0.999577761,0.520548224,0.397613019,-0.033439118,0.997793257,0.463839769,0.400289237,-0.082087666,0.998005033,0.532955408,0.307114244,-0.088130556,0.991205692,0.451065719,0.30639255,-0.16648832,0.992653131,0.528175235,0.203776747,-0.138761923,0.983744323,0.457017243,0.211120307,-0.19778879,0.979849994,0.529494286,0.172680244,-0.166581184,0.948625863,0.455545425,0.186747804,-0.23067984,0.932701766,0.526925921,0.17111513,-0.169552729,0.94545567,0.459978878,0.185226753,-0.222249031,0.925235689,0.524336934,0.180601925,-0.14504154,0.942225277,0.462353408,0.192736864,-0.199893489,0.924743176,0.512640774,0.60618943,0.011053806,0.999528706,0.469538987,0.606850266,-0.011083396,0.9996773,0.524392188,0.765877366,0.046943106,0.988059282,0.453220755,0.767643929,0.003792602,0.995399833,0.534241557,0.906373918,0.165347219,0.986953259,0.433728784,0.913622618,0.124812819,0.995454252,0.530139446,0.925579309,0.171058178,0.926024437,0.436261714,0.934137464,0.130241439,0.93274492,0.549987733,0.953186095,0.071555451,0.971927345,0.41644603,0.959476411,0.022310624,0.984702408
0,0.409888983,0.298718333,-0.098127365,0.998242259,0.417694151,0.280006647,-0.11549218,0.998874962,0.419993222,0.279509127,-0.115558065,0.999031186,0.422261059,0.279073298,-0.115595318,0.998953402,0.415688515,0.279404163,-0.082959741,0.997985542,0.416384995,0.278392702,-0.082998626,0.99756521,0.417038053,0.27730754,-0.083068162,0.997312009,0.435317665,0.287736475,-0.161552683,0.99807632,0.428384244,0.285980403,-0.013638253,0.99618423,0.416879475,0.315820217,-0.111734435,0.996340215,0.413802773,0.314296007,-0.069063149,0.99440974,0.455500305,0.35738945,-0.238511726,0.998037517,0.434911489,0.353314608,0.070727795,0.986272693,0.41970858,0.248008072,-0.373521477,0.994291544,0.407930046,0.253714681,0.161563128,0.299270332,0.398105592,0.121689126,-0.417442948,0.979134619,0.388733387,0.133710057,0.107060611,0.612032175,0.395875096,0.089355573,-0.456086457,0.967918873,0.385713547,0.105786867,0.101786375,0.647473335,0.400104374,0.085761473,-0.44183749,0.965041578,0.388174564,0.101371974,0.075827457,0.646776736,0.400559902,0.096242152,-0.413266033,0.949030459,0.388914376,0.111346193,0.091580808,0.651874781,0.442472309,0.615183294,-0.104938641,0.999161124,0.429237276,0.601035476,0.104766466,0.996700406,0.457105726,0.779791355,-0.05184827,0.975913525,0.440466076,0.753623724,0.202910066,0.691921055,0.461086094,0.950022221,0.003070183,0.987937927,0.445258856,0.882098615,0.334987879,0.757372558,0.468973875,0.973835588,0.003576323,0.981460214,0.456005633,0.905600667,0.34479475,0.776239932,0.419003159,1.007638693,-0.09525688,0.986005902,0.406504244,0.920217574,0.29966855,0.862758636
1,0.388162255,0.545487821,-0.058666658,0.991835535,0.39215979,0.52643472,-0.072784021,0.993874073,0.393707812,0.525690615,-0.072779946,0.994593501,0.395294607,0.525303721,-0.072856829,0.995542645,0.391477406,0.52595675,-0.048745271,0.990589619,0.39243874,0.524435878,-0.048782811,0.989458084,0.393332779,0.523209333,-0.048801228,0.991656601,0.409108251,0.533515632,-0.113797687,0.987546086,0.404708624,0.530754209,-0.00375781,0.9919765,0.396513671,0.558299422,-0.07321927,0.97811377,0.395062745,0.556507349,-0.041348465,0.972460806,0.429868311,0.586689174,-0.161583915,0.993810356,0.422227442,0.568868339,0.056536276,0.974906862,0.382126361,0.515314937,-0.225647375,0.98851794,0.379712611,0.504402399,0.106452741,0.246685416,0.352688015,0.415042907,-0.194301575,0.968233705,0.352998525,0.415378034,0.057094477,0.505517125,0.347714096,0.385564119,-0.222022176,0.9529652,0.347529262,0.383178115,0.04839858,0.575906813,0.353992403,0.38127628,-0.212156385,0.946787894,0.354047745,0.381181121,0.035716183,0.591138422,0.357031852,0.393329203,-0.191349596,0.925450265,0.357454449,0.393100739,0.046297926,0.609974623,0.481254488,0.804538071,-0.082579769,0.996967077,0.466326952,0.771628797,0.082655877,0.994179964,0.390759736,0.808233202,-0.121129319,0.978262722,0.38491255,0.781175673,0.16817686,0.465177357,0.448583901,0.93240422,-0.012180732,0.930291176,0.431823492,0.862721264,0.235265061,0.385406792,0.466457516,0.953884482,0.000109756,0.911035717,0.454987377,0.883698881,0.241166636,0.387969762,0.433593452,0.981461942,0.035266638,0.895269632,0.414844036,0.919062614,0.276864171,0.422157526
0,0.410364568,0.303248614,-0.091190644,0.996894896,0.418848604,0.284638375,-0.104949474,0.997800529,0.421225488,0.284164965,-0.105011664,0.99820739,0.423528761,0.283856273,-0.105051398,0.998018324,0.416782528,0.283563882,-0.074150659,0.996305287,0.417680651,0.282310933,-0.074179254,0.995842814,0.418621838,0.281170875,-0.074249968,0.995175123,0.43623215,0.290254414,-0.143526703,0.996655107,0.429825634,0.289082021,-0.00316662,0.992515564,0.417205393,0.318711221,-0.102793455,0.992365181,0.414079905,0.316885769,-0.061987005,0.988741398,0.456530482,0.356958717,-0.222751707,0.997530401,0.433462471,0.352388114,0.077385232,0.979956925,0.42270875,0.248989657,-0.341585249,0.994957805,0.407604218,0.251868606,0.138042688,0.299945861,0.397275001,0.123650745,-0.375475973,0.980397046,0.385653794,0.13440153,0.039624143,0.623622298,0.395250469,0.087097079,-0.412015766,0.967955112,0.38279587,0.105217189,0.029115763,0.674823761,0.398863614,0.082461841,-0.397767186,0.963569164,0.385510564,0.099704109,0.002971598,0.674181581,0.399313569,0.093074754,-0.371388018,0.947871208,0.386537522,0.109324172,0.022739958,0.683232069,0.446726084,0.616698563,-0.104511023,0.998537779,0.429096311,0.606100678,0.104290985,0.99547559,0.460703701,0.777072728,-0.059730299,0.98636663,0.444644123,0.759617865,0.167641029,0.702375531,0.461034864,0.94437927,-0.00313548,0.985953152,0.447249502,0.89869976,0.266958654,0.725479484,0.467690706,0.973269403,-0.002925881,0.978901267,0.454450369,0.927098989,0.272184134,0.764745772,0.425010026,0.978901863,-0.103577815,0.983223796,0.408439875,0.930720091,0.214536905,0.836616039
1,0.382561952,0.538440645,-0.081636667,0.99222374,0.385560513,0.519333601,-0.096393339,0.993847609,0.386975199,0.518431008,-0.096379146,0.994514287,0.388451517,0.517906785,-0.096440621,0.995475411,0.385139316,0.5182724,-0.071295641,0.990505993,0.386100411,0.516216218,-0.071332678,0.989327073,0.38704592,0.514563084,-0.071349576,0.991598427,0.401520073,0.520318151,-0.139032498,0.986642063,0.397647858,0.517155766,-0.02440086,0.991249382,0.390956819,0.547768414,-0.096261762,0.976492763,0.389952868,0.546136916,-0.063096575,0.968541861,0.426626116,0.571107984,-0.192068994,0.991520047,0.412985891,0.553203881,0.040029407,0.971863985,0.377679944,0.498280197,-0.267705858,0.988902509,0.368569314,0.488175035,0.088792749,0.301720381,0.344053268,0.398355395,-0.237011939,0.968058228,0.339254051,0.39627707,0.027782474,0.557013512,0.336124748,0.372766018,-0.265324712,0.95206815,0.330846131,0.365130275,0.019505795,0.618098736,0.342099518,0.365509957,-0.252717823,0.945950866,0.339541048,0.362447768,0.005706464,0.632732153,0.345556557,0.375103712,-0.232779235,0.925057054,0.342254698,0.371122271,0.016875308,0.650288939,0.481314719,0.794381738,-0.088627003,0.99541533,0.463808864,0.763956368,0.088726446,0.991868973,0.38992843,0.811788023,-0.131073147,0.976078749,0.379871309,0.788043797,0.159660488,0.477018654,0.449796528,0.940157175,-0.011329689,0.92777741,0.4302302,0.875247002,0.232151315,0.389912397,0.466574997,0.958628654,0.002329319,0.909076869,0.443248451,0.889164209,0.23906295,0.39646557,0.436473429,0.996902883,0.039500631,0.895164251,0.413226604,0.927731395,0.274536312,0.424123913
0,0.395219058,0.300519317,-0.106543899,0.997136056,0.401175022,0.280276984,-0.123277649,0.99791491,0.403190136,0.279600769,-0.123335861,0.998312771,0.405452162,0.278978318,-0.123391226,0.998201966,0.399592876,0.279224932,-0.090258956,0.996513247,0.400386512,0.277915657,-0.090268351,0.99595058,0.401413143,0.276593536,-0.090337738,0.995218098,0.420620739,0.284485132,-0.169421583,0.997149467,0.415343583,0.283117622,-0.019109618,0.993175805,0.402583122,0.315404832,-0.120180272,0.993435025,0.399986088,0.314840883,-0.076800883,0.989880145,0.443103641,0.350659788,-0.246832803,0.998331726,0.422037035,0.34883678,0.066076986,0.984966695,0.413352877,0.234212622,-0.382687092,0.99571538,0.401603937,0.241827071,0.143798739,0.310389876,0.397171676,0.103903159,-0.441691548,0.984584987,0.388454497,0.121038839,0.059901107,0.649302661,0.392572969,0.073813356,-0.483061939,0.974308014,0.38417536,0.091992326,0.053296238,0.699431419,0.397218823,0.070023008,-0.467006117,0.970506728,0.387396395,0.088549137,0.026992053,0.697232902,0.399272025,0.079157427,-0.437648296,0.957764208,0.389372766,0.098319411,0.043479703,0.705812871,0.446800619,0.621208549,-0.105989076,0.999104559,0.430921406,0.613146722,0.105816141,0.996920645,0.459670782,0.787461996,-0.015146941,0.986037552,0.446757406,0.768710494,0.20414038,0.671059966,0.460731924,0.949849129,0.076789454,0.979632258,0.446962297,0.895608664,0.332882077,0.647871792,0.468663603,0.976432562,0.080981933,0.973627687,0.454677999,0.917483628,0.342065364,0.709737778,0.429355562,1.004898667,-0.002791374,0.975718141,0.405666918,0.926913857,0.296095788,0.774911344
1,0.380193442,0.553939283,-0.071230821,0.994536161,0.383933336,0.534588754,-0.084582463,0.996127069,0.385564625,0.533490241,-0.084569618,0.996405482,0.387361497,0.532638848,-0.084642835,0.99710834,0.382966012,0.53391552,-0.060649268,0.99416697,0.383730769,0.532187879,-0.06067092,0.993161678,0.38457936,0.530728221,-0.060668927,0.994465649,0.402276993,0.53322947,-0.124245308,0.991983652,0.396112144,0.533767521,-0.014506349,0.994095147,0.388723642,0.564580798,-0.085261576,0.985026598,0.386689246,0.563417494,-0.053511269,0.979638994,0.427940518,0.582871854,-0.170794323,0.993835568,0.414938986,0.567751408,0.045124374,0.975097299,0.381427258,0.507207215,-0.243965223,0.989715815,0.375240713,0.493883044,0.093391582,0.271841764,0.349836767,0.403557718,-0.215957969,0.969115138,0.34868899,0.401732415,0.032024592,0.521745682,0.344074428,0.376299381,-0.243758276,0.952882826,0.341990799,0.37006548,0.022565361,0.595426977,0.351561874,0.371178478,-0.232048124,0.946619809,0.349603355,0.367273211,0.010804487,0.610214889,0.353912413,0.381917566,-0.212219551,0.927290142,0.352919608,0.378550351,0.02183193,0.626477599,0.480480582,0.800672174,-0.083104596,0.996727884,0.464255005,0.769598246,0.083191507,0.993175805,0.389525115,0.809520721,-0.136283353,0.975708425,0.379504502,0.781998277,0.163795799,0.462979048,0.448097795,0.935932577,-0.039558388,0.914802134,0.429855645,0.868485272,0.218968481,0.35866341,0.465241253,0.958918333,-0.028368404,0.902484953,0.451573193,0.894928575,0.223436743,0.375506461,0.436161131,0.987434745,0.002848482,0.883348763,0.40905872,0.926072598,0.25727725,0.399930298
0,0.392577976,0.305527359,-0.112260595,0.996951222,0.398333609,0.284205467,-0.128695786,0.99792701,0.400702178,0.282922149,-0.128795236,0.998306513,0.403126299,0.281793267,-0.128887966,0.998236597,0.395914257,0.283560514,-0.095126301,0.996536076,0.396427214,0.281905681,-0.095135324,0.99589783,0.397117436,0.28034851,-0.095207319,0.995252967,0.41713652,0.284717441,-0.171936765,0.997037828,0.409749359,0.284813374,-0.018544558,0.9928298,0.400723219,0.318726212,-0.124373779,0.992963791,0.397228301,0.318250388,-0.080273196,0.988728821,0.442852885,0.351548016,-0.241780117,0.997968256,0.416837543,0.351160377,0.064664625,0.980253637,0.403125226,0.245608822,-0.36088717,0.995366096,0.390241861,0.250205159,0.143734485,0.266161025,0.380802333,0.115999907,-0.39092961,0.982148051,0.370838255,0.128815487,0.051338814,0.569277406,0.377917767,0.082133539,-0.428499401,0.970502138,0.36775738,0.100238569,0.043789882,0.638647377,0.38147068,0.078001797,-0.41457963,0.966027141,0.370644301,0.095896691,0.017104883,0.638262272,0.382581562,0.087163612,-0.386365205,0.950449586,0.37209025,0.106380545,0.034776703,0.649585724,0.444732577,0.619163811,-0.101550356,0.998839021,0.42521897,0.61267221,0.101395108,0.99595809,0.454293102,0.783770978,-0.035693362,0.98399508,0.438682318,0.767934561,0.203577518,0.670138538,0.4587439,0.951087713,0.023188489,0.978212357,0.445149958,0.903806627,0.344926298,0.623473525,0.467161179,0.978667438,0.024107046,0.971125543,0.454171747,0.928065598,0.355163276,0.683781266,0.427946508,1.008420706,-0.078506924,0.972503424,0.405592442,0.93369329,0.302301228,0.732908785
1,0.384975731,0.534583926,-0.041780569,0.991621852,0.388534904,0.515752912,-0.056251191,0.993328929,0.389819682,0.514548838,-0.056243528,0.99420315,0.391124666,0.513642788,-0.056305211,0.995218098,0.388375044,0.515456617,-0.031378806,0.989921451,0.389485061,0.513851106,-0.031411126,0.988912344,0.390496582,0.512587547,-0.031427346,0.991197765,0.404878616,0.514948785,-0.09913186,0.985363901,0.401383162,0.513549387,0.014701664,0.991119802,0.392513424,0.541951776,-0.056594688,0.977511168,0.391781658,0.541552544,-0.023652602,0.969217896,0.432212204,0.56840992,-0.152547449,0.992501259,0.420752436,0.552947283,0.07516735,0.973518372,0.381693661,0.498864919,-0.225154802,0.98941052,0.378198683,0.495598465,0.135265976,0.288719028,0.351797909,0.404748708,-0.190618724,0.969727457,0.352137536,0.409796536,0.078459933,0.531427741,0.345567346,0.373651981,-0.216617584,0.955137491,0.347632438,0.378927737,0.070789412,0.598966479,0.352094322,0.371036828,-0.20471409,0.949523926,0.353949964,0.377270877,0.057298522,0.613408089,0.355284303,0.382330567,-0.186496317,0.929877996,0.356613576,0.388336301,0.067807198,0.63069582,0.485548794,0.789732873,-0.082751088,0.995564997,0.468417645,0.761613011,0.082869478,0.991377294,0.394834578,0.815734863,-0.113165878,0.978139222,0.384742945,0.782864034,0.137346372,0.463313133,0.450636089,0.945169151,-0.009679815,0.929325342,0.430222213,0.87703824,0.197630852,0.369273454,0.466793388,0.963764727,0.002036951,0.912577987,0.451287121,0.912434042,0.202819154,0.372926295,0.431971937,0.996793866,0.034311213,0.896893024,0.409824848,0.930363894,0.230804294,0.408636957
0,0.393413246,0.311038911,-0.097304031,0.997999609,0.399009734,0.290008605,-0.112192631,0.998426199,0.401055276,0.289155036,-0.112263702,0.998711944,0.403197706,0.288485467,-0.112327293,0.998750091,0.397733182,0.288521022,-0.080820456,0.997641027,0.398703188,0.286665916,-0.080815978,0.997352064,0.399800003,0.284902245,-0.080882236,0.997097313,0.41800198,0.293028355,-0.157211736,0.997698903,0.413187087,0.291496754,-0.016190344,0.996126175,0.400974929,0.324418247,-0.111270234,0.994955182,0.398822755,0.32317549,-0.069983207,0.992186368,0.43911925,0.357025355,-0.234270126,0.998628199,0.422223628,0.356142879,0.060816281,0.986664653,0.39918524,0.246660575,-0.351537883,0.996206641,0.390995443,0.248546585,0.128280908,0.356158495,0.377094269,0.126496464,-0.380776942,0.985698462,0.371379346,0.136842638,0.027187135,0.687233031,0.373252869,0.093730584,-0.421060324,0.974829972,0.367931962,0.109288491,0.014945964,0.744328618,0.377037913,0.08721447,-0.404714823,0.969955146,0.370806515,0.101244755,-0.010591361,0.745043099,0.378485054,0.096651152,-0.376093537,0.956794083,0.372222632,0.11090973,0.010251045,0.755200982,0.451967865,0.629457116,-0.099057004,0.99911505,0.43509227,0.622125447,0.098949015,0.997376084,0.456354916,0.777124345,-0.055956107,0.987247884,0.427916199,0.772114217,0.188551933,0.685825765,0.459920704,0.948983073,0.016230177,0.973797917,0.443632185,0.912498415,0.313665062,0.572881818,0.470552504,0.975869417,0.018931666,0.96216172,0.454961479,0.936953306,0.321902841,0.637467861,0.425475299,0.985391676,-0.058321424,0.965083241,0.404813439,0.940171838,0.280203313,0.67275697
0,0.507811069,0.243905306,-0.105592385,0.999969363,0.510970056,0.2311299,-0.088132396,0.999967754,0.51335454,0.231863156,-0.088218033,0.999957681,0.51581347,0.232738584,-0.088305525,0.999964297,0.503691614,0.229180649,-0.095980987,0.999955356,0.500470757,0.228613645,-0.095982261,0.99993819,0.497335017,0.228184164,-0.09593156,0.99995178,0.517131567,0.24123928,0.028002769,0.9999457,0.4888753,0.236214176,-0.00666145,0.999944568,0.511252284,0.260354012,-0.060173858,0.999961019,0.500476062,0.258875966,-0.07017494,0.999955535,0.538911223,0.32165429,0.104178682,0.999942422,0.462385267,0.325457305,0.044402219,0.999862134,0.542052209,0.420700997,0.048890457,0.797181129,0.463202178,0.42173031,0.038994625,0.86997813,0.543727517,0.425897062,-0.13849768,0.817364156,0.461249918,0.423807979,-0.056269001,0.892859638,0.544982314,0.428829581,-0.183714539,0.766267538,0.458752245,0.443252683,-0.089246713,0.865486324,0.544545114,0.422930568,-0.198369175,0.777116179,0.462213427,0.43112883,-0.112531982,0.872457981,0.541746497,0.420025498,-0.150993586,0.73596102,0.464303434,0.424667627,-0.06808725,0.845376909,0.520836174,0.546656191,0.011606484,0.999755561,0.475243509,0.544791162,-0.011336381,0.999758482,0.529336631,0.734829485,-0.006200662,0.992945254,0.463407218,0.733663321,-0.041094504,0.995027542,0.539507926,0.895475328,0.092414156,0.993148327,0.445664078,0.90028578,0.06541647,0.996505022,0.532014906,0.918346822,0.094868734,0.930173993,0.451192915,0.922261357,0.068297133,0.913732111,0.563558698,0.951189518,-0.029499549,0.988249242,0.430819929,0.951990604,-0.060393952,0.99195236
1,0.503281891,0.497852951,-0.236142665,0.999912798,0.507656217,0.483051121,-0.219801351,0.999816358,0.510424674,0.482747942,-0.219788745,0.999789834,0.512802482,0.482085466,-0.219837517,0.999757409,0.497130781,0.482980341,-0.224053144,0.999831796,0.493326724,0.482885063,-0.224128053,0.999842584,0.490295827,0.483073413,-0.224085525,0.999834955,0.516169786,0.486405641,-0.125668183,0.999742627,0.485723257,0.488889307,-0.144523725,0.999789238,0.508633673,0.510831475,-0.20072493,0.999552965,0.496493667,0.512148678,-0.205803111,0.999349177,0.541641057,0.560540855,-0.049487479,0.997968554,0.465132415,0.560997963,-0.077339247,0.998624563,0.553952456,0.632571459,0.044222742,0.696733952,0.457794011,0.626370549,0.00639221,0.7058056,0.540377557,0.67489922,0.054315645,0.326977044,0.45949012,0.639346898,0.028055895,0.511331618,0.540813148,0.694725871,0.053822935,0.270404756,0.458316565,0.651813626,0.024100939,0.46785152,0.532294273,0.684276044,0.037698869,0.268589795,0.460724652,0.644729972,0.007231855,0.448499203,0.532874167,0.679292679,0.048648108,0.254572928,0.461988688,0.635003746,0.022431722,0.400540233,0.519820809,0.730488241,0.003137716,0.999326825,0.472744554,0.72486192,-0.003032782,0.999697387,0.5683164,0.788428485,-0.187864929,0.99453783,0.433128834,0.781448781,-0.226400524,0.998494625,0.54069674,0.896541595,-0.019041386,0.991527677,0.445983559,0.90339303,-0.054027669,0.998497486,0.529455423,0.914337575,-0.007552748,0.968819857,0.454186201,0.922626495,-0.04182481,0.987920702,0.563765407,0.948620439,-0.089624524,0.981930792,0.425633132,0.948757529,-0.131451309,0.995590448
0,0.508050561,0.241845831,-0.154829964,0.999988377,0.510843694,0.227110222,-0.136284977,0.999988079,0.513178051,0.227289453,-0.136362001,0.999984205,0.515376806,0.227481395,-0.136425838,0.999985158,0.501966596,0.227432817,-0.142435402,0.999985754,0.498640001,0.227669075,-0.142438322,0.999980271,0.495531976,0.228009924,-0.142401978,0.999983311,0.51758188,0.235717237,-0.013600217,0.999979734,0.48860836,0.236986473,-0.046174847,0.999981642,0.512458324,0.259515733,-0.108512022,0.999987125,0.501351714,0.25915572,-0.117283069,0.999986708,0.541335344,0.325673282,0.069097064,0.999897361,0.463395655,0.324842572,0.011421939,0.999907136,0.554590464,0.433670014,-0.025786992,0.869727671,0.456064761,0.442710072,-0.054706465,0.903199852,0.558328986,0.416262686,-0.273200184,0.870335162,0.457794338,0.424915403,-0.23226206,0.924043,0.558676243,0.412357748,-0.323019981,0.817092836,0.456422269,0.4275015,-0.274636,0.894540668,0.55784899,0.401186198,-0.326471448,0.825269461,0.45802933,0.416186452,-0.287240982,0.897219002,0.554994822,0.404818267,-0.282036692,0.778520584,0.460035026,0.414194226,-0.241412193,0.865960956,0.524683058,0.543509901,0.014120184,0.999359429,0.477488816,0.543030024,-0.013970573,0.999568582,0.53273809,0.728510201,0.004815472,0.994291723,0.462459326,0.731627882,-0.037835915,0.996446669,0.541157246,0.894225001,0.119341388,0.995067716,0.445532143,0.90193975,0.078039981,0.997431457,0.532887042,0.917503595,0.122706547,0.952893734,0.452181756,0.928436279,0.081579007,0.939720452,0.564424396,0.950015783,-0.007315545,0.991270661,0.429100603,0.952477932,-0.054012142,0.993571699
1,0.505879641,0.52091825,-0.192719564,0.99997139,0.509312332,0.50631094,-0.174407899,0.999958158,0.511615157,0.506379068,-0.174475595,0.99995333,0.51382947,0.506573498,-0.174571112,0.999944448,0.500258088,0.505749762,-0.17742379,0.999961197,0.496370971,0.505522907,-0.177453548,0.999959171,0.492796183,0.505511999,-0.177425966,0.999952435,0.516492307,0.51223141,-0.078127488,0.999940813,0.487377584,0.510350645,-0.092861526,0.999974132,0.509593606,0.53724885,-0.156299502,0.999972403,0.499051243,0.53569454,-0.160881966,0.99998337,0.539536238,0.58833164,-0.041727625,0.999330521,0.463902563,0.58755821,-0.058956236,0.999823451,0.557199836,0.673997998,-0.167212591,0.851524055,0.450908899,0.66694659,-0.163218305,0.911589622,0.554564059,0.646745026,-0.361309528,0.793221772,0.459122419,0.675445616,-0.33858785,0.880863428,0.556184411,0.647986293,-0.400417268,0.766617954,0.459006459,0.688079774,-0.374762386,0.860732079,0.553017855,0.636962593,-0.398580939,0.760877311,0.461647123,0.67953366,-0.378789932,0.858476222,0.551819682,0.640342653,-0.365769744,0.684717774,0.463268101,0.67460978,-0.344493777,0.805334032,0.522073984,0.755137324,0.007378685,0.999436319,0.474823803,0.753349841,-0.007230476,0.999829888,0.57093364,0.786570072,-0.214607313,0.995868206,0.432553142,0.775341988,-0.287109733,0.998674273,0.539314628,0.897299528,-0.055751942,0.989397824,0.446832955,0.902742326,-0.13522616,0.998566926,0.52841872,0.916691363,-0.044693112,0.973420084,0.454751819,0.924676657,-0.12471243,0.986353993,0.563732266,0.94804728,-0.131377652,0.978837609,0.424321711,0.950129509,-0.223484591,0.99475503
0,0.510716081,0.239750102,-0.12903735,0.999983966,0.514229417,0.225446284,-0.108826339,0.999978781,0.516605377,0.22563602,-0.108909205,0.999972105,0.518799186,0.225878522,-0.108968154,0.999970019,0.505007744,0.225442335,-0.116744339,0.99998045,0.501640141,0.225643009,-0.116735004,0.999977171,0.498456717,0.225742489,-0.116671778,0.999980628,0.52130723,0.234163672,0.012780746,0.999960661,0.491655052,0.234196156,-0.023588557,0.999982774,0.515696585,0.257744759,-0.082875326,0.99996978,0.504059196,0.256367177,-0.093244195,0.999977648,0.542085707,0.329770505,0.095345706,0.999621451,0.465516001,0.325220883,0.026605833,0.999872029,0.550174415,0.4373492,0.024511997,0.703234017,0.450910717,0.444467664,-0.043676738,0.950586855,0.562339365,0.442995071,-0.204191476,0.644211411,0.451867342,0.438341051,-0.252796471,0.941770315,0.565411866,0.443510681,-0.25378868,0.600947976,0.454337597,0.435937166,-0.301265061,0.915402412,0.565729499,0.435632437,-0.274055541,0.613589048,0.456614733,0.421126693,-0.312959135,0.917925358,0.563468218,0.435086399,-0.219633535,0.584987462,0.457380861,0.420720965,-0.26205641,0.8939116,0.524531722,0.54533571,0.021810856,0.999475598,0.476490408,0.54286623,-0.021667402,0.9996925,0.534912705,0.730005205,0.011215758,0.994388342,0.460227966,0.733851135,-0.045918208,0.997401536,0.540684342,0.893656254,0.118342258,0.9942469,0.445332825,0.901124895,0.056310941,0.997781277,0.531611681,0.91727668,0.121391736,0.955913126,0.452117622,0.924560308,0.058774255,0.94011271,0.566257358,0.952019274,0.001508123,0.989463747,0.430517673,0.952667892,-0.073038273,0.993891597
1,0.50688076,0.495593488,-0.220955104,0.999569654,0.510272861,0.481702328,-0.20627661,0.99903059,0.513225317,0.48157835,-0.206280142,0.999030411,0.515696406,0.481415868,-0.206331328,0.999025643,0.501026332,0.48210758,-0.208689898,0.999037862,0.497613817,0.482442588,-0.208746046,0.999097645,0.494421154,0.482964039,-0.208728865,0.999112785,0.518840969,0.487299144,-0.114810839,0.998953402,0.490059137,0.490316302,-0.123867854,0.998848855,0.512288451,0.509460568,-0.185465902,0.998614848,0.500269592,0.510436952,-0.188066334,0.997852981,0.546604037,0.563041151,-0.043979302,0.997331262,0.467726558,0.570313632,-0.074337259,0.997999609,0.55635941,0.628834367,0.026927641,0.572527289,0.465286165,0.646030068,-0.0722671,0.692559958,0.538046002,0.682891726,0.039646886,0.210625514,0.474583447,0.660467863,-0.123815104,0.487178326,0.533030748,0.703444779,0.035128899,0.174545273,0.476540029,0.66749382,-0.141506746,0.446958929,0.52941829,0.69802326,0.021943165,0.171402514,0.475612462,0.657898188,-0.153959498,0.433509111,0.530029535,0.691746652,0.034493864,0.16214256,0.476804972,0.654934943,-0.130196124,0.383058608,0.521747828,0.738206923,0.003935583,0.999325931,0.474903733,0.73257643,-0.003824455,0.999718606,0.569555521,0.793335199,-0.20877628,0.994706333,0.435303211,0.780243337,-0.23585932,0.998629808,0.539768279,0.897274971,-0.04737293,0.992081821,0.446124703,0.900768042,-0.067937404,0.998329043,0.528701663,0.915662885,-0.036438208,0.967724442,0.45433253,0.921181738,-0.055766921,0.982963979,0.563693821,0.948791862,-0.120933928,0.982534289,0.427918494,0.948555052,-0.146116063,0.994937956
0,0.509061456,0.242191315,-0.11897777,0.999993503,0.512285352,0.228075594,-0.098600395,0.99999094,0.514767528,0.228308365,-0.098680317,0.999989331,0.51688242,0.228566065,-0.098743245,0.999989569,0.5032776,0.227993429,-0.105778351,0.999989629,0.500014603,0.228082851,-0.105765462,0.999987364,0.496792018,0.228146762,-0.105698004,0.999988437,0.519163966,0.23648572,0.022425165,0.999985516,0.489869207,0.236458242,-0.011000833,0.999985456,0.513958097,0.260199904,-0.073236465,0.999987483,0.5022403,0.258185863,-0.082874835,0.999984324,0.540774226,0.328482598,0.09668085,0.999919653,0.463364929,0.324475884,0.046668503,0.999922812,0.551799476,0.434724122,0.025755141,0.894956708,0.447819054,0.44288975,-0.020487245,0.935455978,0.561875999,0.431102961,-0.205886364,0.922509968,0.449658543,0.428121269,-0.230832055,0.957132638,0.563080847,0.430600345,-0.255886078,0.888864219,0.448908627,0.430141419,-0.278450996,0.93839711,0.561012268,0.422679126,-0.27111429,0.894494295,0.451269329,0.418402016,-0.290773034,0.939187646,0.559076488,0.421839744,-0.218579009,0.864643097,0.452879369,0.417120486,-0.240539998,0.916667104,0.524397194,0.543018997,0.017614139,0.999626935,0.477083355,0.542442679,-0.017479416,0.999706984,0.531408668,0.728586137,0.008236757,0.994027138,0.463050067,0.73203361,-0.039910056,0.996430814,0.539818704,0.893562496,0.110131659,0.994592905,0.446085393,0.900849462,0.062933855,0.997259498,0.531863391,0.91657424,0.113158144,0.954134345,0.451560974,0.925526619,0.065656126,0.928944945,0.563880742,0.949680924,-0.008314505,0.990977108,0.43315801,0.951139808,-0.06344939,0.993281543
1,0.505688131,0.521641433,-0.186133638,0.999945462,0.509515524,0.506509125,-0.170428023,0.999871433,0.511872351,0.506069124,-0.170438081,0.999863446,0.514180303,0.505720079,-0.170466676,0.999862075,0.500439882,0.506299794,-0.174762651,0.99986738,0.496532768,0.505492449,-0.174806923,0.999864101,0.493115425,0.504646361,-0.174785212,0.999848545,0.516847432,0.509931087,-0.079420909,0.999841273,0.48773846,0.50733012,-0.098134525,0.999821603,0.509371161,0.536326826,-0.151158974,0.999794006,0.498714209,0.536428332,-0.156587362,0.999715447,0.539675117,0.580892444,-0.022648152,0.999424577,0.46593529,0.579881191,-0.051902123,0.999112964,0.5601331,0.656015933,0.01071333,0.869391441,0.456623495,0.652355552,-0.05946105,0.807404041,0.545675874,0.72025317,-0.034085415,0.532797635,0.469578654,0.657498777,-0.121642649,0.607351661,0.5407902,0.737397492,-0.045923024,0.382301182,0.472421795,0.664851427,-0.139927745,0.525475144,0.536594212,0.729069352,-0.058760516,0.379364848,0.472815037,0.654631793,-0.150121808,0.511737585,0.535871208,0.723263025,-0.039868739,0.357432306,0.473345459,0.652526498,-0.126982003,0.461530298,0.5223701,0.750372052,0.003352288,0.999406278,0.475228399,0.745784938,-0.003221897,0.999751449,0.571538329,0.798128664,-0.176979586,0.995519996,0.430124044,0.781927168,-0.231642157,0.998639762,0.539943099,0.897915125,-0.036964588,0.991799414,0.446044981,0.902720213,-0.086063609,0.998446167,0.52889955,0.915929556,-0.027878392,0.972091973,0.454433858,0.923476398,-0.075880602,0.987187505,0.564235508,0.948780894,-0.106807612,0.981289864,0.424539626,0.949917078,-0.161476716,0.994817734
0,0.508167624,0.240895227,-0.113697685,0.999993801,0.511058688,0.226856574,-0.092333421,0.999993145,0.513330162,0.226956069,-0.092420988,0.999991238,0.515547872,0.227220178,-0.092509471,0.999991715,0.501964211,0.227145597,-0.100476027,0.999992073,0.498700619,0.22746411,-0.100466572,0.999988973,0.495443106,0.227768034,-0.100404181,0.999990165,0.517507553,0.235468701,0.031680908,0.999988616,0.488452375,0.236487836,-0.006419171,0.999988437,0.512907803,0.258415639,-0.066998348,0.999991298,0.501577437,0.257136673,-0.077966377,0.999990821,0.538296461,0.332280129,0.105666578,0.999929607,0.46189332,0.324943274,0.044461835,0.999907136,0.549698234,0.437993973,0.022151152,0.878343344,0.4515571,0.443252981,-0.035059556,0.904875696,0.559374452,0.425302774,-0.203764394,0.908699989,0.45010519,0.431702137,-0.242268711,0.937972724,0.560736835,0.423992246,-0.252104402,0.868965685,0.447886288,0.431859434,-0.289449334,0.914394498,0.558974862,0.41306293,-0.264875293,0.876098812,0.449670792,0.420021564,-0.301372975,0.916308165,0.556512415,0.410379529,-0.215935796,0.83967787,0.451461166,0.420014948,-0.252411067,0.886841536,0.522639096,0.545895576,0.018793683,0.999605894,0.475666285,0.544824779,-0.018616311,0.999694228,0.532648444,0.733028173,0.008777578,0.994386494,0.461409569,0.734618485,-0.040690862,0.996320426,0.539688766,0.895610213,0.115918957,0.994479358,0.445070893,0.902424812,0.06737911,0.997281313,0.531622589,0.91835326,0.11935778,0.952994525,0.451166689,0.928314269,0.070223831,0.933718681,0.565160632,0.951709747,-0.003117689,0.990220428,0.428663254,0.951985955,-0.060572773,0.993214905
0,0.438990414,0.156365737,-0.06329079,0.999876678,0.445983499,0.142388552,-0.083691522,0.999882698,0.448077828,0.142535582,-0.083736315,0.999896705,0.450438499,0.14233011,-0.083791323,0.99990499,0.443986982,0.141178533,-0.048705082,0.999834001,0.444585979,0.140623227,-0.048646487,0.999807298,0.445319504,0.139765069,-0.048628937,0.999782503,0.46525526,0.149457097,-0.125989288,0.999937534,0.458134562,0.147161588,0.030886188,0.999580681,0.445368439,0.175000563,-0.075651884,0.999896705,0.442149788,0.173301861,-0.030483898,0.999695241,0.49014011,0.239967793,-0.184197426,0.999967337,0.462302834,0.249140173,0.132319361,0.998247087,0.489991128,0.374638975,-0.199831814,0.988473475,0.447183132,0.371802866,0.100414395,0.03699588,0.43040657,0.323423713,-0.124525443,0.971905172,0.419276476,0.354534626,-0.080205433,0.107938141,0.414021313,0.311438471,-0.141094148,0.950681746,0.406641871,0.347402781,-0.101046979,0.140554756,0.416645467,0.294447541,-0.133628041,0.94915241,0.406374216,0.323574454,-0.118499175,0.142519206,0.421748251,0.297735751,-0.116494216,0.914458394,0.413161755,0.325613499,-0.095363207,0.140141711,0.47321564,0.501815081,-0.097030565,0.999571741,0.449432075,0.50076884,0.097088911,0.998489559,0.4828237,0.698187113,-0.09577857,0.991555512,0.460130453,0.691485703,0.206827641,0.825248957,0.48948136,0.898608327,-0.07717137,0.995883822,0.458189726,0.859426856,0.328956038,0.941033721,0.499547899,0.934924722,-0.081323437,0.978525758,0.467602015,0.890444458,0.335957825,0.874501646,0.455134928,0.951971948,-0.190511376,0.995374739,0.413280249,0.89106071,0.286636829,0.970478117
1,0.406937301,0.433934182,-0.115110442,0.999498725,0.411999524,0.415061027,-0.135115832,0.999577641,0.413704455,0.414511055,-0.135140866,0.999654472,0.415664613,0.414058387,-0.135171682,0.999689758,0.410922199,0.414657563,-0.100878343,0.999314249,0.411761105,0.413773119,-0.100890681,0.999419808,0.412620366,0.412817001,-0.100869551,0.99954021,0.43105945,0.41757521,-0.179035336,0.999441504,0.42616424,0.415073395,-0.025351843,0.999469578,0.41418162,0.449965149,-0.13018392,0.999431193,0.412059367,0.449021995,-0.085245773,0.998706579,0.453693062,0.506676435,-0.246539831,0.999003291,0.437423527,0.489323437,0.062878951,0.994775176,0.364909291,0.536342084,-0.321913034,0.975302219,0.365966946,0.52390945,0.088933304,0.323335916,0.292802155,0.539271533,-0.325278789,0.972617507,0.298420668,0.523509026,0.018367503,0.394634962,0.27155453,0.549531877,-0.372937739,0.966118455,0.278270453,0.525915205,0.014082322,0.426914543,0.269105315,0.531122446,-0.351540983,0.962963104,0.277310848,0.514502227,-0.020411137,0.447219998,0.275009364,0.528977275,-0.319255799,0.937610626,0.283815175,0.516704261,0.000237758,0.470424771,0.521015704,0.714310646,-0.098601088,0.999885976,0.496167243,0.690028489,0.098663792,0.999382257,0.431155264,0.74798578,-0.281448215,0.988545835,0.399079978,0.713397026,0.124594629,0.60311228,0.482851088,0.905716777,-0.157411069,0.992086589,0.446972936,0.843567967,0.250693262,0.699098647,0.500568271,0.925967932,-0.143843457,0.981410384,0.45948115,0.860071719,0.263156384,0.783822358,0.45516187,0.959225893,-0.171270341,0.986301541,0.411604643,0.888454437,0.262695372,0.782761693
0,0.429407775,0.150288567,-0.051120024,0.999715984,0.436079919,0.133781269,-0.071518868,0.999692738,0.437864125,0.133253708,-0.071541883,0.999724746,0.439901918,0.132610589,-0.07156352,0.999762356,0.434948683,0.133522034,-0.036711212,0.999621987,0.435753167,0.132778466,-0.036673032,0.999616027,0.436719894,0.131806806,-0.036665231,0.999645114,0.453993887,0.139941007,-0.115118727,0.999689996,0.448416322,0.138576105,0.039376095,0.999272823,0.435680628,0.166786611,-0.06423685,0.999690354,0.433243752,0.166450143,-0.019611157,0.999301195,0.481903881,0.228108212,-0.180793613,0.999894321,0.449960083,0.235841364,0.138896152,0.998354256,0.47816366,0.358447522,-0.209455803,0.990689039,0.433230162,0.338106304,0.098633759,0.126378641,0.414071888,0.313017219,-0.143163681,0.982812941,0.404909223,0.334305942,-0.087792657,0.274593085,0.396452069,0.312343925,-0.164080277,0.970538616,0.387579739,0.330728561,-0.110153422,0.29711464,0.394997656,0.294627577,-0.156354114,0.969265342,0.386731803,0.313508809,-0.127167895,0.303412318,0.400419146,0.294456989,-0.135049671,0.946828663,0.393701106,0.310059696,-0.103052959,0.296599507,0.474975348,0.488802135,-0.099170119,0.999560416,0.448813736,0.491088033,0.09914577,0.998636305,0.485561073,0.694624186,-0.085599884,0.989090502,0.45944199,0.685837269,0.177541241,0.743512034,0.488458693,0.897313833,-0.064045541,0.994663417,0.45666343,0.855159938,0.281193882,0.892276108,0.499124944,0.933466196,-0.067808621,0.973624229,0.464001805,0.882301867,0.28623873,0.832267702,0.454520792,0.955796123,-0.173179418,0.993503094,0.412343115,0.889218032,0.233163387,0.946482122
1,0.411786318,0.453098834,-0.092760876,0.999448478,0.416468531,0.436885327,-0.11216408,0.999571383,0.417995304,0.43679738,-0.112189114,0.999653697,0.419867128,0.436754256,-0.112222001,0.999685466,0.416141123,0.436112165,-0.079258323,0.99931252,0.417263597,0.435389698,-0.079260103,0.99941963,0.418469667,0.434590518,-0.079239272,0.999526083,0.43478471,0.442018926,-0.155154243,0.999446154,0.431459606,0.43818143,-0.007541366,0.999504924,0.417783886,0.46962288,-0.10749507,0.999482751,0.416995108,0.468620032,-0.064503133,0.998838425,0.454446167,0.536563575,-0.220563129,0.999168098,0.44057864,0.515182495,0.075905658,0.995742083,0.369746864,0.578705907,-0.282917947,0.972566724,0.374263227,0.561313808,0.09855026,0.322235346,0.294700325,0.574347794,-0.283610493,0.977991223,0.301211268,0.556866944,0.027241131,0.407630175,0.275312334,0.581570148,-0.327626377,0.974498153,0.282176286,0.560513377,0.022904228,0.449740052,0.273739487,0.563680589,-0.309016734,0.971903443,0.281221628,0.55035454,-0.010551455,0.471864551,0.28050667,0.56031245,-0.278578967,0.951787174,0.288702041,0.551083624,0.009509282,0.498736739,0.52084446,0.731874347,-0.093433425,0.999904633,0.497118145,0.703705668,0.093472905,0.999456346,0.429434478,0.74149543,-0.27553317,0.98869592,0.400095403,0.706782222,0.113426641,0.558649004,0.481277376,0.903230369,-0.167591378,0.992589235,0.446401119,0.840379179,0.224031776,0.673082292,0.499784321,0.924476564,-0.154936343,0.982792795,0.459743679,0.853895903,0.235342652,0.776297212,0.453951836,0.95827347,-0.181154937,0.98634094,0.411610991,0.885506749,0.236181661,0.768774688
0,0.428196669,0.147252858,-0.057134397,0.999754906,0.434905618,0.13060087,-0.078308895,0.999733806,0.436659276,0.130060464,-0.078332439,0.999752581,0.438497961,0.129453138,-0.078368045,0.999791026,0.434122652,0.1305314,-0.041936714,0.999686599,0.435179085,0.129920155,-0.041885771,0.999685109,0.436321735,0.12909922,-0.041873552,0.99971503,0.451786906,0.137170956,-0.12286742,0.99971664,0.447155297,0.135843322,0.037022118,0.999384999,0.434146553,0.163958743,-0.069694646,0.99976486,0.432262897,0.163753062,-0.023115132,0.999457836,0.480782926,0.225149706,-0.185121551,0.999924958,0.447258234,0.237032473,0.138436496,0.998621464,0.488615751,0.359521598,-0.214925125,0.990610838,0.432229847,0.345861465,0.109781303,0.116344742,0.420267493,0.331093967,-0.156276256,0.983406484,0.405062854,0.355127513,-0.064533569,0.240653336,0.400614023,0.335177749,-0.178893641,0.970470905,0.390016168,0.353030801,-0.085411616,0.262509942,0.39982298,0.312712431,-0.171602875,0.969418824,0.385724783,0.335700363,-0.105467141,0.270726711,0.405927807,0.309823424,-0.149704516,0.946242392,0.395486414,0.335097998,-0.080869026,0.26711297,0.474349439,0.491332918,-0.099844374,0.999416411,0.446056753,0.489012152,0.099845037,0.998228014,0.484058082,0.697165251,-0.079089575,0.990329683,0.45813185,0.688081801,0.188575149,0.768045008,0.487305254,0.898594558,-0.042139355,0.995311201,0.458101094,0.858827651,0.300698906,0.908409774,0.496789843,0.934349716,-0.044772707,0.975465298,0.465309918,0.886917293,0.306202173,0.848732352,0.453424603,0.954448462,-0.155781388,0.99429816,0.414880186,0.893808722,0.249203295,0.954369962
1,0.417298973,0.433373094,-0.119230673,0.999366224,0.422209412,0.415567398,-0.138645083,0.999454975,0.42445612,0.414699018,-0.13866967,0.999554873,0.426989943,0.41378966,-0.13870281,0.999597669,0.420124054,0.416241884,-0.105772123,0.999134004,0.420525789,0.415889263,-0.105800845,0.999241412,0.42095685,0.415307164,-0.105777301,0.999398708,0.441320002,0.418920636,-0.180231005,0.999334455,0.435913712,0.418027788,-0.031630047,0.999360263,0.423793375,0.450767845,-0.132842928,0.999292314,0.421788514,0.44994998,-0.089694649,0.998427987,0.458334029,0.516727209,-0.248140171,0.9991166,0.445588887,0.495756119,0.058917254,0.995774448,0.371387929,0.534922302,-0.316255391,0.978016973,0.376076609,0.519459426,0.090264261,0.332219124,0.29569006,0.529522181,-0.309806049,0.973971188,0.302774459,0.514909923,0.022169624,0.405957431,0.276429474,0.539569438,-0.354675055,0.967537999,0.284243822,0.515515804,0.01808887,0.437644958,0.274970889,0.520242453,-0.335221559,0.963780642,0.282400221,0.505937219,-0.016070157,0.456768811,0.281300753,0.517419994,-0.304306149,0.938292801,0.289289653,0.507692575,0.004233634,0.486108452,0.518231809,0.726180017,-0.098488241,0.999878287,0.495657027,0.6965276,0.098539099,0.999452353,0.425906032,0.747192442,-0.244859427,0.988688588,0.399314255,0.70967716,0.118873082,0.626144469,0.479972601,0.901326418,-0.096406884,0.992210567,0.445722163,0.838015437,0.248142317,0.725524306,0.497884423,0.925589859,-0.080402479,0.98142308,0.456629992,0.856096804,0.260912329,0.802909911,0.453068674,0.953453422,-0.096682228,0.986606002,0.408782065,0.880911708,0.263540089,0.80550158
0,0.432939291,0.147490442,-0.072347574,0.999712348,0.439959288,0.131398901,-0.091029532,0.999693215,0.441714436,0.130968079,-0.091083281,0.999726117,0.443718135,0.130407423,-0.091126114,0.999771476,0.438971996,0.131153479,-0.057335943,0.999606669,0.439820766,0.130544797,-0.057284337,0.999581277,0.440867126,0.129729331,-0.057281893,0.999587893,0.457122028,0.138680056,-0.12597917,0.999726832,0.451554209,0.137643576,0.02601603,0.999100685,0.438289791,0.164228946,-0.081521079,0.999729216,0.43617335,0.164071575,-0.037991405,0.999274373,0.482571363,0.226136595,-0.189410001,0.999941111,0.450899929,0.243636593,0.136153176,0.997990131,0.491802156,0.355984539,-0.239931226,0.993131638,0.441271722,0.358084142,0.142599195,0.083430797,0.423968732,0.335689604,-0.226803273,0.987028956,0.407821029,0.382071912,0.00237967,0.189560369,0.404449642,0.340185612,-0.25439465,0.976258755,0.393529862,0.391658574,-0.013514859,0.218009651,0.403757989,0.31788069,-0.245128304,0.975293994,0.396107793,0.375414908,-0.038500696,0.22591944,0.409747452,0.314300835,-0.219856903,0.955479205,0.399555236,0.372913837,-0.014554556,0.221744493,0.475583851,0.496062845,-0.100857221,0.999382615,0.448910326,0.494005114,0.10087353,0.9978652,0.485880196,0.695466936,-0.096933149,0.990146458,0.461871803,0.690054953,0.196998984,0.773144305,0.489102125,0.899063289,-0.076815873,0.995226681,0.461123616,0.858249724,0.311897397,0.912648022,0.497603178,0.933677852,-0.080753461,0.977308035,0.468706042,0.886302292,0.317935407,0.851747096,0.454777896,0.949711442,-0.194699332,0.9940328,0.417072356,0.891283572,0.265369147,0.955882132
1,0.407317787,0.450623751,-0.095647849,0.999285638,0.412113726,0.431981415,-0.115561821,0.999390423,0.414067656,0.431508601,-0.115581594,0.999502599,0.416402668,0.431141108,-0.115610614,0.999544919,0.410710901,0.431505978,-0.082699329,0.999079108,0.411509126,0.430515766,-0.082714334,0.99923104,0.412398577,0.429478705,-0.082695015,0.999404073,0.4323681,0.435603559,-0.159894809,0.999224961,0.426900148,0.431748629,-0.012415336,0.999392748,0.414586127,0.466919124,-0.110734269,0.99924016,0.412309408,0.466068298,-0.067774728,0.998361051,0.455865055,0.52967751,-0.224832252,0.998464167,0.432586908,0.506701112,0.07043048,0.99498713,0.36637494,0.561940491,-0.289800495,0.975959539,0.36504668,0.547835231,0.09579064,0.37634936,0.289729387,0.557337344,-0.287815988,0.975215614,0.295713127,0.545970619,0.027972687,0.447224706,0.271035403,0.567427039,-0.331163585,0.969708741,0.275890052,0.548560858,0.02339107,0.480175853,0.269322693,0.548329234,-0.31077373,0.966340423,0.275007188,0.539996624,-0.010230431,0.499416173,0.27588135,0.545927584,-0.28216359,0.943854928,0.282712489,0.540442228,0.0100778,0.527244329,0.516884923,0.729555666,-0.092571095,0.99982512,0.490922779,0.702316344,0.09265165,0.999237657,0.423758924,0.75394547,-0.247889116,0.990057707,0.393103063,0.716688693,0.117971577,0.637725472,0.478831857,0.901660144,-0.124527134,0.99048245,0.444997966,0.843911648,0.228102058,0.720275283,0.496834606,0.922071159,-0.109573439,0.978830099,0.457976431,0.858995736,0.239614934,0.791595399,0.453101784,0.956630647,-0.127154857,0.981504738,0.412483931,0.890128016,0.242757991,0.793572426
0,0.417478263,0.150014177,-0.05870872,0.999669671,0.424609184,0.132780209,-0.079575703,0.999650121,0.42667526,0.131950855,-0.079601988,0.999682605,0.428630888,0.131100923,-0.079634994,0.9997316,0.423120171,0.132626176,-0.044071324,0.999578059,0.424041361,0.131690562,-0.0440359,0.999579489,0.425007582,0.130542427,-0.044040315,0.999619424,0.442542613,0.137392312,-0.123698607,0.999637365,0.436398327,0.135844395,0.034086343,0.999224007,0.42482096,0.166280732,-0.07196667,0.999671996,0.422264397,0.165676653,-0.026535463,0.99924314,0.472492516,0.226870134,-0.186020643,0.999884963,0.438436121,0.237150326,0.134668902,0.998342097,0.481890351,0.358789623,-0.201722533,0.989863873,0.432356745,0.352390558,0.105700791,0.119322844,0.41453886,0.327291161,-0.12887986,0.98151952,0.403844684,0.349200487,-0.062966481,0.236306906,0.396083891,0.32994616,-0.146221206,0.967556179,0.386672795,0.352938831,-0.082387969,0.25928098,0.395696521,0.308411211,-0.138383627,0.966213226,0.38620162,0.341863006,-0.100376546,0.265583038,0.401751041,0.306775838,-0.121012464,0.942346334,0.394217193,0.337359726,-0.077988043,0.261539608,0.472040504,0.490545571,-0.098214097,0.999431491,0.44304353,0.493188381,0.098201975,0.998198986,0.480494976,0.697600245,-0.077067986,0.988981664,0.454720795,0.687389791,0.180008203,0.740255892,0.484866947,0.897224009,-0.044608705,0.994293571,0.455369323,0.856885374,0.286201805,0.889684737,0.496200889,0.933234096,-0.047376473,0.972979963,0.462615907,0.883327544,0.291471183,0.830517888,0.4523983,0.954665959,-0.152261958,0.992981374,0.409242958,0.891471803,0.239083454,0.944996178
0,0.489513218,0.241650999,-0.234699637,0.999961793,0.494271934,0.226517826,-0.213256553,0.9999457,0.497440487,0.226880342,-0.213234037,0.999926865,0.499983639,0.227321014,-0.213273957,0.999937832,0.483806849,0.226291955,-0.213857085,0.999930739,0.479460567,0.22670871,-0.21386683,0.99989152,0.475571692,0.227315888,-0.21381779,0.999901474,0.503490806,0.236064255,-0.112905934,0.999895275,0.470321476,0.235527605,-0.11336688,0.999853373,0.496156693,0.259892642,-0.198727995,0.9998613,0.482911527,0.259331644,-0.198969513,0.999821484,0.527000308,0.313240021,-0.102345809,0.999317467,0.453876078,0.313932955,-0.107370295,0.998585463,0.538648009,0.200049534,-0.206482723,0.993908525,0.443406582,0.203543395,-0.211166024,0.990986288,0.551276088,0.09193287,-0.300205916,0.989113808,0.439541668,0.090044871,-0.275424808,0.981830597,0.556301117,0.06551446,-0.340667456,0.967557311,0.435703516,0.068118133,-0.316909313,0.942629397,0.554270148,0.062939353,-0.348723233,0.96607852,0.438052505,0.064561479,-0.312653601,0.938453972,0.551000476,0.071238585,-0.311440796,0.968476772,0.440646231,0.071057037,-0.282012075,0.944133162,0.515261054,0.569183469,0.000147564,0.999761641,0.463402748,0.569378257,-0.000201842,0.999758303,0.528014064,0.751169503,0.033748806,0.993587971,0.45145458,0.754851758,0.02811259,0.996205032,0.547552347,0.914467812,0.174324706,0.993020117,0.435697734,0.921533048,0.17129609,0.996008039,0.542470813,0.937311411,0.180549085,0.913930953,0.444261938,0.944752693,0.177211925,0.941832423,0.561096013,0.975576103,0.051964723,0.98502785,0.417072237,0.978390813,0.05470572,0.989768088
1,0.49483186,0.515161037,-0.256140172,0.999964058,0.499570429,0.500486732,-0.234917849,0.999952078,0.502405941,0.500567019,-0.234883115,0.99993825,0.505536914,0.500985265,-0.234986469,0.999949932,0.489579856,0.500906527,-0.233542055,0.999932766,0.486005604,0.501217723,-0.233640745,0.99990207,0.482536018,0.50184536,-0.233630776,0.99990207,0.51106602,0.50903219,-0.146833152,0.999931872,0.477834135,0.51076287,-0.139231339,0.999859393,0.501245499,0.533813655,-0.225851104,0.999800503,0.488499254,0.534091175,-0.223692849,0.999731421,0.529361844,0.571273863,-0.148110732,0.998432159,0.463874668,0.571760595,-0.13774623,0.997332752,0.541388512,0.463997096,-0.233135864,0.995547771,0.450748831,0.47223556,-0.235875726,0.99161309,0.555250883,0.356474251,-0.278245509,0.993608117,0.443272352,0.359114677,-0.306633532,0.986609042,0.560916781,0.33666268,-0.30760926,0.978667617,0.436144024,0.343217432,-0.337725371,0.959063172,0.556996465,0.334139347,-0.306109488,0.977214932,0.440714657,0.338745922,-0.329412371,0.955960095,0.553393304,0.340279251,-0.28318426,0.978038549,0.44465819,0.343546867,-0.310648739,0.960077822,0.521656394,0.761713922,-0.000926183,0.999563038,0.47040686,0.757785201,0.000952111,0.999710619,0.568447769,0.814855933,-0.345904171,0.992383003,0.415124595,0.7996099,-0.295726955,0.997679591,0.548218369,0.910768807,-0.110368684,0.975559294,0.432913691,0.924157381,-0.106866576,0.994394541,0.536345124,0.922904789,-0.089997455,0.929798663,0.44441551,0.943193734,-0.092149302,0.958601415,0.563947141,0.974631429,-0.176544279,0.953081012,0.40973258,0.97598207,-0.181759223,0.982446551
0,0.488356531,0.231335804,-0.278233081,0.99982661,0.493328094,0.213886127,-0.259398073,0.999744177,0.496624649,0.213927105,-0.25938043,0.999664843,0.500513077,0.213960156,-0.259415567,0.999720931,0.481966555,0.215165302,-0.260776758,0.999672651,0.478186667,0.216080323,-0.260789424,0.999512136,0.474208176,0.217178479,-0.260755211,0.999541283,0.504851222,0.224026144,-0.155456796,0.9994995,0.469987333,0.226413831,-0.152575508,0.99929142,0.495521218,0.252125472,-0.239791274,0.999312341,0.481414378,0.251004249,-0.241042852,0.999120474,0.526210725,0.300817847,-0.139922291,0.998171747,0.452551454,0.299894989,-0.13896133,0.996272802,0.532526791,0.174092576,-0.245752454,0.989817023,0.444504887,0.181286126,-0.224055171,0.987386107,0.543751955,0.059017185,-0.338460296,0.977509618,0.433959484,0.060501691,-0.270521402,0.97171706,0.548500121,0.037077881,-0.379419088,0.935622811,0.431741059,0.040801555,-0.307385862,0.919426858,0.548334718,0.034322083,-0.385572702,0.933537245,0.433328688,0.036340781,-0.309422851,0.914342642,0.545110404,0.040146261,-0.348863214,0.941524267,0.435398251,0.042600267,-0.278181791,0.92323339,0.515871048,0.569836259,0.000541225,0.999572396,0.462583065,0.569265664,-0.0005809,0.999621809,0.532573044,0.757199168,0.039058633,0.989812613,0.445915759,0.758188784,0.022741783,0.996207714,0.548843265,0.919053674,0.187243581,0.989317179,0.432519257,0.921554804,0.183155268,0.995446861,0.542938471,0.944162011,0.195315495,0.905101657,0.441638768,0.942967892,0.190689757,0.937360942,0.560441017,0.980485857,0.062817998,0.976747155,0.412894547,0.979280353,0.06557072,0.987162113
1,0.487702191,0.528105378,-0.223811224,0.999942124,0.492634118,0.512566864,-0.203299806,0.99992764,0.49636358,0.512106419,-0.203280419,0.999906182,0.499612272,0.511776686,-0.203384683,0.999925554,0.482089907,0.514131784,-0.200559214,0.999894202,0.478515804,0.514940798,-0.200641915,0.99984318,0.475067794,0.515907049,-0.200627059,0.999845147,0.504860759,0.518898845,-0.118230201,0.999885023,0.472362339,0.52349776,-0.10369499,0.999756277,0.495708048,0.546326578,-0.19455561,0.999731183,0.483032048,0.548256755,-0.190315023,0.99962163,0.527107537,0.578864217,-0.11776378,0.998380959,0.461461782,0.585910916,-0.105833277,0.996514559,0.539571166,0.474921972,-0.202538326,0.995285988,0.446651608,0.489966333,-0.181936651,0.989699662,0.552471399,0.366012186,-0.24683623,0.993008375,0.440303177,0.374491036,-0.230712205,0.983770251,0.5600124,0.345969081,-0.275793791,0.978001237,0.433659017,0.35601002,-0.2587412,0.952654481,0.555687487,0.342372805,-0.274283558,0.97659868,0.437949598,0.352650106,-0.251689613,0.949630082,0.551055312,0.349016458,-0.252055973,0.977008224,0.441556394,0.358032405,-0.234660909,0.954407573,0.523959756,0.775133491,-0.002232221,0.999597609,0.471259594,0.771181822,0.002313623,0.999643147,0.566211522,0.811032951,-0.363923848,0.991802752,0.420547783,0.795131624,-0.295261055,0.996727586,0.54821372,0.913485467,-0.157940641,0.976114511,0.433924347,0.923287511,-0.117893636,0.99281919,0.535478234,0.925664604,-0.140023157,0.943173587,0.4442963,0.940939188,-0.103894509,0.95869869,0.565930724,0.976987123,-0.225006461,0.957562268,0.410179675,0.975913405,-0.186271757,0.980379581
0,0.429959297,0.215449333,-0.090460353,0.997425854,0.437107891,0.200162902,-0.102286652,0.998004496,0.439594656,0.200737044,-0.102328137,0.998202145,0.44225198,0.201274455,-0.102359213,0.998107851,0.433993161,0.198998913,-0.072406426,0.996599615,0.434023857,0.198745072,-0.072428919,0.995606661,0.434073061,0.198424742,-0.07249935,0.995551109,0.454399884,0.213710591,-0.130677372,0.996310949,0.443843991,0.208694875,0.005547916,0.993376613,0.434316695,0.231678247,-0.099316671,0.994007289,0.430846155,0.230513781,-0.060171962,0.992040873,0.469776571,0.285792619,-0.204982951,0.998545527,0.438440263,0.282596171,0.084738791,0.988800645,0.446978867,0.160393327,-0.339169025,0.994582057,0.426396549,0.164713755,0.153010935,0.373557746,0.444593132,0.046784379,-0.39997822,0.982142508,0.418456405,0.061925139,0.099305362,0.679754019,0.452671707,0.02794713,-0.438405812,0.971061885,0.418974638,0.045244016,0.092905119,0.68112886,0.458053768,0.026417274,-0.426484883,0.968337893,0.425227314,0.04612343,0.07508146,0.679477096,0.454529047,0.032332022,-0.397953898,0.955028176,0.424745858,0.052256182,0.087058477,0.68779248,0.462902218,0.521912754,-0.098695181,0.999453008,0.437609911,0.518668294,0.09862645,0.997894466,0.463506788,0.682756245,-0.073162928,0.986214519,0.444330364,0.65868181,0.193399101,0.764183044,0.476872832,0.842520893,-0.03378414,0.991539359,0.450422943,0.785426915,0.329092979,0.828732252,0.483842045,0.866737604,-0.035143621,0.983579278,0.455612272,0.808208525,0.338143229,0.814767838,0.447243541,0.88725543,-0.144663393,0.989657283,0.416953981,0.826517999,0.281068385,0.898773253
1,0.400069565,0.473757118,-0.111612856,0.998806417,0.404414266,0.458692253,-0.121831395,0.999283254,0.406279415,0.457664996,-0.121804737,0.999279797,0.408436,0.456792325,-0.121873759,0.999446452,0.402597338,0.458662361,-0.09612345,0.998772264,0.402946293,0.457479566,-0.096117958,0.998448253,0.403394699,0.456450433,-0.096088432,0.99865371,0.422157705,0.457453191,-0.14350912,0.998950243,0.415227979,0.457376748,-0.026852351,0.998641253,0.406953871,0.48295483,-0.119255006,0.998333395,0.404207051,0.482885033,-0.085361734,0.997559011,0.443842947,0.511678338,-0.188340455,0.999397874,0.423419058,0.503440499,0.03446646,0.996360183,0.407100439,0.425177634,-0.285274446,0.991386473,0.396749198,0.420898438,0.063886255,0.588579237,0.38769722,0.321483254,-0.312740862,0.986136734,0.376392514,0.32357198,-0.000385311,0.852833688,0.387722701,0.298611075,-0.352362901,0.978030443,0.377388,0.301012456,-0.008650089,0.857931376,0.393398255,0.293327332,-0.339659393,0.974997699,0.386136532,0.300134212,-0.020726347,0.864585102,0.392820418,0.301722556,-0.310215026,0.961465597,0.384880811,0.30870682,-0.009648534,0.8603459,0.495923847,0.711659014,-0.087386623,0.999889731,0.468063772,0.689938843,0.087424949,0.999579787,0.423974812,0.721703827,-0.275610507,0.991422296,0.396586269,0.669783831,0.140479326,0.655334353,0.474759489,0.840006351,-0.101820692,0.954856336,0.446182817,0.773930013,0.193280786,0.554310083,0.489798695,0.858055949,-0.082579851,0.940532506,0.462864101,0.792812347,0.197910875,0.54430598,0.45221734,0.880986035,-0.07084354,0.946329892,0.418863595,0.816560686,0.220442459,0.628517568
0,0.413875014,0.204342857,-0.112266898,0.994747102,0.420849562,0.1905393,-0.121495523,0.995817661,0.423363388,0.191410109,-0.12155132,0.996554971,0.426213026,0.19237116,-0.121610485,0.996255517,0.417506933,0.188750818,-0.091157064,0.993655562,0.417419255,0.188331187,-0.091178238,0.992691636,0.417504251,0.18799144,-0.091240846,0.991922677,0.438389719,0.204856008,-0.142363518,0.994143486,0.427822202,0.201002806,-0.003782763,0.988633037,0.419319302,0.220283195,-0.118536413,0.986980081,0.414459646,0.218401149,-0.078701861,0.98325932,0.454071224,0.278645456,-0.222634003,0.998342037,0.425983608,0.275249392,0.082740106,0.981602848,0.436235577,0.143286362,-0.387950182,0.996558666,0.412752807,0.151889041,0.180385336,0.342028528,0.443435967,0.016730677,-0.474740833,0.982801318,0.403162658,0.036963366,0.161651209,0.669038534,0.452420622,-0.003114417,-0.51804328,0.969612002,0.399172574,0.024680734,0.161063522,0.687987924,0.455542564,-0.0044656,-0.50368154,0.965949357,0.403849065,0.024619617,0.142886907,0.685729623,0.450747907,0.00472093,-0.472775638,0.954827785,0.406555831,0.028433071,0.149879456,0.69547981,0.453115076,0.520644188,-0.106789269,0.99951309,0.432507336,0.515842378,0.10674803,0.99760592,0.457238495,0.691604853,-0.073970668,0.987476945,0.437243313,0.656731963,0.226537853,0.641865313,0.477454752,0.849343419,-0.027613526,0.986333013,0.449548393,0.775954604,0.375755012,0.69340986,0.488653809,0.871289551,-0.027291736,0.980418205,0.458552122,0.799335063,0.387127578,0.758870184,0.441415548,0.900340259,-0.127477631,0.983190417,0.410408646,0.821768284,0.339943647,0.813973129
1,0.400695652,0.475506335,-0.079117812,0.99865973,0.404639632,0.460249573,-0.089242324,0.999185383,0.406232357,0.459682494,-0.08922568,0.999166012,0.408000559,0.459253192,-0.08929795,0.999381423,0.402907759,0.460065633,-0.064221576,0.99864316,0.403159052,0.459212035,-0.064210095,0.998212337,0.40344438,0.458467573,-0.064185262,0.998519361,0.421701521,0.461658061,-0.11262957,0.998828948,0.41462788,0.461259335,0.002041593,0.998488367,0.407328993,0.486115605,-0.087459184,0.997970402,0.404569954,0.486606628,-0.054313689,0.997056723,0.445760101,0.518180668,-0.156525701,0.999329507,0.425680012,0.510103583,0.061821632,0.996341527,0.411920607,0.420496672,-0.24185881,0.993489861,0.403548717,0.42347315,0.094258577,0.55749774,0.401574075,0.317647398,-0.252009809,0.986214519,0.389710128,0.324400902,0.033628207,0.798066497,0.404212147,0.296313822,-0.286249489,0.97649008,0.393428147,0.305290401,0.025640655,0.795821965,0.41085133,0.297955275,-0.274909049,0.973637938,0.401834309,0.307414591,0.016143916,0.80460757,0.409559429,0.304815024,-0.249671221,0.961841643,0.400305599,0.314527571,0.025062984,0.802993357,0.496453524,0.725889266,-0.083411917,0.999885142,0.467826843,0.700535774,0.08341141,0.999592662,0.423330456,0.730908275,-0.272397906,0.990186512,0.396087408,0.677699268,0.15250127,0.643248737,0.473499775,0.841251016,-0.113467708,0.936555028,0.447661966,0.78235662,0.212611988,0.530094385,0.487376928,0.860927224,-0.096140169,0.924315512,0.462740719,0.796563745,0.218014508,0.524608612,0.451207876,0.871253788,-0.077691764,0.928722322,0.424335778,0.819746256,0.246229321,0.612082541
0,0.425442517,0.200152308,-0.102209233,0.993915379,0.4334535,0.190600157,-0.113150373,0.994615138,0.435932875,0.192262813,-0.113188528,0.995674551,0.438663661,0.193923593,-0.113232218,0.995607913,0.430624783,0.188148499,-0.080788143,0.991315007,0.430833876,0.188203394,-0.080799371,0.989353359,0.431253374,0.188067243,-0.080837473,0.989396691,0.449138224,0.209171459,-0.135980949,0.992854714,0.440431982,0.201065332,0.011534704,0.987957478,0.429070771,0.216670394,-0.110200025,0.983022094,0.425396919,0.214181706,-0.067833096,0.980603695,0.45788151,0.280597717,-0.221316174,0.999062896,0.43116498,0.271219105,0.090306774,0.987404168,0.443615109,0.151900366,-0.364468306,0.997480631,0.424161196,0.153100878,0.193753764,0.417155802,0.460150868,0.03201694,-0.42885223,0.986232281,0.426530987,0.03900592,0.189879656,0.702778757,0.468249083,0.02001068,-0.471886575,0.972852409,0.428825527,0.031937897,0.189221576,0.690553069,0.47110787,0.018326297,-0.46023196,0.969505012,0.435116142,0.029754201,0.17452994,0.687479019,0.467864215,0.023895754,-0.427561373,0.959298909,0.436105788,0.033125635,0.179620117,0.694747627,0.459124714,0.530071318,-0.108060755,0.999615252,0.436083794,0.525450647,0.10807357,0.998433352,0.457058489,0.699561834,-0.049254663,0.986230254,0.435266674,0.663819134,0.225783706,0.646086872,0.478898525,0.850622416,0.021824587,0.983519852,0.450393498,0.783787608,0.389736593,0.684303284,0.490020365,0.875163257,0.0252054,0.97643888,0.459222883,0.807140112,0.402739048,0.749644399,0.44233045,0.906055689,-0.075626068,0.98104322,0.411909342,0.827451169,0.356425196,0.806979656
0,0.489747763,0.102012135,-0.144987836,0.999996245,0.496379137,0.086189315,-0.122016177,0.999994457,0.500659943,0.086239591,-0.122056186,0.999993622,0.503275037,0.086416453,-0.122073248,0.999994338,0.483097225,0.086430699,-0.121684954,0.999991119,0.478928,0.087054729,-0.121642932,0.9999879,0.474495411,0.087654561,-0.121577203,0.999988139,0.508656681,0.098578319,0.002667274,0.999990702,0.470530689,0.100035697,0.002788396,0.999973714,0.498529762,0.124553323,-0.099788994,0.999990404,0.482749522,0.125334114,-0.099930368,0.999986351,0.541972458,0.224485546,0.049035199,0.999939799,0.44758907,0.224945202,0.053477425,0.9997136,0.553074896,0.35651812,-0.109999165,0.987090766,0.430730283,0.362143844,-0.098190889,0.937069178,0.56243062,0.230615303,-0.343021423,0.996155798,0.433166742,0.238748744,-0.349448442,0.980606198,0.566338181,0.21055463,-0.390965939,0.989521801,0.427476585,0.214571908,-0.399797529,0.959211648,0.567360997,0.200977013,-0.386314839,0.989037573,0.428234518,0.209470257,-0.396348506,0.957482338,0.563747525,0.208317101,-0.347841173,0.983086169,0.432723761,0.217533156,-0.35608083,0.945514083,0.524756193,0.491689891,-0.00100015,0.999798179,0.465708792,0.493530273,0.000990211,0.999738455,0.537027955,0.702938855,0.00810148,0.996683657,0.455106586,0.706807673,-0.007135788,0.996552467,0.560446978,0.890610695,0.151001185,0.994409919,0.43911466,0.897649467,0.134163141,0.996084869,0.554795623,0.913903892,0.157189831,0.885809541,0.447782189,0.922686994,0.14025405,0.909647405,0.572490335,0.966789424,0.01641557,0.990177333,0.418322235,0.962483048,0.001519086,0.991965175
1,0.495338351,0.414186299,-0.265062869,0.999979913,0.500344515,0.398909599,-0.24251017,0.999971092,0.503883481,0.398728698,-0.242531806,0.99997139,0.507122934,0.398961902,-0.242602393,0.999962747,0.487699658,0.399337292,-0.244138077,0.999963343,0.483135223,0.399698079,-0.244188383,0.999966443,0.479048878,0.400316775,-0.244180769,0.999958515,0.511829078,0.40677461,-0.137424812,0.999958575,0.47428304,0.409815967,-0.144603223,0.999949574,0.502202034,0.434369743,-0.228356391,0.999985576,0.487179697,0.435492396,-0.230615586,0.999985278,0.543582141,0.51942277,-0.098743901,0.999361873,0.446958065,0.531994998,-0.107938409,0.999439478,0.563906312,0.662306607,-0.268020213,0.971457243,0.432842106,0.672929823,-0.272404283,0.978149235,0.559552193,0.54203409,-0.469412804,0.985995114,0.437859774,0.551378906,-0.47196269,0.987048864,0.562303305,0.518515885,-0.504161239,0.963278294,0.433182299,0.523402691,-0.508361995,0.965557098,0.564403057,0.50998348,-0.479252994,0.955988228,0.43500343,0.515737474,-0.488498598,0.956118107,0.560673833,0.517541409,-0.464235783,0.920551956,0.439685911,0.524131894,-0.468833864,0.920601845,0.528578579,0.721892059,0.002268859,0.999787688,0.469157785,0.725970984,-0.002298896,0.999819934,0.579464316,0.769289374,-0.389347196,0.997123539,0.412648529,0.762191772,-0.362711787,0.996987224,0.559854627,0.897447944,-0.123287417,0.989543915,0.438304037,0.903045237,-0.124863446,0.997248888,0.548824847,0.913917601,-0.101114511,0.948182166,0.449310958,0.923380852,-0.105948605,0.974221826,0.574372888,0.96650207,-0.214599207,0.98601377,0.419106543,0.970975518,-0.225488111,0.993977189
0,0.488462269,0.089672394,-0.134761378,0.999997795,0.494653702,0.074524105,-0.114684999,0.999996245,0.499138176,0.074310534,-0.114695109,0.99999547,0.502277613,0.074287146,-0.11469771,0.999995708,0.482552379,0.075527221,-0.110635206,0.999994934,0.478524059,0.076128468,-0.110603116,0.999993443,0.474379689,0.07687366,-0.110557176,0.999993742,0.50737983,0.085291892,2.08E-05,0.999993443,0.470366895,0.089854814,0.017951954,0.999988496,0.496915877,0.110795841,-0.092555583,0.999994755,0.481697381,0.111909784,-0.087723576,0.999993205,0.539339125,0.190914512,0.029968143,0.999931097,0.446804047,0.196719989,0.069136985,0.999814808,0.563983977,0.301297456,-0.161800534,0.993731081,0.424024165,0.311823189,-0.090342708,0.970254481,0.558302402,0.16820325,-0.392773092,0.996974945,0.422725737,0.183489308,-0.334367037,0.988946736,0.559862554,0.142681748,-0.439123392,0.990767837,0.419257075,0.154273614,-0.384338111,0.971782207,0.559112966,0.13695091,-0.428968519,0.989759982,0.419737726,0.14839533,-0.375618607,0.969425261,0.555842519,0.146208152,-0.394590557,0.98331362,0.42357856,0.158543855,-0.339229405,0.958947599,0.523584962,0.481267542,-0.014826717,0.99984169,0.464584023,0.483376026,0.014738357,0.999835372,0.539136529,0.694667816,-0.027801167,0.996883571,0.44808206,0.702007532,-0.011395953,0.997696996,0.558356285,0.890601516,0.123793676,0.994853258,0.43788296,0.897771776,0.139467031,0.997088373,0.552513361,0.914042175,0.129849747,0.89631635,0.449180126,0.918359458,0.147748634,0.947773933,0.570878386,0.96733737,-0.011111889,0.991131485,0.41798529,0.964539647,0.019640114,0.993656635
1,0.498463094,0.444883257,-0.354025662,0.999989331,0.503669262,0.428397447,-0.330876529,0.999982417,0.507180274,0.428136647,-0.330891788,0.999983072,0.510237634,0.42805317,-0.330991954,0.999974251,0.491693825,0.429159671,-0.331630528,0.999980211,0.486991256,0.429544717,-0.331700265,0.999983847,0.483016789,0.430041254,-0.331686676,0.999977708,0.515127718,0.435801357,-0.215539411,0.999976575,0.477694213,0.439562231,-0.217811421,0.999977171,0.504435718,0.464000583,-0.312997371,0.999993265,0.49055928,0.465491533,-0.313799113,0.999993145,0.545126081,0.542043388,-0.166461274,0.999304771,0.447870672,0.562341034,-0.171758562,0.999551117,0.570496678,0.692901373,-0.355712503,0.962398112,0.436621815,0.712672412,-0.349853933,0.972030938,0.564975917,0.572081268,-0.575038791,0.952440858,0.437519461,0.604842007,-0.571457028,0.971073151,0.562640071,0.55414021,-0.614311755,0.901035666,0.428987086,0.574646771,-0.612187207,0.940940678,0.561368525,0.546270013,-0.586903214,0.881608903,0.429094493,0.564936042,-0.59251374,0.924793422,0.559010446,0.552462697,-0.569178164,0.793954194,0.435540766,0.571875155,-0.568941653,0.857856512,0.529855132,0.737439394,0.000702456,0.999699295,0.472142845,0.746563017,-0.000740982,0.999759614,0.582942069,0.770496786,-0.467003971,0.996232927,0.40914765,0.764233232,-0.410148442,0.995499134,0.559763134,0.896848202,-0.129300922,0.987852693,0.438527286,0.903717041,-0.116326675,0.997339845,0.549070477,0.91399622,-0.099467382,0.952553809,0.44975099,0.923479021,-0.092698708,0.976579785,0.57430923,0.967181563,-0.21809724,0.983216822,0.418519318,0.973586619,-0.219820023,0.993277133
0,0.491221994,0.086065836,-0.157418758,0.999997437,0.496953905,0.070081897,-0.136583418,0.999996006,0.501048148,0.070042089,-0.136617586,0.999994993,0.503593266,0.070226438,-0.136637002,0.99999541,0.483748347,0.070798799,-0.134190992,0.999994397,0.479421675,0.07181406,-0.134140939,0.999992371,0.475083292,0.072941251,-0.134083524,0.999993026,0.509517729,0.082276516,-0.016326418,0.999992788,0.470301718,0.087764591,-0.007135238,0.999986172,0.499921262,0.107893571,-0.113708593,0.999993682,0.484475046,0.110789016,-0.111207582,0.999991834,0.542840302,0.200536042,0.029506186,0.99993062,0.447457373,0.205089584,0.052371979,0.999797046,0.560737431,0.332241952,-0.138624489,0.991749942,0.428036928,0.33624348,-0.098503783,0.966360986,0.56683743,0.196499422,-0.369070977,0.996360123,0.425620943,0.210960135,-0.349299252,0.987150788,0.570261121,0.17372936,-0.414701849,0.98929733,0.418303788,0.183153063,-0.399599135,0.968065917,0.569548905,0.162150443,-0.408070892,0.988410473,0.418403208,0.174423561,-0.393844366,0.965979457,0.565888286,0.170956358,-0.37256375,0.981429696,0.422751427,0.184003189,-0.355420053,0.954848528,0.526259005,0.481537879,-0.007266262,0.999788761,0.468530983,0.483774513,0.007220609,0.999759257,0.53612715,0.696428597,0.007129114,0.996243536,0.452490807,0.698758125,-0.001160418,0.99681145,0.558368206,0.888062537,0.144675344,0.993749082,0.437700748,0.895509183,0.139588803,0.995928109,0.55131948,0.911732554,0.150507212,0.888494134,0.447116315,0.917810798,0.145551115,0.923855662,0.572210491,0.965394735,0.009680951,0.989046097,0.416181266,0.966473222,0.012218522,0.991455495
1,0.495973438,0.428745687,-0.307347745,0.999990046,0.500755429,0.412842721,-0.283621639,0.999986887,0.504126906,0.412564844,-0.283637375,0.999987602,0.507478714,0.412601501,-0.283719629,0.999982953,0.488409191,0.414252102,-0.285771638,0.999982178,0.483849615,0.41508165,-0.285828143,0.999984264,0.479605764,0.415962934,-0.285813749,0.999978721,0.512211323,0.422065467,-0.171887249,0.999985278,0.475166023,0.427038819,-0.18152976,0.999977231,0.503028691,0.449680626,-0.268346876,0.99999553,0.488502681,0.450954467,-0.271305501,0.999994278,0.54388696,0.533725321,-0.129000545,0.999646902,0.446554244,0.549573362,-0.140701145,0.999584556,0.572156787,0.684178948,-0.306934625,0.978078246,0.432188213,0.69493562,-0.3128497,0.980019271,0.564827085,0.561922014,-0.51881355,0.98373276,0.432690322,0.577772796,-0.526784122,0.984624922,0.567404151,0.537601531,-0.555345416,0.956122398,0.427942812,0.547225714,-0.565137088,0.962608278,0.567132175,0.529686391,-0.52751416,0.946877599,0.429894835,0.538843393,-0.545397162,0.951733589,0.564050555,0.536866009,-0.512378037,0.899552763,0.434491813,0.54700315,-0.52398169,0.90673846,0.526406884,0.731541932,0.002204338,0.999817371,0.468104511,0.738420427,-0.002248447,0.999822736,0.579676092,0.762298942,-0.431329727,0.997034848,0.408821344,0.766528487,-0.387655079,0.996220827,0.560154378,0.894642651,-0.132132083,0.990483165,0.437241495,0.901810944,-0.116245113,0.9970873,0.54935348,0.913038194,-0.104305744,0.956500828,0.448424727,0.921359599,-0.093519606,0.974534631,0.574845254,0.965359092,-0.223058864,0.987168789,0.418271005,0.972296894,-0.217081621,0.993536651
0,0.490444362,0.08031632,-0.147015333,0.999997616,0.496099949,0.066146955,-0.126664892,0.999996006,0.500073075,0.065527119,-0.126681954,0.999995232,0.503489912,0.065219246,-0.126689345,0.99999547,0.484877408,0.068208821,-0.12299794,0.999994636,0.480901003,0.069187969,-0.122961737,0.999993026,0.476930052,0.070238985,-0.122915581,0.999993086,0.50832665,0.07625214,-0.007912716,0.999993324,0.471955478,0.08249262,0.008762298,0.999987304,0.497981459,0.101705551,-0.103172362,0.999994338,0.483340561,0.103262417,-0.098604918,0.999991953,0.543585002,0.180658579,0.028617715,0.99992764,0.447180271,0.193185553,0.055945415,0.999802291,0.570887029,0.29983142,-0.169953421,0.993793428,0.429988325,0.312210113,-0.113294378,0.966806352,0.566435218,0.161923826,-0.411703646,0.996849537,0.430028021,0.173521101,-0.362914324,0.989250839,0.566761136,0.134971127,-0.459650189,0.99039197,0.427459896,0.146216378,-0.414168268,0.973935843,0.564871073,0.129910618,-0.449574858,0.989317596,0.427938372,0.140477195,-0.405696481,0.97175312,0.561994851,0.13891241,-0.413946331,0.982487202,0.431601226,0.1507826,-0.36806637,0.960694611,0.527609468,0.479345948,-0.012890039,0.999836683,0.466593087,0.479381263,0.01282493,0.99984324,0.541291773,0.696249843,-0.023373377,0.997120202,0.448311508,0.70116359,-0.00718438,0.997993469,0.561133265,0.893733621,0.125239566,0.995060623,0.437562853,0.899047852,0.144597262,0.997546256,0.553344846,0.916787207,0.131378129,0.918273985,0.449346364,0.919630766,0.152134597,0.952881694,0.573505878,0.968732953,-0.009986245,0.991595626,0.416785717,0.967206061,0.021547407,0.99435395
1,0.5110659,0.157464921,-0.423054308,0.999942303,0.517849207,0.133112922,-0.390329003,0.999896169,0.522487998,0.133060485,-0.390399128,0.999902844,0.526940942,0.13289997,-0.390537828,0.999824584,0.500822544,0.134015456,-0.398138702,0.999899864,0.492794603,0.134499937,-0.398253411,0.999922454,0.485937297,0.135366961,-0.398272783,0.999884903,0.531123281,0.142767042,-0.225985378,0.999841213,0.475461096,0.147040814,-0.260952443,0.999916077,0.518658996,0.18851307,-0.364255816,0.999971211,0.499874204,0.19053866,-0.37453261,0.999978364,0.574447393,0.314446658,-0.1491061,0.997949779,0.428956419,0.323475957,-0.181822598,0.999544024,0.612183511,0.531470358,-0.383274943,0.880818546,0.403984785,0.546187222,-0.383389711,0.96473521,0.607947648,0.382136106,-0.725883901,0.855785012,0.4054977,0.40729481,-0.684963942,0.96884191,0.613461614,0.367123961,-0.784045279,0.791980505,0.397803068,0.378906369,-0.738935113,0.948615849,0.613951147,0.355948597,-0.758323729,0.764377713,0.402523696,0.363730192,-0.728025496,0.939233661,0.608351052,0.359125644,-0.723957062,0.642916024,0.407721817,0.369611651,-0.686554074,0.887795627,0.552240789,0.606360555,0.000863518,0.9991467,0.465884298,0.611921191,-0.000748502,0.999596894,0.625496328,0.618531346,-0.570479393,0.994269133,0.380640775,0.619449675,-0.5612638,0.992969275,0.60177511,0.853558779,-0.22896421,0.984358966,0.400277078,0.861003816,-0.229700565,0.995818079,0.584786892,0.887313247,-0.203763366,0.954966307,0.416495174,0.898679435,-0.205917433,0.981818914,0.6272071,0.950610697,-0.382683814,0.975708663,0.35995838,0.945018947,-0.393718958,0.989241838
1,0.38576287,0.156857178,-0.175102592,0.999937892,0.398884118,0.133663267,-0.195628121,0.9999668,0.403385311,0.133125395,-0.19562903,0.999974608,0.408248276,0.132868215,-0.195719093,0.99997133,0.39374429,0.132961184,-0.150620252,0.999947309,0.394095659,0.132086828,-0.150734663,0.999958217,0.394690752,0.131024837,-0.150691465,0.999952078,0.431049585,0.142883614,-0.225434929,0.999967694,0.418989271,0.139056161,-0.029439118,0.999949276,0.397868067,0.184780806,-0.185936555,0.99996382,0.39216572,0.18236351,-0.129218668,0.999947369,0.477186024,0.319811314,-0.299067855,0.999860108,0.413126081,0.295978785,0.091189809,0.999365926,0.416274726,0.52718854,-0.285899252,0.958931386,0.345538467,0.423874676,0.009324057,0.235073224,0.336839139,0.406205595,-0.139172763,0.970934033,0.324113697,0.392287284,-0.228827,0.328020424,0.312236488,0.382266402,-0.166132197,0.958714545,0.301525891,0.353345156,-0.250583202,0.32129997,0.328675687,0.363488019,-0.16859147,0.958018243,0.333444148,0.353903085,-0.257426471,0.330949366,0.342444479,0.369878769,-0.136003748,0.938879669,0.348360449,0.364690661,-0.239599898,0.327818125,0.575195372,0.596771836,-0.105502024,0.999967039,0.515444517,0.56673646,0.10564699,0.999896884,0.458096981,0.610836565,-0.433020979,0.985612273,0.411352217,0.512281954,0.055431187,0.454411834,0.515604377,0.8671242,-0.28623879,0.962131977,0.466184467,0.72546351,0.205891967,0.536606789,0.54119575,0.908355474,-0.270832479,0.920467436,0.488688648,0.747006655,0.219771296,0.612594604,0.457883209,0.936039805,-0.353814721,0.956140041,0.407673061,0.793961227,0.181052834,0.68432045
0,0.507622063,0.111638539,-0.338262916,0.999990046,0.512953639,0.095026389,-0.317477643,0.999982238,0.516924679,0.095558263,-0.317514449,0.999978423,0.521009505,0.096368104,-0.317528546,0.999978065,0.500566065,0.094481766,-0.318386555,0.99998045,0.49569869,0.095003136,-0.318427116,0.999977171,0.491310775,0.095749021,-0.318407536,0.999978364,0.525339305,0.108097203,-0.176862866,0.999963462,0.485697418,0.107246406,-0.181647778,0.999957681,0.514750004,0.135396391,-0.2851004,0.999984264,0.499017388,0.134587213,-0.286592394,0.999982893,0.560174108,0.230152398,-0.086074293,0.999909699,0.452765524,0.229019701,-0.06915585,0.999902248,0.584525585,0.372009873,-0.174078554,0.945604146,0.444258362,0.381039143,-0.134016186,0.909016192,0.585693479,0.338590354,-0.465132654,0.950089455,0.431822211,0.361838162,-0.417108864,0.950855792,0.58578068,0.328340292,-0.523202896,0.929381192,0.425971329,0.361381441,-0.471869797,0.936093867,0.58335793,0.309277266,-0.539962709,0.933767915,0.425806582,0.341564178,-0.492700428,0.93952781,0.581098318,0.310988873,-0.478352964,0.909615219,0.429635674,0.340239853,-0.432014465,0.922517002,0.545325696,0.48926717,-0.005063402,0.99968648,0.483419597,0.496059835,0.005006979,0.99974978,0.55969733,0.706948161,-0.059790265,0.997709215,0.458440244,0.711353064,-0.037860192,0.998350203,0.570571721,0.898634076,0.138467431,0.997112095,0.451982647,0.903761268,0.152984604,0.998136163,0.562707424,0.920785427,0.147705153,0.939610302,0.463492543,0.93002516,0.16112189,0.952066183,0.585591435,0.974332273,-0.010426012,0.99402833,0.425804555,0.970753908,0.011284804,0.995658278
1,0.515578568,0.41343388,-0.150177956,0.999985933,0.51971668,0.398558646,-0.129595861,0.999971688,0.522509933,0.398123115,-0.129616112,0.99996686,0.525071263,0.398040265,-0.129660651,0.999963522,0.509703994,0.398966819,-0.135974675,0.999968946,0.505844951,0.398428559,-0.135999367,0.999965787,0.501923203,0.397674441,-0.135981292,0.999964178,0.526235461,0.40290159,-0.024021514,0.999959767,0.492837667,0.400904179,-0.054136984,0.999964833,0.519658208,0.43010658,-0.11142306,0.999985576,0.508484423,0.430010945,-0.120145842,0.999988616,0.54926157,0.48753354,0.001980192,0.999977231,0.450845897,0.478776723,-0.00633235,0.999947965,0.569591045,0.577163339,-0.0814142,0.979116678,0.431814343,0.585283339,-0.084072039,0.984778523,0.578406453,0.580961764,-0.270014793,0.990174651,0.420518011,0.585129142,-0.272205114,0.992685139,0.581059337,0.583003342,-0.30945456,0.982877076,0.411913782,0.588074386,-0.308663517,0.987892628,0.575946093,0.570559263,-0.312192857,0.982952774,0.416703552,0.576112628,-0.32013613,0.988416612,0.572819114,0.570600569,-0.275283754,0.974158406,0.423398972,0.574789107,-0.281481475,0.983199835,0.539519548,0.706221521,0.001495303,0.999609232,0.475740343,0.710401177,-0.001421895,0.999751866,0.593274534,0.776049614,-0.272103041,0.998256385,0.421085298,0.764121592,-0.277167052,0.998815417,0.570419133,0.902559817,-0.035146676,0.991401732,0.450113475,0.907090187,-0.05853907,0.99742949,0.556463718,0.918013513,-0.015406636,0.947230518,0.463138491,0.926902175,-0.041039102,0.975989819,0.588389277,0.976962507,-0.099752352,0.983139038,0.429110438,0.975658357,-0.130463138,0.99318707
0,0.511397958,0.085437968,-0.155317992,0.999995947,0.518178523,0.070701875,-0.131717056,0.999992907,0.522628665,0.071026325,-0.13180384,0.999991357,0.526429296,0.071673021,-0.131817192,0.999991179,0.504853249,0.070515364,-0.130689487,0.999991655,0.499962389,0.071003467,-0.13068302,0.999989986,0.495563328,0.07171575,-0.130621344,0.999990642,0.531408966,0.082677536,-0.008971509,0.999985576,0.491121948,0.082641222,-0.004606803,0.999980807,0.51893127,0.110226087,-0.111362182,0.999992728,0.503076792,0.109904669,-0.110124864,0.999992192,0.563519299,0.22350952,0.028631721,0.999937296,0.458149105,0.222601801,0.06071363,0.99990499,0.570713758,0.36253649,-0.062506072,0.94172585,0.453255832,0.372121304,-0.00136928,0.86862725,0.582165182,0.359715998,-0.298722774,0.961854279,0.442059129,0.375387728,-0.240322918,0.941466033,0.587243319,0.36146301,-0.352793425,0.949527323,0.438800186,0.380537838,-0.293568671,0.929618537,0.584403336,0.348314583,-0.378410727,0.952906132,0.43813172,0.362403601,-0.316951334,0.934441268,0.581389487,0.345687509,-0.315614551,0.934877872,0.440780818,0.358655035,-0.257033885,0.91911006,0.541743875,0.501338303,-0.007890975,0.999807358,0.479205549,0.500365794,0.007903291,0.9998281,0.547445595,0.707470715,-0.013369896,0.997101009,0.466196597,0.713855386,-0.002838867,0.99809444,0.56919086,0.897487044,0.148842633,0.996055782,0.451933682,0.904117167,0.153461739,0.997583389,0.562738419,0.919948936,0.155966312,0.92272079,0.462236315,0.926202416,0.159954265,0.943595707,0.58392489,0.976342678,0.015114929,0.99154067,0.428799301,0.973607719,0.023316149,0.994155169
1,0.516990483,0.414159387,-0.215287998,0.999992967,0.521433711,0.397482544,-0.196373388,0.999985814,0.524572611,0.398100287,-0.196388036,0.999984622,0.527434409,0.398715436,-0.196447805,0.999980628,0.511239648,0.395192474,-0.200276181,0.999984682,0.507018685,0.394178182,-0.200305462,0.999984562,0.502682328,0.393352836,-0.20027867,0.999982476,0.529613674,0.40609929,-0.089167997,0.999980867,0.493402183,0.400850922,-0.106915355,0.999985397,0.520999134,0.432243139,-0.175445929,0.999993324,0.509218752,0.431478381,-0.180628091,0.999994934,0.554772198,0.497423947,-0.038941085,0.999973238,0.456678063,0.497525096,-0.044941265,0.999951839,0.579146683,0.604353607,-0.123106025,0.97939086,0.438373327,0.618145645,-0.124433935,0.984672248,0.587153018,0.592600703,-0.33266744,0.988204837,0.429766119,0.602983177,-0.329509377,0.992729664,0.590887189,0.598234653,-0.373660475,0.97942847,0.420658678,0.605317712,-0.368041337,0.987875283,0.586464763,0.581277072,-0.376555979,0.979483366,0.425380856,0.589121699,-0.376949847,0.988248885,0.583701789,0.578470051,-0.338153005,0.968304276,0.430554241,0.587147415,-0.337245643,0.982106805,0.542051613,0.709445953,0.001195678,0.99965024,0.480640829,0.713393569,-0.001090734,0.999773324,0.596455991,0.758882225,-0.315344155,0.998351574,0.423433602,0.752476513,-0.305887401,0.998851895,0.570975363,0.90234679,-0.093315288,0.993598342,0.449502856,0.905399978,-0.09844774,0.997716546,0.556802869,0.919428706,-0.076570347,0.960606277,0.461863995,0.928876817,-0.082873806,0.981010973,0.590022922,0.975217164,-0.175704539,0.98607105,0.428013742,0.974158168,-0.184373081,0.993561745
0,0.511174798,0.090446979,-0.143082708,0.999990761,0.517830253,0.075693145,-0.118902802,0.999983549,0.522129834,0.075863771,-0.118977472,0.999979496,0.525124192,0.076371759,-0.118991628,0.999980092,0.504993439,0.075457148,-0.119019412,0.999981761,0.500103831,0.075360492,-0.119010851,0.999978304,0.495639741,0.075854443,-0.118955076,0.999980211,0.529908061,0.088620491,0.00434287,0.999963939,0.490016043,0.089249142,0.003061226,0.999957979,0.517979681,0.115492001,-0.099081159,0.999982893,0.502685368,0.114457883,-0.099447496,0.999982178,0.562353671,0.22318691,0.046041947,0.99992156,0.456896722,0.227427885,0.06578853,0.99989295,0.573692441,0.359614998,-0.057946783,0.939719021,0.454639673,0.373397142,-0.005955803,0.876525342,0.584272683,0.361424774,-0.287549108,0.955613554,0.443121135,0.372880906,-0.23640123,0.939146936,0.588556349,0.3661488,-0.342024952,0.938001215,0.441980928,0.381230175,-0.28994742,0.923171997,0.58666718,0.350986302,-0.36261341,0.942100406,0.44121775,0.359127223,-0.311267763,0.927356899,0.583530009,0.34771511,-0.303766549,0.922116101,0.442961752,0.355024189,-0.251544088,0.909777403,0.544925094,0.500249207,-0.004710176,0.999773741,0.482900232,0.501523435,0.004732012,0.999784589,0.548352182,0.706463873,-0.010627252,0.996526122,0.4684425,0.712753236,-0.010326471,0.997513592,0.570419431,0.896790981,0.13452062,0.995213866,0.450220972,0.900072813,0.144390613,0.996811211,0.563283503,0.922688782,0.139846712,0.912795603,0.460598946,0.923280358,0.150703639,0.927581787,0.586834788,0.973928809,-0.002266791,0.989826798,0.427890688,0.971887052,0.01259695,0.992661476
1,0.517921031,0.433543444,-0.23539789,0.999991119,0.522782087,0.417127788,-0.21484974,0.999984443,0.526063085,0.417162776,-0.214861467,0.999984622,0.528941691,0.417694718,-0.214928225,0.999978364,0.511519194,0.418073177,-0.216717452,0.999983013,0.506715894,0.418952256,-0.216751546,0.999984682,0.502420783,0.419889539,-0.216728136,0.999980748,0.533823609,0.427651674,-0.107986905,0.999977231,0.495107412,0.429295421,-0.115360893,0.999983549,0.523846269,0.455186725,-0.196522281,0.999993563,0.510447085,0.455422759,-0.198796377,0.999994218,0.567546248,0.535331488,-0.063826784,0.99985981,0.463565648,0.529550016,-0.06288667,0.999881923,0.583969176,0.650266409,-0.174246714,0.95395267,0.438858807,0.640613139,-0.158678696,0.969424188,0.589117408,0.63497746,-0.398470938,0.964325905,0.435114801,0.645706236,-0.370621145,0.976126909,0.592278898,0.641844451,-0.443979323,0.952137113,0.427272022,0.652557731,-0.413121849,0.965869665,0.58736223,0.624072373,-0.445978343,0.951664805,0.433160365,0.638579905,-0.421477556,0.96531266,0.584017217,0.619074404,-0.405568451,0.924839497,0.439546108,0.635107338,-0.378704697,0.947777748,0.547400892,0.732263029,-0.000252712,0.999575198,0.484445423,0.736255229,0.000363987,0.999731004,0.595218301,0.755299985,-0.344566226,0.99713546,0.421009451,0.751266062,-0.301057816,0.997237206,0.572092831,0.901768327,-0.126654029,0.991592467,0.449967057,0.903982103,-0.094536208,0.995897651,0.55922091,0.919855356,-0.11058154,0.959979057,0.462989271,0.927116215,-0.079236858,0.979250431,0.588649154,0.975742936,-0.218127534,0.980718434,0.426526845,0.972462654,-0.184787482,0.987671733
0,0.509263337,0.087234363,-0.201369196,0.999993801,0.516601384,0.072692662,-0.178223714,0.999987841,0.519585013,0.073800571,-0.178296477,0.999985397,0.522789657,0.074743293,-0.178300649,0.999984324,0.50327003,0.071401663,-0.178389668,0.999986708,0.498704195,0.071439557,-0.17836903,0.999984264,0.494740069,0.071805745,-0.17831628,0.999984562,0.528143346,0.086957045,-0.047002051,0.999978304,0.489273369,0.084842518,-0.049122527,0.999972165,0.517857015,0.113573097,-0.153648466,0.999991536,0.500607073,0.111929759,-0.154211029,0.99999094,0.560352743,0.221014172,0.015884269,0.999948204,0.456074148,0.219040617,0.034540202,0.999934077,0.576105237,0.363652796,-0.065239444,0.964519739,0.450351179,0.364843577,-0.029709706,0.913570583,0.585004687,0.348107457,-0.327249557,0.967519283,0.440306127,0.359192401,-0.29485482,0.966312647,0.588863552,0.345024735,-0.384685904,0.94972235,0.437604845,0.361487538,-0.350158036,0.953676879,0.587334156,0.327795088,-0.406620026,0.952785552,0.436746657,0.338459492,-0.371853799,0.956070065,0.584660709,0.325797558,-0.343010962,0.934231222,0.438902199,0.336159378,-0.310578674,0.941842437,0.543269515,0.488248289,-0.00336809,0.999734521,0.480775058,0.491812974,0.003411477,0.999784112,0.550109148,0.704315841,-0.012698965,0.997897387,0.464176416,0.705821455,-0.013657724,0.998541951,0.569805503,0.898415148,0.147704676,0.996990502,0.451089948,0.902654588,0.140479714,0.998251975,0.563303292,0.921703756,0.153656781,0.942472041,0.462558448,0.926217735,0.14446339,0.96093154,0.586743951,0.976088703,-0.000181456,0.993784547,0.427510113,0.971677303,-0.004867618,0.995665014
1,0.417857409,0.423088253,-0.097750589,0.999418318,0.425041974,0.407478541,-0.116061211,0.99958396,0.427148908,0.407580048,-0.116105631,0.999641716,0.429574072,0.407659829,-0.116164468,0.9996472,0.423351198,0.406931341,-0.080803417,0.999334455,0.424015194,0.40662095,-0.080805227,0.999447763,0.424803019,0.405974954,-0.08078789,0.999545991,0.444154829,0.418333888,-0.152718395,0.999307156,0.438924849,0.414417267,0.004284663,0.999497533,0.42383045,0.442683399,-0.110534832,0.999354601,0.421515793,0.442489445,-0.065183714,0.999138296,0.466118187,0.535028696,-0.227529883,0.999136269,0.434479713,0.514039814,0.092194103,0.996875107,0.377718031,0.58903414,-0.286816359,0.970575869,0.361576825,0.558359921,0.119867489,0.432390332,0.295492709,0.570674598,-0.29815346,0.974818885,0.287630051,0.542466283,0.032807294,0.598585427,0.273989499,0.569111109,-0.348769009,0.966901839,0.268638879,0.542335331,0.028904643,0.598023057,0.273642361,0.555535376,-0.335135251,0.965392113,0.271511406,0.535236239,-0.006970941,0.625916481,0.280414879,0.557036996,-0.295253336,0.944558024,0.277527094,0.534406841,0.014121075,0.639294147,0.541853547,0.775941193,-0.097254544,0.999858439,0.507240534,0.739484727,0.097388998,0.999505103,0.44266963,0.792090714,-0.34037739,0.988237739,0.406913996,0.72057265,0.146803483,0.46837309,0.498833001,0.958332241,-0.17030248,0.961852491,0.461408287,0.850444198,0.256766051,0.536908209,0.513678908,0.968341887,-0.149542138,0.931009531,0.478526652,0.856291294,0.268880457,0.617727339,0.479046255,1.009981632,-0.159554482,0.943617225,0.435549736,0.916827738,0.268926501,0.641990483
0,0.446466923,0.10155879,-0.117307201,0.99899739,0.455381006,0.081391193,-0.141384587,0.998836279,0.458355367,0.082177609,-0.141431674,0.99883157,0.461865902,0.083236583,-0.141511559,0.998989344,0.451970488,0.079451278,-0.102809153,0.998536348,0.451977015,0.078724794,-0.102762565,0.998511195,0.452076763,0.077933654,-0.102737688,0.998857439,0.478805542,0.10032586,-0.182906851,0.998430192,0.467268318,0.093168631,-0.013656425,0.997784197,0.451465428,0.126886785,-0.129135028,0.998718202,0.447556168,0.125012532,-0.08016251,0.998298109,0.496359974,0.233562633,-0.241119385,0.999482989,0.463860124,0.217507169,0.109529339,0.998594105,0.50430882,0.407435149,-0.176756233,0.966919005,0.453919798,0.362020493,0.077541448,0.147853345,0.430037916,0.383798629,0.022790752,0.877862394,0.417315483,0.359178215,-0.090657517,0.234126553,0.414235741,0.381244838,0.019382268,0.810096443,0.405857146,0.362810761,-0.112557888,0.248241961,0.415941387,0.356919438,0.024113338,0.809683681,0.404052913,0.34667182,-0.135583565,0.259932846,0.420612335,0.355368584,0.032747131,0.769483328,0.409470737,0.34430024,-0.108379804,0.261282921,0.483109623,0.525627732,-0.098812863,0.998758972,0.453330666,0.522953212,0.098804064,0.998112559,0.494384766,0.750099123,-0.042678989,0.975008607,0.462075889,0.726576567,0.229819894,0.772595406,0.508831084,0.948999882,0.03693255,0.984862149,0.467724383,0.891042054,0.391359985,0.875225008,0.511944771,0.971297801,0.038481064,0.958849609,0.478459537,0.926011205,0.402456194,0.831354558,0.479746103,0.999599636,-0.073990747,0.983036101,0.414124787,0.933832705,0.355501771,0.92937535
1,0.428628445,0.407120347,-0.096128784,0.99965775,0.438805521,0.394133449,-0.112684153,0.999679446,0.441111624,0.394634336,-0.112730466,0.999714494,0.443630934,0.395269901,-0.112777792,0.999725401,0.436698049,0.39349848,-0.079305127,0.999561191,0.437277973,0.393522739,-0.079323292,0.99963069,0.437935203,0.393172443,-0.079286411,0.999705374,0.456507057,0.408698052,-0.146368816,0.999484956,0.450516164,0.403288662,0.001738,0.999651909,0.432601064,0.428713948,-0.108182646,0.999574721,0.430054367,0.427540541,-0.065092698,0.999446988,0.474120319,0.528724313,-0.22092846,0.999471724,0.442624241,0.507532179,0.087117918,0.997904062,0.380831063,0.579360604,-0.281746745,0.970567405,0.370945722,0.553068578,0.106885597,0.430193722,0.302152663,0.563966811,-0.297399819,0.972760022,0.298658341,0.541998208,0.022447534,0.56793493,0.281114399,0.56429106,-0.349031031,0.96466732,0.279770076,0.530104339,0.018978909,0.563757062,0.281956673,0.546578348,-0.333286941,0.962990046,0.282627404,0.525164723,-0.016148327,0.591371,0.289120138,0.548227489,-0.294304252,0.939700246,0.288149953,0.53072089,0.0040234,0.602652371,0.549967647,0.760327816,-0.095071651,0.999835432,0.515511513,0.727278829,0.095166191,0.999506891,0.45571813,0.752617836,-0.317534268,0.992005348,0.413951099,0.704455078,0.105719507,0.635986984,0.501054585,0.956081212,-0.173132136,0.983716786,0.461668104,0.878354371,0.212152049,0.726572692,0.513424516,0.974362671,-0.15793398,0.956237495,0.476811081,0.893225014,0.222274378,0.762175798,0.472526073,0.987846792,-0.198458329,0.973855257,0.420548618,0.922787964,0.208678052,0.803120375
0,0.447675467,0.102559462,-0.094423033,0.998050451,0.455590725,0.082323603,-0.120843612,0.997737348,0.457954168,0.082675733,-0.120892778,0.997748673,0.461073011,0.083127692,-0.120948806,0.998080909,0.45325923,0.081186228,-0.08011812,0.997254431,0.453461945,0.080623254,-0.080111079,0.997092605,0.453702778,0.08002726,-0.080118909,0.99769187,0.479669958,0.097713493,-0.173750192,0.996888757,0.470611244,0.093402356,0.00500117,0.995055735,0.453356743,0.12698096,-0.110448673,0.997617364,0.450090349,0.125954494,-0.058971994,0.996497154,0.496583998,0.227964908,-0.244648054,0.999286532,0.473062128,0.214463532,0.127513945,0.997991979,0.48132363,0.395411164,-0.169086114,0.964146793,0.447956473,0.34542346,0.074256733,0.203064144,0.408342779,0.358982712,0.047872584,0.890471399,0.404913247,0.334608197,-0.127883404,0.322115898,0.397032917,0.35332936,0.045829374,0.840014338,0.39380762,0.333102494,-0.151775166,0.329024196,0.399857342,0.328531355,0.046471693,0.840742707,0.396498621,0.322118044,-0.17000173,0.344361335,0.403770685,0.329186231,0.056365889,0.797428489,0.401023716,0.32231304,-0.144282803,0.343952537,0.486669958,0.525053382,-0.103713647,0.998851001,0.46341747,0.52209568,0.103662111,0.998178899,0.496079832,0.750316858,-0.04424059,0.972950876,0.461242288,0.723330498,0.224001974,0.746530831,0.509351492,0.953232408,0.040163137,0.986759067,0.468485504,0.889695287,0.371580422,0.862070501,0.511939168,0.973792434,0.04334446,0.964091301,0.478573143,0.926504195,0.381484687,0.818915904,0.481928289,0.996373773,-0.049581498,0.985704064,0.416229099,0.932454824,0.341576934,0.925651133
1,0.424258888,0.440045387,-0.077769212,0.999673963,0.434009612,0.425867975,-0.096641466,0.999744833,0.436353028,0.426712722,-0.096710213,0.999786496,0.438965321,0.42761454,-0.096779227,0.999784708,0.431759417,0.424446195,-0.0617445,0.999604166,0.432274729,0.424229652,-0.061726712,0.999683201,0.432918936,0.423730075,-0.061693609,0.999733686,0.452282816,0.440067798,-0.137700781,0.999612331,0.446110487,0.434409559,0.019519392,0.999721229,0.429113001,0.46064049,-0.091882244,0.999639332,0.426174492,0.459831655,-0.046959188,0.999518931,0.472052008,0.562440157,-0.209620476,0.999471545,0.440472782,0.530918717,0.107983254,0.998161197,0.384137452,0.636033356,-0.25737071,0.966008365,0.369887024,0.574728966,0.136761576,0.464100718,0.305324733,0.622943282,-0.259375155,0.979883015,0.304509431,0.587656319,0.05374549,0.671327829,0.284297585,0.630658805,-0.308092356,0.973830819,0.2833758,0.585228801,0.052229367,0.656200588,0.282874346,0.614720762,-0.292738646,0.972372234,0.284059137,0.578579843,0.015392797,0.68402648,0.289864033,0.612371206,-0.25568682,0.953462303,0.291067481,0.581896365,0.035112526,0.692856014,0.546534538,0.795506179,-0.092856608,0.999894917,0.517161131,0.7541731,0.093059428,0.999563217,0.453640938,0.764445007,-0.304200947,0.989790261,0.416132122,0.707927704,0.17478025,0.491950512,0.497680247,0.955203593,-0.147015527,0.969359815,0.466472208,0.865198612,0.292770505,0.587662339,0.514190316,0.973094761,-0.128276452,0.9397012,0.482541472,0.867484033,0.305107653,0.676468313,0.471796036,0.996060967,-0.140157178,0.956809938,0.431524456,0.91938293,0.313506663,0.708997726
0,0.446397454,0.102604933,-0.090283856,0.999955714,0.454848707,0.083420545,-0.112102948,0.999958038,0.458304107,0.084180422,-0.112092696,0.999956727,0.462263882,0.085042559,-0.112087965,0.999952316,0.450256586,0.081676461,-0.076171085,0.999955773,0.449971855,0.081177674,-0.076201901,0.999950767,0.449824274,0.08070454,-0.076212339,0.999956012,0.477371365,0.097968787,-0.150067583,0.999950349,0.465546757,0.092774436,0.00934859,0.999905646,0.451010048,0.127684325,-0.101025105,0.999933064,0.446982682,0.124779455,-0.05518011,0.999914467,0.485622257,0.226534888,-0.218302414,0.999724507,0.452258021,0.211251259,0.123904288,0.999616563,0.43466574,0.349936157,-0.193327218,0.967304349,0.40848881,0.317913145,0.018068967,0.436690778,0.402934402,0.230477422,-0.026662171,0.921531618,0.381370127,0.228660971,-0.23261337,0.693334341,0.394760281,0.206839472,-0.030768419,0.891880393,0.366299093,0.205993295,-0.2624304,0.665368497,0.404673278,0.196797162,-0.034322895,0.89168936,0.370153546,0.203435257,-0.265898228,0.664956391,0.407706082,0.206123203,-0.021635149,0.853429317,0.376900852,0.212954119,-0.244132683,0.638528824,0.473685682,0.491979122,-0.10756018,0.99956888,0.442992061,0.490178436,0.107442699,0.999599695,0.484257758,0.709835291,-0.118226767,0.990835011,0.453479111,0.686101437,0.246217757,0.855292857,0.495894343,0.913533211,-0.111626998,0.996247232,0.456015348,0.834398746,0.418257475,0.936315238,0.506750703,0.947107196,-0.1176975,0.970165431,0.466419995,0.86235106,0.431134135,0.889972389,0.455247939,0.968019962,-0.236225292,0.996357203,0.406277984,0.874190748,0.386861622,0.977549255
1,0.409483105,0.393475354,-0.118202761,0.99998337,0.418704033,0.380435348,-0.131912455,0.99999088,0.421418488,0.38100934,-0.131891251,0.99999243,0.424412251,0.381456584,-0.131960541,0.99999088,0.415503502,0.379090965,-0.099864624,0.999985158,0.415693343,0.378689617,-0.099917464,0.999987185,0.415954292,0.378224492,-0.099881463,0.999986053,0.438631207,0.39515534,-0.151762128,0.999990046,0.429506242,0.388603181,-0.009515543,0.999982953,0.416261852,0.416544139,-0.125395671,0.999985337,0.411169142,0.41318661,-0.084921762,0.999977946,0.459906876,0.520134807,-0.212136224,0.999889374,0.420785964,0.502591014,0.076784648,0.999683857,0.407161713,0.644114196,-0.202131063,0.976428509,0.378048033,0.587701023,-0.006145887,0.450946033,0.373728484,0.526792049,-0.08447852,0.955933332,0.355705798,0.509920776,-0.19874084,0.485306025,0.360373348,0.501466453,-0.101200029,0.932835579,0.346168578,0.487615496,-0.216387272,0.447224259,0.374939263,0.491588563,-0.100488544,0.931783199,0.359824717,0.482064813,-0.214084312,0.447014242,0.381479144,0.499237031,-0.080885448,0.903888702,0.368881762,0.490766019,-0.20364885,0.432585537,0.521980107,0.730996609,-0.090846688,0.999983788,0.4842906,0.707786858,0.090852231,0.999966919,0.430513084,0.752582192,-0.302973568,0.99411875,0.399889052,0.692626119,0.116748787,0.655286372,0.49017635,0.914744496,-0.175413102,0.986569464,0.453386962,0.833028138,0.236850619,0.709711373,0.507818639,0.943477094,-0.159968644,0.96335578,0.469350636,0.842233717,0.248871133,0.739943206,0.455797821,0.975171685,-0.193609983,0.982498825,0.409873337,0.875973105,0.246221185,0.786226988
0,0.446715176,0.090262972,-0.077234529,0.99995935,0.455197632,0.074721575,-0.097613677,0.999969661,0.458643138,0.074944988,-0.097603574,0.999969423,0.462726116,0.075142153,-0.097593218,0.999968529,0.450392246,0.073861606,-0.061877765,0.999965131,0.450065911,0.073463537,-0.061924361,0.999959052,0.449829042,0.073040515,-0.061946638,0.999964476,0.478208929,0.088755101,-0.133865789,0.999959171,0.465849817,0.085102059,0.024243152,0.999929607,0.450915426,0.113400392,-0.087439187,0.999934494,0.446900785,0.110378012,-0.041919254,0.999922156,0.485692829,0.20889467,-0.212958649,0.999784589,0.45892325,0.202260479,0.145279318,0.999562562,0.421328694,0.298226297,-0.204842374,0.972245514,0.39476794,0.283197433,0.049236227,0.546928227,0.391838849,0.178991422,-0.054225136,0.934931636,0.37120682,0.184561923,-0.20860891,0.741785944,0.387825549,0.151312336,-0.064581148,0.909925997,0.37090072,0.159266785,-0.239564776,0.69416064,0.39890179,0.146333054,-0.070582353,0.910472095,0.380518734,0.156601429,-0.239071533,0.69133544,0.399804771,0.154541075,-0.050967664,0.87317729,0.380515844,0.165650234,-0.218263298,0.663823307,0.477451801,0.485509753,-0.114315592,0.999846041,0.450845629,0.483873457,0.11413534,0.999815345,0.481030852,0.705160201,-0.101455249,0.989265025,0.452704102,0.674009442,0.250559539,0.794735193,0.494849265,0.909517586,-0.075366504,0.995879292,0.456390917,0.833668113,0.412380069,0.89421016,0.508411884,0.948552787,-0.079382844,0.977041543,0.462874323,0.857663214,0.424828678,0.857108951,0.453760803,0.968300879,-0.19414854,0.995796084,0.405860513,0.872977197,0.384247988,0.956328213
1,0.400311559,0.428236932,-0.111089922,0.999984205,0.41033563,0.412323713,-0.126219481,0.999991179,0.412944168,0.412909359,-0.126192704,0.999992669,0.415946096,0.413521111,-0.126262918,0.999991775,0.407064348,0.411270976,-0.092397355,0.999986827,0.407245696,0.41102457,-0.092447259,0.999988139,0.407568604,0.410590798,-0.092409164,0.999987006,0.431204617,0.427401364,-0.14974618,0.999990106,0.4230178,0.42210719,-0.002374942,0.999981642,0.40724507,0.450031281,-0.120183267,0.999984503,0.402936846,0.448131859,-0.077766843,0.999977112,0.453900576,0.554438293,-0.209700704,0.999879539,0.417722553,0.526972413,0.07744506,0.999601007,0.396665215,0.690157115,-0.194201663,0.973575354,0.374427199,0.608767092,0.00821976,0.311104536,0.36182946,0.563794911,-0.065251306,0.953872502,0.352698028,0.54102385,-0.1631677,0.363794118,0.33993122,0.536189198,-0.081384733,0.929549038,0.338080764,0.519326091,-0.179127127,0.343806446,0.363856703,0.527900636,-0.081099845,0.928755462,0.360318154,0.514959276,-0.177731797,0.345982611,0.373937368,0.535817087,-0.062069714,0.900154471,0.373044252,0.525022984,-0.168435171,0.336760193,0.522141755,0.75502497,-0.08620213,0.999982238,0.486716211,0.728209794,0.086213037,0.999963284,0.433825016,0.760530412,-0.297219515,0.992665589,0.406424105,0.701874733,0.120853104,0.611483514,0.490252197,0.917905152,-0.154125765,0.981532753,0.45584178,0.837003827,0.248332292,0.692775846,0.508294463,0.942571878,-0.136811838,0.956336439,0.474478185,0.854391396,0.260789096,0.713008225,0.454352051,0.972513735,-0.164405972,0.97764492,0.416703373,0.881343484,0.255313277,0.771399379
0,0.430524975,0.084327579,-0.104319856,0.999950886,0.439809322,0.068493836,-0.124499775,0.999960363,0.443518341,0.06902276,-0.124509893,0.999960899,0.447813034,0.069564834,-0.124509811,0.999958515,0.434934795,0.067288056,-0.087517634,0.999954998,0.43461442,0.066731699,-0.087546267,0.999949336,0.434402078,0.066002004,-0.087569781,0.999953926,0.462667137,0.084495321,-0.159133285,0.999948621,0.450249106,0.078998245,0.00505537,0.999909222,0.434741795,0.107929662,-0.113898382,0.999922872,0.4308002,0.105363667,-0.066651218,0.999904633,0.473737657,0.209951594,-0.239985421,0.999771357,0.44126597,0.1981913,0.132536247,0.999515414,0.409997046,0.310664624,-0.24196744,0.973356843,0.386026025,0.291926414,0.089910492,0.491373956,0.3732301,0.191346928,-0.127863854,0.939934015,0.353649199,0.190182477,-0.106262222,0.700311422,0.362050235,0.164703175,-0.145880923,0.914432287,0.3451989,0.165990219,-0.129963204,0.657394588,0.375071257,0.156640306,-0.148692235,0.914748967,0.351839453,0.163491741,-0.139996752,0.65595907,0.3795439,0.163607106,-0.124669932,0.876295745,0.357300997,0.169816881,-0.119524285,0.627943873,0.468411356,0.487631619,-0.115735672,0.999818981,0.438862801,0.485435814,0.115572989,0.999778807,0.478092372,0.705859482,-0.09405978,0.989361048,0.445733637,0.675513148,0.269809991,0.795083106,0.492170095,0.902345181,-0.050918888,0.995601177,0.453313023,0.829943597,0.451143116,0.887139857,0.504971325,0.940715969,-0.05198615,0.975041866,0.460481018,0.855862081,0.465361208,0.850640655,0.456067741,0.968785942,-0.167473406,0.995383561,0.404385746,0.871576965,0.424200833,0.951806545
1,0.403557837,0.38657707,-0.11801286,0.999979377,0.413605213,0.376579881,-0.128735378,0.999985754,0.416010469,0.377500623,-0.128691494,0.999988258,0.418701082,0.378567338,-0.128754243,0.999986827,0.41117844,0.375230819,-0.095622577,0.999978781,0.411567509,0.375135958,-0.095671505,0.999981642,0.411926091,0.374870002,-0.09561073,0.999979854,0.431791306,0.392487168,-0.142134294,0.999982834,0.423770368,0.386158824,0.004159993,0.999973297,0.407333672,0.409830123,-0.124194704,0.999974966,0.404479891,0.40759185,-0.082360305,0.999966085,0.451438278,0.517519295,-0.206941366,0.999924719,0.412312895,0.497102469,0.086359099,0.999673605,0.39498803,0.643284857,-0.202999145,0.985803366,0.366149604,0.575943708,0.010808179,0.532382607,0.364219964,0.520430684,-0.078470737,0.967680812,0.342885673,0.501059592,-0.152688757,0.51774615,0.346042544,0.487109363,-0.096776083,0.947237194,0.33299619,0.481660008,-0.163265869,0.428786457,0.366754621,0.483922541,-0.097637616,0.945350766,0.352455676,0.476290464,-0.159827217,0.430742323,0.373505801,0.490887076,-0.076008901,0.915504217,0.362176657,0.481381685,-0.158991605,0.421342194,0.527745843,0.713224471,-0.088623181,0.999963939,0.489816606,0.696606576,0.088683881,0.999924183,0.449430317,0.739623427,-0.361663729,0.99653542,0.404016912,0.690044761,0.022847215,0.803374052,0.492812812,0.916322231,-0.257030547,0.992739201,0.445945024,0.829630792,0.143168896,0.832715333,0.50907886,0.943777382,-0.245105579,0.973584592,0.456932545,0.846328378,0.153277069,0.850469768,0.458765656,0.968241274,-0.309879899,0.990051091,0.405127943,0.87423259,0.117083229,0.892218411
0,0.427995622,0.080005035,-0.146092564,0.99993664,0.439754337,0.065649599,-0.164557353,0.999956906,0.443001747,0.066373855,-0.164569765,0.99995929,0.446554124,0.067313209,-0.164558873,0.999957442,0.435184419,0.063739881,-0.126917407,0.99994272,0.43503204,0.063174181,-0.126943141,0.999932706,0.435110569,0.06273143,-0.126966834,0.999938667,0.460084438,0.083903663,-0.192832232,0.999934375,0.44833678,0.075096011,-0.024457406,0.999897182,0.432501227,0.103765972,-0.153709352,0.999902964,0.42752552,0.099053577,-0.105371237,0.999892414,0.470104218,0.208486214,-0.275105685,0.9998281,0.434229761,0.193203509,0.105100907,0.999212503,0.399117053,0.290823907,-0.328512579,0.979441047,0.37131682,0.269743443,0.043912414,0.588922739,0.373738706,0.164200217,-0.268092573,0.952500224,0.349989474,0.162042931,-0.18535547,0.758519828,0.371330589,0.137226418,-0.299330264,0.933526039,0.34376958,0.135465443,-0.212359279,0.69735539,0.381979913,0.128641248,-0.300513923,0.934216142,0.351476699,0.131087542,-0.219085187,0.694345713,0.384278864,0.138577908,-0.266287863,0.896695018,0.355242997,0.140624464,-0.196669817,0.662193716,0.474470615,0.487832546,-0.125864655,0.999935448,0.442500412,0.483415097,0.125808746,0.999844253,0.471471965,0.696220577,-0.118268631,0.990989864,0.441003621,0.667586625,0.349514693,0.720700681,0.493183136,0.901724696,-0.102150664,0.995350063,0.452844322,0.822382092,0.586075783,0.816937804,0.506967187,0.938832521,-0.106356062,0.975951314,0.461675167,0.852153778,0.607005954,0.797288954,0.452824503,0.975093663,-0.234704703,0.994567692,0.403446734,0.872420669,0.574934483,0.917043686
1,0.485726744,0.433840513,-0.136428893,0.998968422,0.49376449,0.41704911,-0.134611979,0.998623073,0.497323453,0.417545795,-0.134609491,0.998326123,0.500779152,0.417881817,-0.13467595,0.998503625,0.486636877,0.413294762,-0.117715694,0.998520136,0.485343069,0.411467969,-0.117733285,0.99777931,0.484075636,0.409772277,-0.117832221,0.998346388,0.506112993,0.420647949,-0.098838031,0.997777939,0.486420304,0.411751866,-0.025405863,0.998443007,0.492342651,0.452920198,-0.122794352,0.997902751,0.482708842,0.446069002,-0.100365579,0.998158574,0.533983529,0.504573107,-0.130566448,0.994824052,0.462312758,0.48456493,0.022919254,0.998486638,0.502786756,0.49293226,-0.294406414,0.983987868,0.421464622,0.45664224,-0.076228723,0.946706116,0.473098457,0.388571173,-0.382782757,0.979205966,0.408847719,0.394057512,-0.237174362,0.944640577,0.468730152,0.359784782,-0.415287018,0.964524865,0.406561375,0.36317426,-0.273272604,0.883561611,0.467127025,0.350623071,-0.406978995,0.959903479,0.413556248,0.357821524,-0.260174721,0.873280287,0.468607366,0.36332199,-0.382528782,0.942064106,0.416169226,0.36958757,-0.240403175,0.87788254,0.51763761,0.727933228,-0.035363648,0.998904049,0.467213154,0.712089896,0.035328176,0.999614239,0.499003828,0.881713867,-0.117270693,0.976062596,0.397597849,0.832830548,-0.177041188,0.992275536,0.501932502,0.944357157,0.188669294,0.91093564,0.420091212,0.952486515,0.013247597,0.977225363,0.501464784,0.945487201,0.216477036,0.678891897,0.433273226,0.970022559,0.029361274,0.894968092,0.497892708,1.015475154,0.15630874,0.83145386,0.39689973,1.006112456,-0.045150541,0.938510895
1,0.469848543,0.539789855,-0.153557643,0.99944967,0.475813538,0.525279164,-0.154370457,0.999524832,0.478758246,0.524680316,-0.154354423,0.999462306,0.48194319,0.524058104,-0.154476374,0.999530017,0.470489919,0.524519622,-0.137804881,0.999288917,0.469443887,0.523685098,-0.137818187,0.999018908,0.468214273,0.522794127,-0.13786909,0.999173999,0.494084448,0.523780167,-0.133235782,0.999329627,0.476477087,0.522348344,-0.054717548,0.999274313,0.476988405,0.551965177,-0.143352598,0.999388456,0.469297975,0.549162626,-0.120651349,0.999050558,0.522158682,0.593942702,-0.168734699,0.996903777,0.454381764,0.583001256,-0.014463489,0.995913804,0.489307165,0.523861229,-0.293925583,0.986140251,0.427301496,0.518605232,-0.043440424,0.912816465,0.462205589,0.413586378,-0.323913276,0.980084121,0.406511605,0.418688893,-0.129704848,0.925903082,0.455906004,0.384524107,-0.352276891,0.96603024,0.400017262,0.395297408,-0.154812351,0.87254101,0.456027329,0.382183552,-0.344153583,0.962165773,0.404898643,0.385895699,-0.149346471,0.863695741,0.455941051,0.392500401,-0.323768198,0.948544919,0.409546375,0.39645806,-0.134550154,0.871952951,0.511270523,0.816676855,-0.0381414,0.998763919,0.459820896,0.802422523,0.038204331,0.998708963,0.492072523,0.894989848,-0.299642742,0.982146025,0.392541379,0.850163162,-0.142993689,0.985072792,0.494546473,0.953221917,-0.06525477,0.922887564,0.421547949,0.957715034,0.032411989,0.95388943,0.495055437,0.95678705,-0.042619694,0.75465101,0.43337661,0.965130389,0.047637906,0.883265853,0.487717807,1.007300615,-0.092960641,0.839966416,0.397149533,0.997826278,0.013082659,0.891460836
0,0.493339121,0.169059113,-0.129911453,0.999798119,0.501446009,0.151771799,-0.133593619,0.999755323,0.505708992,0.151703849,-0.133608282,0.999705017,0.509944499,0.151765361,-0.133589536,0.999706149,0.493889272,0.152002096,-0.112967171,0.999750733,0.492510498,0.15158762,-0.113006271,0.999688983,0.4912664,0.151150867,-0.113097981,0.999762714,0.522158086,0.156494632,-0.08837568,0.999548018,0.497062773,0.153481543,0.004408135,0.99972707,0.501395822,0.189570561,-0.108609691,0.999668896,0.491730779,0.187526152,-0.082237221,0.999694228,0.551668763,0.247607142,-0.061618678,0.998464704,0.473276377,0.247688591,0.103298627,0.999638259,0.551933765,0.391735375,-0.183361232,0.975288451,0.428807676,0.366777092,0.015779028,0.923847914,0.511983991,0.30250895,-0.333261639,0.980882525,0.433627754,0.290959984,-0.225466162,0.971016645,0.502732158,0.271517873,-0.36751157,0.961948156,0.43272239,0.266911924,-0.259649932,0.936605394,0.504811466,0.261147082,-0.355471492,0.957514644,0.436024338,0.255211025,-0.255095512,0.929638505,0.506283879,0.268821508,-0.329407513,0.930664897,0.439240754,0.264102042,-0.229142874,0.914364219,0.531954885,0.501779318,-0.053807985,0.998970211,0.47606644,0.493523926,0.053771056,0.99941349,0.515566468,0.705186307,-0.049824264,0.990286648,0.438942611,0.682801962,0.073773988,0.989771962,0.516829669,0.908709824,0.029130379,0.973602653,0.402075589,0.86678952,0.19955726,0.982087731,0.514618754,0.92801863,0.033372521,0.818983912,0.409283489,0.887996018,0.206678465,0.895404935,0.511619925,0.976078689,-0.094937995,0.94889456,0.381745875,0.941868424,0.099819154,0.961841166
1,0.469044775,0.531956196,-0.212112159,0.99932301,0.475999504,0.515521288,-0.214183599,0.999355972,0.480169117,0.515849113,-0.214146137,0.999182999,0.484730065,0.516103148,-0.21426411,0.999273241,0.468714476,0.512849569,-0.196920961,0.999355257,0.467380911,0.511593461,-0.196958169,0.999119699,0.466127634,0.510520935,-0.197038397,0.999364257,0.496636063,0.517287791,-0.192516014,0.998780966,0.473511368,0.512919247,-0.112426616,0.999512851,0.478436887,0.549373984,-0.200556278,0.99915427,0.468986452,0.544950783,-0.178056821,0.999302745,0.53125906,0.598345041,-0.211980388,0.99312526,0.451137483,0.578667343,-0.067554027,0.998791575,0.500434995,0.577540159,-0.360203236,0.976126194,0.41241917,0.520978749,-0.154695123,0.934855342,0.475088179,0.441025794,-0.429202884,0.967921197,0.397695363,0.431576163,-0.273594767,0.924205363,0.470304161,0.410355926,-0.454793632,0.942317128,0.401144177,0.393104732,-0.299784005,0.847108126,0.469713628,0.405030668,-0.442805141,0.936260998,0.400681645,0.38577053,-0.28316623,0.829631865,0.470935166,0.416776985,-0.42704767,0.907251298,0.405780226,0.401983649,-0.274097204,0.829757154,0.517647266,0.820441842,-0.037916545,0.998500824,0.464888901,0.803049803,0.037929647,0.999525964,0.497909248,0.942345262,-0.236797094,0.964543045,0.388098985,0.861410975,-0.140118614,0.984599888,0.498336166,0.951334834,0.062560663,0.74153477,0.423352063,0.962467849,0.077645734,0.879484355,0.502324462,0.980957985,0.092625365,0.500331819,0.437091172,0.963893831,0.101709917,0.75189805,0.49048844,1.000452042,0.068269931,0.584009707,0.404353201,1.009880424,0.075311273,0.758326471
0,0.492588997,0.175433293,-0.125324115,0.999858499,0.501286447,0.158638164,-0.123627223,0.99984479,0.50525558,0.158323422,-0.123667672,0.999808967,0.509595692,0.158045471,-0.123691954,0.999811947,0.493155301,0.158110097,-0.106527984,0.999832511,0.491488308,0.157222345,-0.10653235,0.999790668,0.490201235,0.15630357,-0.106551528,0.999832809,0.521584213,0.162017405,-0.050773453,0.999740422,0.495970637,0.156957135,0.021672433,0.999797583,0.500738204,0.192367613,-0.095041171,0.999807119,0.489976823,0.19088304,-0.074112512,0.999798357,0.551372349,0.251225621,-0.014417653,0.998978555,0.472989172,0.23983407,0.13449046,0.9995386,0.559221804,0.394845128,-0.09797357,0.984145701,0.441854775,0.343043298,0.077156335,0.868228972,0.51601547,0.342460454,-0.242008299,0.984443069,0.430431515,0.337104261,-0.165962264,0.937932849,0.503415287,0.325124472,-0.277899295,0.967784822,0.425417095,0.338104963,-0.20399633,0.893285632,0.506142616,0.309358567,-0.275963902,0.96533221,0.42674917,0.325221181,-0.217541859,0.885178745,0.509184778,0.313351095,-0.242109343,0.944459558,0.4305408,0.327618003,-0.178539187,0.865669668,0.530987859,0.502528548,-0.033303481,0.999169827,0.47631222,0.49575296,0.033388991,0.999442637,0.516749978,0.70360136,-0.038250204,0.989047945,0.439379126,0.686021268,0.018849541,0.991660058,0.517171264,0.895622671,0.092583217,0.946855843,0.401631445,0.865407109,0.154260442,0.96220988,0.513067067,0.917316437,0.097283617,0.746175528,0.408340305,0.88914907,0.162271425,0.855589569,0.508296907,0.969459951,-0.043378882,0.90352267,0.385123074,0.943363547,0.03433577,0.922975957
1,0.473077685,0.574779034,-0.213495925,0.999491632,0.479316175,0.559364676,-0.213727504,0.999605179,0.483358443,0.559750795,-0.213703007,0.999486446,0.487773657,0.56037426,-0.213832885,0.99955833,0.47142297,0.556676209,-0.198303908,0.99956733,0.469664037,0.555209577,-0.198350161,0.999376476,0.468029678,0.553981006,-0.198408648,0.999514937,0.497869402,0.559933782,-0.188288465,0.999140382,0.47256726,0.554082811,-0.119935714,0.999587417,0.481704652,0.592862964,-0.200967044,0.999384463,0.471323729,0.588638902,-0.180661693,0.999437749,0.524825811,0.624534726,-0.218591213,0.994215846,0.452605337,0.617617905,-0.079425082,0.998084724,0.495501041,0.556323469,-0.362103224,0.982179582,0.422430336,0.539313018,-0.160538003,0.942994773,0.472644985,0.436141878,-0.417216301,0.979579747,0.402395546,0.441793621,-0.285042226,0.935609579,0.469156653,0.406858057,-0.446612179,0.96389538,0.396132588,0.410455704,-0.313649327,0.877094984,0.467421144,0.400696903,-0.437237799,0.960072279,0.404363722,0.400840968,-0.302594662,0.862063289,0.466678709,0.412660778,-0.41581741,0.945118129,0.411252439,0.412751883,-0.287683219,0.868465781,0.515042305,0.844875693,-0.032852072,0.998845875,0.462864488,0.827671885,0.032914899,0.999452472,0.49545145,0.942252159,-0.252727836,0.959363282,0.394290805,0.863523722,-0.129834577,0.978113234,0.499681532,0.945786893,0.022355016,0.710571349,0.423319012,0.952339411,0.053743638,0.828160405,0.504607797,0.950809717,0.050807796,0.507841051,0.435741961,0.950360775,0.07209722,0.692977905,0.496552616,1.003793955,0.033157885,0.54880017,0.411287606,0.995940328,0.057427078,0.666904926
0,0.505141139,0.166567355,-0.111666344,0.999890506,0.512993276,0.148141623,-0.107788064,0.999861538,0.51719147,0.14803268,-0.107815482,0.999828339,0.52170217,0.147795647,-0.10781946,0.999826014,0.503422081,0.146098241,-0.093526348,0.999846995,0.501025915,0.144827336,-0.093537889,0.999810636,0.49889192,0.143448204,-0.093553737,0.999848485,0.532932878,0.147830278,-0.030997654,0.999790668,0.503241837,0.142807916,0.038557958,0.999775469,0.514369667,0.186198235,-0.07451202,0.999861479,0.501677275,0.182316884,-0.056274455,0.999851644,0.563273907,0.22950545,0.006490652,0.99937129,0.481564373,0.221434578,0.152219951,0.999757409,0.567255437,0.377414912,-0.085887358,0.982062995,0.44716233,0.345619619,0.074956819,0.855852127,0.517679214,0.328980863,-0.24654226,0.981558919,0.444762379,0.319498986,-0.170012414,0.935297728,0.503740966,0.31295222,-0.284747154,0.961445749,0.441883802,0.312177211,-0.209630609,0.887500703,0.507283807,0.292549253,-0.277370214,0.958479583,0.445354551,0.299529046,-0.213435531,0.87840569,0.509683847,0.296888769,-0.244572163,0.932900906,0.448428541,0.303787053,-0.177933306,0.85515511,0.542684078,0.491428286,-0.039740063,0.999336541,0.486870468,0.481669486,0.039789781,0.999501169,0.528064728,0.7038396,-0.055517603,0.987765551,0.450030863,0.677356005,0.013283375,0.99046433,0.527758777,0.906861126,0.084218189,0.947573304,0.404984623,0.86760807,0.155225366,0.963817894,0.52680558,0.926667035,0.089992389,0.746447504,0.412186146,0.89032948,0.163083687,0.851774454,0.516398966,0.975762069,-0.041101482,0.910618722,0.386361092,0.946954608,0.038821209,0.9279145
1,0.475382417,0.567926228,-0.194196731,0.999113142,0.481317699,0.550652623,-0.194829568,0.999318898,0.485111386,0.550257683,-0.194812983,0.999127567,0.489230961,0.550230503,-0.194945186,0.99926585,0.474748284,0.550091207,-0.179374769,0.999235511,0.473524421,0.549390674,-0.179410979,0.998846173,0.472292274,0.548828781,-0.179465696,0.999102235,0.501675487,0.551625848,-0.174433425,0.998789608,0.479090869,0.549107969,-0.103997029,0.999306202,0.483329684,0.58327049,-0.18456462,0.999125242,0.474685192,0.580410063,-0.163911343,0.999164224,0.532046854,0.624300122,-0.212167814,0.993060231,0.458701998,0.617015898,-0.058214903,0.99823302,0.500654817,0.566644907,-0.345856249,0.975345731,0.426364601,0.549872041,-0.114249967,0.916753411,0.474602848,0.440998673,-0.403906584,0.970513284,0.403437197,0.453021705,-0.224502236,0.896551073,0.469584525,0.413355291,-0.430874646,0.951141417,0.398608893,0.428977638,-0.250519544,0.821658254,0.468309551,0.408118367,-0.422041565,0.946527362,0.404524863,0.414552093,-0.240522265,0.805791497,0.469085515,0.418917209,-0.402178288,0.925694227,0.408468574,0.427805066,-0.227634162,0.81915015,0.52215898,0.844557643,-0.035291098,0.998735845,0.468704402,0.828447282,0.03529495,0.999618471,0.499538511,0.954946399,-0.218779922,0.935399592,0.396558493,0.881710231,-0.132699564,0.973214388,0.505347133,0.943365157,0.072878294,0.517271936,0.429134041,0.963125169,0.076646045,0.739846468,0.510371625,0.959198833,0.103625774,0.365452468,0.440869659,0.958485246,0.095814273,0.589547098,0.500824869,0.993828833,0.098049685,0.36332956,0.417743772,0.997051835,0.101388916,0.537055492
1,0.604467988,0.381454438,-0.114216745,0.998522341,0.611025691,0.366759062,-0.129371017,0.998738468,0.612758279,0.366896898,-0.12937507,0.998755336,0.614492655,0.367344171,-0.12941888,0.999012649,0.609718204,0.366078734,-0.103949212,0.997853518,0.610405147,0.365708619,-0.10399171,0.997351766,0.611176729,0.365518302,-0.104008697,0.998068392,0.626284301,0.378538638,-0.165199697,0.997275412,0.624203086,0.373836607,-0.051225118,0.997966111,0.6091097,0.400363386,-0.125451699,0.996668041,0.606856883,0.397610605,-0.092456847,0.994383693,0.63284266,0.453560084,-0.227035552,0.997271001,0.623804748,0.433478504,0.026193788,0.995028019,0.568059564,0.387116253,-0.28829512,0.990974724,0.568452358,0.382053107,0.070471175,0.580945253,0.531034827,0.305552989,-0.2755813,0.982395053,0.532097578,0.299890995,0.008568909,0.800945044,0.521237195,0.282138795,-0.309702218,0.972001195,0.523235023,0.276427746,-0.000447444,0.783926487,0.525707364,0.271800876,-0.298088819,0.970621705,0.526382983,0.270406306,-0.022981392,0.789230049,0.529057503,0.279272556,-0.272019237,0.955590308,0.529901206,0.278493226,-0.004720395,0.799913347,0.635945439,0.683000684,-0.084079459,0.999660134,0.621733308,0.653124452,0.084032707,0.999434054,0.544097483,0.709003627,-0.092727557,0.964645803,0.535857618,0.662525415,0.16358754,0.562558591,0.57628864,0.839533746,0.069494255,0.903957605,0.572143912,0.783249736,0.279065132,0.514360547,0.590647101,0.867003798,0.089555904,0.886699915,0.586569965,0.805986345,0.291929781,0.555142164,0.548270226,0.880274713,0.13062036,0.855589151,0.554208875,0.820633471,0.32692039,0.553876817
0,0.61475116,0.12368957,-0.045001872,0.999598086,0.620546818,0.109023817,-0.0660633,0.999668777,0.622410655,0.10826385,-0.066077963,0.999667823,0.624633491,0.107210182,-0.06611108,0.999720395,0.619537354,0.108490296,-0.032080311,0.999490619,0.620431185,0.10739357,-0.032078434,0.99937892,0.621748805,0.106055461,-0.032083433,0.999525487,0.638111353,0.110260308,-0.114598632,0.999485016,0.634686351,0.110050961,0.036658712,0.999226034,0.620861888,0.138984382,-0.060077466,0.99935019,0.61934638,0.137571469,-0.016314056,0.998902142,0.655163586,0.19602634,-0.188036278,0.999652147,0.634997189,0.193173423,0.136634827,0.999053717,0.610721052,0.303327709,-0.171353698,0.98723805,0.600246072,0.286280811,0.09752176,0.345092326,0.564803004,0.243557483,-0.027338218,0.965446413,0.557863951,0.238174975,-0.074868262,0.506506085,0.551388264,0.228983611,-0.037425775,0.941865146,0.545240521,0.22439982,-0.089283518,0.4965249,0.555529594,0.214724153,-0.031409767,0.941446722,0.549719214,0.212154478,-0.105485298,0.500429094,0.559456646,0.219018683,-0.019139169,0.906152606,0.554326296,0.21626392,-0.088236369,0.493397355,0.634130299,0.421439797,-0.105072543,0.999712527,0.622003376,0.413643807,0.105089463,0.999281526,0.594451666,0.584904373,-0.073117778,0.976527631,0.58886987,0.566878736,0.21222046,0.458383054,0.572592854,0.757822752,-0.031806812,0.979027987,0.568924844,0.706366718,0.337169886,0.683800817,0.580873132,0.782866061,-0.031023722,0.965041876,0.575716138,0.732387483,0.347335607,0.67860353,0.533165157,0.808332324,-0.11638844,0.97294575,0.526988626,0.74024266,0.315495312,0.803730249
1,0.568584561,0.444323272,-0.108576395,0.997972012,0.574313998,0.429578513,-0.123886667,0.998380065,0.575725198,0.42893216,-0.123860694,0.998549044,0.577272654,0.428271323,-0.123899065,0.99872458,0.573992848,0.429427296,-0.097825393,0.997222483,0.575082183,0.428588092,-0.09785898,0.996843696,0.576263189,0.427630901,-0.097863786,0.997492015,0.588225305,0.433979064,-0.162851989,0.996679127,0.587651849,0.430816263,-0.041957386,0.997297287,0.573393226,0.45535478,-0.121566191,0.995282054,0.572609007,0.454613268,-0.087090559,0.992946684,0.595970094,0.498564541,-0.221498176,0.996985316,0.598650575,0.482151061,0.027910203,0.993752897,0.544303298,0.414141983,-0.282301962,0.99049443,0.548891783,0.412078649,0.070841596,0.45381254,0.512235999,0.332502782,-0.254859269,0.982447922,0.515368581,0.325437725,0.003622479,0.720945477,0.501996875,0.310119897,-0.286260188,0.97319299,0.505712152,0.303988189,-0.007253842,0.726040483,0.505930901,0.303696245,-0.276111305,0.971695662,0.507881165,0.299867362,-0.023246143,0.732728541,0.509896874,0.311312407,-0.251530319,0.955887496,0.511584997,0.305825531,-0.008115782,0.741244376,0.619324267,0.721997321,-0.087081753,0.999625027,0.608463466,0.687931776,0.086981043,0.999267459,0.521888375,0.709450424,-0.116103604,0.975996315,0.524736881,0.669327915,0.170958847,0.520028532,0.565832436,0.831819594,0.065236419,0.943418801,0.566485226,0.777697682,0.266401082,0.50884968,0.581937075,0.856490731,0.086832896,0.922017217,0.582152069,0.798165739,0.275271684,0.534896553,0.536607563,0.876804531,0.136879474,0.909326613,0.558592081,0.838168144,0.307089627,0.568435311
0,0.605882406,0.141645297,-0.032053221,0.999268949,0.610504866,0.12658447,-0.053110033,0.999386489,0.612353086,0.125624552,-0.053112485,0.999433696,0.614332736,0.124427184,-0.053143878,0.999504566,0.608827114,0.126287237,-0.01956404,0.999082923,0.609494328,0.125245124,-0.019564267,0.998952329,0.61039716,0.12400943,-0.019570908,0.999167144,0.628363967,0.124185614,-0.102160141,0.998830259,0.624333918,0.124860689,0.046733849,0.998935282,0.612152874,0.155411363,-0.047305599,0.998438001,0.610165,0.155063093,-0.004272385,0.997733235,0.646893501,0.212278619,-0.174746349,0.999027669,0.630041361,0.20734176,0.144226179,0.997898698,0.604921639,0.321222454,-0.154762208,0.98944211,0.599272609,0.3037287,0.085118085,0.382793158,0.562765956,0.249766156,0.006170737,0.974213183,0.560113311,0.24683474,-0.104789689,0.542020321,0.551295936,0.234893903,0.000121443,0.95613271,0.550423384,0.230274364,-0.120374039,0.526781142,0.557418883,0.220398217,0.006098307,0.955231369,0.555393994,0.217822582,-0.132167965,0.526476145,0.562486947,0.225854322,0.015141184,0.925802529,0.559247971,0.223123595,-0.116573513,0.517383873,0.629498661,0.434238344,-0.105138637,0.999648571,0.617941022,0.426023901,0.105246529,0.999211431,0.586428046,0.593296289,-0.084386326,0.980531156,0.582315385,0.579452932,0.195301652,0.453399062,0.556820035,0.766774416,-0.058448166,0.977157116,0.56041795,0.724708617,0.289060235,0.636879385,0.565986276,0.795748591,-0.057792656,0.964510083,0.567145765,0.7544806,0.29552418,0.647119582,0.518138468,0.822132289,-0.120219231,0.968441904,0.521901071,0.762377441,0.260630131,0.754058301
1,0.558597565,0.437866211,-0.078909904,0.998660803,0.564421356,0.420789182,-0.093681239,0.999045014,0.565874159,0.420131505,-0.093670234,0.999147952,0.567387581,0.419524133,-0.093720183,0.999334157,0.564139366,0.420853555,-0.068732321,0.998179078,0.565295577,0.420222342,-0.0687574,0.997772157,0.566560745,0.419463933,-0.06875442,0.998362005,0.579883933,0.42671141,-0.135542735,0.997941494,0.579373658,0.422935575,-0.022216981,0.998158097,0.563619733,0.452507526,-0.093231142,0.997231424,0.562546253,0.452157974,-0.06051597,0.995362043,0.587291121,0.494366974,-0.191180333,0.998276949,0.589333057,0.479115814,0.044719905,0.995233417,0.524585783,0.426475108,-0.241653055,0.988992393,0.537279785,0.427744091,0.089031294,0.446878076,0.495261103,0.344650537,-0.209207386,0.9831689,0.503660083,0.340129733,0.028836334,0.679798126,0.486889064,0.321886003,-0.238591552,0.974457562,0.494932264,0.316907167,0.018849056,0.68241024,0.491638124,0.314656079,-0.230004638,0.97380811,0.49708575,0.314488173,0.002737274,0.685687184,0.495225847,0.322849602,-0.206523746,0.959595144,0.500646651,0.322669089,0.017528795,0.690968871,0.611585617,0.719322801,-0.082156494,0.999726117,0.599082291,0.685305297,0.082156718,0.999354184,0.512860417,0.726197898,-0.093785644,0.974811018,0.517961979,0.675128758,0.194306672,0.518070996,0.558031499,0.843830943,0.0391654,0.949140668,0.557871699,0.782077372,0.276132494,0.524896622,0.573824644,0.869933903,0.055788256,0.936480641,0.574282348,0.787386894,0.284711331,0.572932541,0.530327022,0.884286821,0.101933323,0.921321273,0.54259789,0.81180495,0.322461993,0.597129047
0,0.591996074,0.135708168,-0.035544179,0.999356747,0.597163379,0.120222777,-0.057353567,0.99946028,0.5991503,0.119563505,-0.057377644,0.99949193,0.601155043,0.118507817,-0.057428934,0.999563813,0.595499158,0.119563475,-0.022463579,0.999192655,0.596254289,0.11852511,-0.0224627,0.999072075,0.597285271,0.117146686,-0.022463296,0.999282837,0.613930523,0.117733285,-0.108860478,0.99883467,0.610481679,0.118093997,0.046137627,0.999070942,0.598541319,0.148695081,-0.051735364,0.998370111,0.596392095,0.148318484,-0.006792446,0.997802258,0.633516312,0.203851283,-0.185174257,0.998895645,0.617934704,0.202297121,0.151338741,0.997914016,0.599709988,0.31777963,-0.154201895,0.988836825,0.598088861,0.310845345,0.102832004,0.353221834,0.549172163,0.271610439,0.025031552,0.969249427,0.555666625,0.26897645,-0.073141553,0.485395074,0.536052287,0.255763531,0.019352997,0.947448134,0.541034818,0.247451946,-0.086756088,0.482833475,0.541376114,0.240290076,0.025274646,0.946876884,0.545747817,0.235278592,-0.10137333,0.482464075,0.545760274,0.245013073,0.0346472,0.915062785,0.550867379,0.241495088,-0.08589901,0.472937763,0.61525625,0.432595938,-0.105166517,0.999634087,0.602905273,0.425091892,0.105259582,0.999179542,0.573347926,0.59344548,-0.080065854,0.97726804,0.570144773,0.575093567,0.237862185,0.419430822,0.544198453,0.763601542,-0.06983386,0.969791472,0.551298916,0.708322465,0.382112086,0.601143003,0.553616226,0.797515869,-0.071802214,0.957465172,0.55875206,0.73230201,0.394391567,0.60856688,0.504093945,0.813631594,-0.145100027,0.960001051,0.514802814,0.74404043,0.368561089,0.73506707
1,0.556824565,0.464371443,-0.102538861,0.996728182,0.563301146,0.449726939,-0.116269253,0.997327149,0.565082967,0.449257165,-0.116243705,0.997555554,0.56695807,0.448926747,-0.116279699,0.997846782,0.562426507,0.449804217,-0.09091945,0.995614946,0.563492894,0.449214101,-0.090974972,0.995133579,0.564723313,0.448501974,-0.090995319,0.996121109,0.578622341,0.457313359,-0.15163672,0.993287146,0.576680958,0.453974307,-0.036270037,0.995623827,0.562622011,0.477539033,-0.114533916,0.990232885,0.560780108,0.476084739,-0.081382893,0.987232327,0.585468411,0.526921988,-0.205293745,0.993175745,0.58458364,0.506467104,0.031426623,0.988666177,0.530270457,0.432031661,-0.269747108,0.986127198,0.536718905,0.431303144,0.062324129,0.423688024,0.50007695,0.34618029,-0.244582012,0.977512181,0.504332423,0.338641346,-0.00896888,0.716446221,0.490944207,0.324526489,-0.275408775,0.966099679,0.49600631,0.316150188,-0.018099399,0.728112757,0.495385647,0.317639142,-0.264084756,0.963957191,0.497896254,0.313551962,-0.035641558,0.73629725,0.498517364,0.32613036,-0.240956515,0.946432889,0.50116837,0.32231009,-0.020853557,0.744462252,0.606658638,0.750302434,-0.083635226,0.999001801,0.593969166,0.713577449,0.083563462,0.998807907,0.511451364,0.727338672,-0.127608329,0.967153192,0.514545918,0.679815352,0.139558345,0.525602877,0.552725613,0.847638965,0.062936589,0.889165878,0.551948786,0.805200636,0.214265347,0.499443352,0.570823789,0.874218941,0.084710225,0.863410711,0.570692897,0.836627424,0.221014023,0.479435891,0.522651434,0.893470764,0.136777103,0.82832998,0.529643595,0.855692208,0.252142787,0.522039413
0,0.590724885,0.130886793,-0.037184272,0.99948281,0.595338941,0.113995783,-0.059002787,0.999579906,0.596997797,0.112636961,-0.059031636,0.999597549,0.598628521,0.111235239,-0.059095822,0.999659777,0.594377697,0.114073604,-0.023594318,0.999392509,0.595357001,0.112900883,-0.023588862,0.999306798,0.596541464,0.111591943,-0.023595752,0.9994573,0.612158835,0.109829627,-0.11149583,0.999196172,0.610310435,0.110876054,0.046915732,0.999145687,0.597343147,0.145444334,-0.053572409,0.998921752,0.596178412,0.146516904,-0.00781044,0.998441637,0.635343611,0.194248289,-0.188123345,0.999423683,0.62651366,0.193053558,0.152051792,0.998604536,0.600914836,0.313085437,-0.165207371,0.982463598,0.601841569,0.30360952,0.102792323,0.199838251,0.550273001,0.259256721,-0.003073724,0.938172758,0.556753933,0.253260821,-0.074496642,0.287140846,0.538285375,0.243023083,-0.014007375,0.897107661,0.544984996,0.237794131,-0.087664619,0.296823472,0.543027282,0.226929858,-0.002791355,0.897853613,0.54945457,0.226069808,-0.107905582,0.294460058,0.547471166,0.230922788,0.007396836,0.844055533,0.553668618,0.228851378,-0.08929009,0.289868236,0.622686863,0.425571114,-0.106823221,0.999703825,0.614269853,0.417351782,0.106917277,0.999256909,0.578537464,0.586946547,-0.061824065,0.979701698,0.574282527,0.569849312,0.23604624,0.423369884,0.551540673,0.758158624,-0.005899991,0.979651332,0.552556574,0.709441721,0.371554613,0.683385551,0.560679078,0.785967708,-0.002136309,0.965878487,0.560160995,0.73597753,0.382454097,0.640584052,0.510570049,0.816315472,-0.064056531,0.976577342,0.511367559,0.739494085,0.352430761,0.812461793
1,0.55360353,0.463035166,-0.086621828,0.997718334,0.559848964,0.448005587,-0.1014999,0.998188615,0.561489165,0.4475151,-0.101484716,0.998295665,0.563173413,0.447039038,-0.101528481,0.998547137,0.559054673,0.447992623,-0.07607659,0.996963084,0.56018579,0.44743821,-0.076113924,0.99650234,0.561401963,0.44677344,-0.076125145,0.997415245,0.575145006,0.454859406,-0.139686257,0.995814741,0.573369622,0.451717168,-0.024450781,0.997226775,0.559188724,0.475669652,-0.099306308,0.994430542,0.557806969,0.47485593,-0.066302963,0.992114484,0.583997071,0.519532919,-0.198526248,0.995652974,0.579889178,0.501015842,0.045915976,0.993661642,0.525980115,0.434255302,-0.254763663,0.989163756,0.529212832,0.432291836,0.083479472,0.476166397,0.492535412,0.357300431,-0.224984854,0.980857849,0.49605304,0.351116151,0.015196627,0.725011766,0.482992351,0.334153295,-0.253999203,0.970589399,0.487491071,0.328699112,0.00390051,0.723886073,0.486595005,0.328384995,-0.241586298,0.96926415,0.489034235,0.325884461,-0.010725806,0.729005754,0.489791453,0.33754456,-0.220720008,0.954301953,0.491957128,0.333602488,0.003857686,0.736242235,0.606066823,0.745242238,-0.082997404,0.999500871,0.59192121,0.712475061,0.082881816,0.999268711,0.50891304,0.731311381,-0.117202446,0.975093484,0.510029137,0.686991274,0.149318382,0.542406678,0.553996265,0.848787665,0.07830175,0.919114828,0.555110931,0.804217875,0.222389013,0.520560443,0.56740129,0.867550492,0.101241156,0.898594558,0.572594702,0.816357613,0.229655504,0.534720004,0.5244115,0.896762788,0.152491063,0.873097062,0.546940148,0.86421001,0.260620028,0.5641675
1,0.554427683,0.448299378,-0.33805877,0.998477757,0.563562989,0.444043696,-0.343116581,0.998332083,0.566111565,0.445450038,-0.343065977,0.998165965,0.568813205,0.446912438,-0.343135059,0.998596311,0.560670078,0.440780103,-0.320188612,0.996300995,0.56095469,0.440375984,-0.320253819,0.995483637,0.561181068,0.439929247,-0.320300281,0.996689558,0.579553485,0.45687744,-0.329589486,0.997726679,0.569667816,0.447958976,-0.221811563,0.995434701,0.558237493,0.464420199,-0.330287337,0.996111035,0.554627419,0.458363414,-0.299240857,0.992699504,0.598962069,0.517595649,-0.343463272,0.99634409,0.554831028,0.484249324,-0.149483651,0.996422648,0.564860106,0.494554937,-0.488373935,0.987740874,0.52546829,0.433805346,-0.168494239,0.864659846,0.519975305,0.39123705,-0.553042531,0.978769004,0.498715639,0.360882431,-0.25198108,0.934629142,0.51091665,0.372083068,-0.594419479,0.965862989,0.491961092,0.331100166,-0.272920907,0.895366251,0.510285914,0.359546274,-0.584385812,0.962011516,0.493770182,0.337188274,-0.28598541,0.889392614,0.514076829,0.37047264,-0.552335322,0.92751044,0.494982392,0.339563489,-0.26295352,0.887419522,0.613186061,0.668533981,-0.049752377,0.999787629,0.570837438,0.655787051,0.049726214,0.999703944,0.616417289,0.772455096,-0.27593714,0.997422755,0.508837223,0.704769015,-0.123933062,0.994377017,0.630437613,0.890283883,-0.11057435,0.997138441,0.520678282,0.810696483,0.087490551,0.988078117,0.635995507,0.903026402,-0.10060408,0.930292487,0.531090498,0.826941848,0.104007207,0.967338741,0.620860219,0.94766736,-0.219640285,0.988085568,0.499105066,0.858114302,0.034783319,0.976640582
0,0.601262808,0.264193118,-0.159345537,0.999658585,0.608420253,0.2520504,-0.154082611,0.999534369,0.61238873,0.252604365,-0.154101849,0.999484956,0.616470575,0.253249198,-0.154081732,0.999552727,0.600688338,0.251509249,-0.140311658,0.999430001,0.599094272,0.251472801,-0.140316293,0.999252081,0.597342134,0.251534909,-0.140309051,0.999371588,0.624985337,0.261646628,-0.107610762,0.999066949,0.59838748,0.257534206,-0.040923145,0.998744786,0.60755837,0.279907197,-0.140345916,0.999430299,0.597217977,0.27770111,-0.122404061,0.999182463,0.643888831,0.337664932,-0.138827711,0.999064326,0.582106054,0.320334166,0.022793613,0.998301208,0.599170625,0.329682827,-0.303956836,0.987263262,0.544779897,0.2980178,-0.087690093,0.739272475,0.563737988,0.275344402,-0.403552771,0.972292781,0.525281072,0.253621131,-0.29754582,0.787060738,0.552309155,0.260366499,-0.444950759,0.9532004,0.517998099,0.23919937,-0.336421907,0.712570906,0.5510391,0.250719607,-0.438901246,0.949764013,0.524701476,0.241759345,-0.341087103,0.703295887,0.554783762,0.25922516,-0.403912485,0.915239811,0.529012203,0.250162452,-0.307992876,0.697804809,0.61647594,0.551885545,-0.043088254,0.999893665,0.573126554,0.540557206,0.042889535,0.999815524,0.613618791,0.720543504,-0.062454559,0.99786526,0.548744321,0.68129915,0.146221966,0.994843066,0.631028831,0.87983042,-0.015529479,0.998453796,0.525409579,0.805059671,0.314962178,0.993085504,0.635390043,0.894943833,-0.018616747,0.916369438,0.532559097,0.82354033,0.326422244,0.930818617,0.618967474,0.947499931,-0.149913728,0.995879233,0.500841081,0.855682373,0.249241114,0.989343226
1,0.540032744,0.460208803,-0.385052443,0.999337018,0.546974063,0.437311143,-0.38943693,0.999215722,0.548180997,0.437522858,-0.389360338,0.999237359,0.551295996,0.438785285,-0.389426947,0.999338031,0.543347538,0.45016098,-0.366774023,0.998362899,0.541004539,0.436987013,-0.366818786,0.998021185,0.539412916,0.434807599,-0.366835892,0.998053968,0.569357097,0.454898924,-0.366136789,0.999159157,0.547895551,0.440063953,-0.264041305,0.99756813,0.54771626,0.480057746,-0.370447218,0.998148441,0.542594314,0.476551324,-0.343291074,0.995377541,0.597837329,0.522121549,-0.353537112,0.997000813,0.53997314,0.4969863,-0.179772109,0.994142115,0.564748287,0.496509761,-0.515310466,0.983617723,0.517168581,0.468687266,-0.228412673,0.639804721,0.523196816,0.384237975,-0.594986439,0.977462947,0.510633349,0.388104767,-0.330782682,0.625980139,0.514245152,0.356653005,-0.632882059,0.967989266,0.506997883,0.366914272,-0.352333993,0.53543222,0.515956044,0.348102599,-0.623763204,0.963267386,0.502874732,0.369955331,-0.352393538,0.500998557,0.518214107,0.356921941,-0.594596684,0.924540699,0.50460881,0.376791924,-0.336520493,0.497206211,0.614077926,0.662284315,-0.048863597,0.999902606,0.568535209,0.652809083,0.048898783,0.999762058,0.619156957,0.768918753,-0.282493174,0.9984079,0.50672859,0.704233825,-0.10425631,0.993988395,0.628873169,0.893741369,-0.135877132,0.998013914,0.521013021,0.813222945,0.103754304,0.988164902,0.63452369,0.908266366,-0.129382402,0.94315958,0.532957435,0.828780055,0.119159281,0.971841693,0.617276907,0.954310954,-0.256983817,0.991728485,0.496898264,0.85874933,0.047471344,0.979202569
0,0.607711732,0.262186676,-0.172094777,0.999833226,0.61513108,0.250831336,-0.163646728,0.999781132,0.618822992,0.251664042,-0.163657039,0.999758065,0.622599483,0.25255391,-0.163620546,0.99978435,0.60697186,0.249440894,-0.152037814,0.999714196,0.604960799,0.249279186,-0.152041823,0.999621034,0.603155971,0.249233544,-0.152017564,0.999676585,0.630137086,0.261853784,-0.1040259,0.999607027,0.60436976,0.255732715,-0.049683709,0.999432325,0.614302576,0.278933227,-0.150140792,0.999726534,0.603245616,0.275701255,-0.134386063,0.999589562,0.647543371,0.338585198,-0.155999511,0.999590874,0.585667491,0.315920502,0.009901028,0.9987064,0.619283259,0.322758079,-0.354444146,0.994087577,0.546652257,0.281530946,-0.148583621,0.845679879,0.571983576,0.273453951,-0.464203596,0.986631393,0.524857998,0.250658959,-0.393158644,0.865923107,0.559338748,0.263367414,-0.508298099,0.974759102,0.519620955,0.23351568,-0.437095881,0.805129886,0.556106627,0.253225088,-0.499733031,0.972765684,0.524285495,0.233050555,-0.440867841,0.803517759,0.560619235,0.260255009,-0.463921398,0.953543127,0.527548671,0.243322611,-0.404860824,0.804086447,0.616514862,0.555096149,-0.049990442,0.999915242,0.57448864,0.542926311,0.049737908,0.999848306,0.616209686,0.720010519,-0.066553637,0.998350084,0.548105896,0.679707825,0.120938107,0.995572448,0.63203752,0.880879223,-0.023019867,0.998698175,0.525267243,0.813385844,0.247300103,0.994333327,0.63593173,0.898737669,-0.027089614,0.927506745,0.531417727,0.836263299,0.254727393,0.9478935,0.620042264,0.94695121,-0.159842342,0.996385932,0.499057442,0.859275997,0.171841055,0.991041601
1,0.55871284,0.433366507,-0.327254027,0.996706784,0.567555606,0.428698868,-0.331237257,0.995453477,0.570089281,0.430680603,-0.331202626,0.995083213,0.572636485,0.431782186,-0.331277043,0.996252477,0.564876795,0.426320314,-0.311704904,0.992147326,0.565249801,0.425906718,-0.311768085,0.990573525,0.56548363,0.425377786,-0.311842024,0.99346447,0.583713531,0.440545559,-0.308169812,0.991345704,0.572625041,0.432049692,-0.216691345,0.991140783,0.563302457,0.445204705,-0.3149876,0.989685297,0.560002744,0.441569269,-0.288651139,0.985313118,0.605702758,0.505737543,-0.315841973,0.990271211,0.553153098,0.466334313,-0.133856311,0.995791912,0.563139558,0.465976596,-0.440188259,0.984706879,0.527386069,0.420906782,-0.121539429,0.860237658,0.519527256,0.361209542,-0.498774529,0.974307477,0.497207582,0.355866402,-0.185866609,0.935480237,0.507606268,0.322019607,-0.537118673,0.957649231,0.492424816,0.32274124,-0.205988094,0.892588556,0.510785639,0.312844008,-0.529156089,0.95224613,0.493722528,0.330180138,-0.219670177,0.890051425,0.514616847,0.32285428,-0.498535722,0.91317004,0.496455282,0.33405301,-0.196563154,0.88939321,0.614291072,0.656407416,-0.043389235,0.999273479,0.570037067,0.647041023,0.043339342,0.999528468,0.62184459,0.777509034,-0.160932884,0.994266927,0.508972645,0.70373261,-0.129182413,0.995042443,0.630333364,0.890408397,0.028008455,0.994662046,0.519514322,0.811654806,0.09196607,0.988958657,0.632422805,0.904517889,0.040852714,0.878320992,0.53065908,0.828484595,0.109934568,0.960236251,0.621686995,0.948773682,-0.066483796,0.979062021,0.496808857,0.861290634,0.043825973,0.978057325
0,0.600930333,0.267669678,-0.167759985,0.999471307,0.608700752,0.255774885,-0.161093861,0.999319255,0.612633526,0.256354004,-0.161100537,0.999196589,0.616393089,0.256912768,-0.161038071,0.999340475,0.59918344,0.25518465,-0.148045257,0.99918592,0.596786559,0.255168974,-0.148060992,0.998862505,0.594783783,0.255286753,-0.148066431,0.999072909,0.623526931,0.262710899,-0.109370016,0.998694599,0.595759392,0.259510219,-0.04621283,0.998313963,0.608170331,0.283522129,-0.147625789,0.999245346,0.595633209,0.281613559,-0.130136505,0.998893619,0.642256558,0.33923018,-0.146969453,0.998957276,0.579192758,0.313646078,0.012708051,0.997116923,0.602081895,0.323197067,-0.321053863,0.990573704,0.540679395,0.284081489,-0.118966714,0.871380806,0.561060309,0.26947847,-0.430005312,0.970730126,0.516924262,0.235521734,-0.34818548,0.880344689,0.549026549,0.255232632,-0.473068237,0.950984359,0.510196507,0.217210829,-0.389426947,0.81243974,0.546433628,0.246932685,-0.465644449,0.947169244,0.515819013,0.220363677,-0.396155834,0.808320284,0.550443292,0.253677398,-0.429779202,0.92110002,0.519152462,0.226226911,-0.360069484,0.811590552,0.613298953,0.552946746,-0.04499808,0.99987793,0.56807059,0.542865217,0.044785745,0.999747336,0.615007401,0.719509065,-0.079701364,0.998046994,0.545901656,0.67965126,0.140083089,0.994375646,0.632296205,0.883434355,-0.052585661,0.998759508,0.524218738,0.810342669,0.286900133,0.99358809,0.634979606,0.901916444,-0.058292676,0.949562669,0.528887749,0.83058089,0.295479506,0.94994849,0.620881557,0.947823524,-0.197116405,0.99634999,0.497932613,0.858822405,0.214955688,0.989212513
1,0.504384637,0.406870872,-0.119576059,0.998314381,0.512500703,0.396206528,-0.137026951,0.998825073,0.51423645,0.397880733,-0.137063473,0.998960614,0.515992105,0.399563521,-0.137132451,0.999135673,0.511411786,0.394418985,-0.106330916,0.998382807,0.512292981,0.394836336,-0.106349766,0.998202562,0.513382256,0.395399362,-0.10634432,0.998246253,0.527553976,0.414097041,-0.182651967,0.997912765,0.525918186,0.409129918,-0.043726347,0.998221457,0.508219659,0.424764365,-0.134601846,0.997229874,0.506849647,0.422832787,-0.094001509,0.996228278,0.529824138,0.483610123,-0.243978783,0.998825431,0.535758436,0.460289478,0.041663818,0.981853306,0.458516419,0.412987471,-0.326331019,0.981052279,0.469259411,0.401877135,0.084101804,0.199394941,0.406777769,0.311172962,-0.320888758,0.955960214,0.418579578,0.311837077,0.000729724,0.479078919,0.391874194,0.286405414,-0.366553992,0.933801711,0.403362274,0.283677489,0.000186788,0.55251199,0.396579415,0.276772648,-0.34910056,0.923200965,0.405032694,0.276534617,-0.028005889,0.566455722,0.4020316,0.283698469,-0.316496581,0.889723122,0.411101639,0.286474437,-0.014698473,0.580975413,0.617692649,0.702043056,-0.106890522,0.998859346,0.606545746,0.672696352,0.107141033,0.996559978,0.516229033,0.753779769,-0.157745138,0.982569873,0.509261966,0.673393726,0.237094283,0.310511649,0.558793902,0.938386679,-0.096622214,0.959082901,0.541441917,0.803865671,0.354277074,0.406229645,0.57884115,0.960975647,-0.09217447,0.918613851,0.550280094,0.821273029,0.363603383,0.465411663,0.52765429,0.975733042,-0.10275887,0.932561398,0.515719414,0.838113725,0.384487212,0.516696095
0,0.58901906,0.204068989,-0.026732231,0.999185681,0.597335219,0.188589439,-0.047189813,0.999237418,0.599423468,0.189063877,-0.04725831,0.999290049,0.60160023,0.189576566,-0.047245778,0.999388933,0.596020818,0.18692854,-0.015220309,0.998792768,0.596985579,0.186332956,-0.015215804,0.998334229,0.598177373,0.185819834,-0.015241096,0.998501182,0.614755094,0.202214688,-0.097049855,0.998934984,0.609556913,0.197080001,0.046757992,0.997428238,0.592648685,0.223171383,-0.041702699,0.998931408,0.590771079,0.220771134,0.000102336,0.997445822,0.622270942,0.290845037,-0.167411759,0.999675393,0.598022759,0.286781102,0.137439504,0.995212972,0.538816571,0.268716782,-0.234334752,0.988005757,0.534686983,0.273962408,0.189958319,0.205814287,0.474351555,0.205118313,-0.236614853,0.977828681,0.473354965,0.207736328,0.121948823,0.387532651,0.454044163,0.18523021,-0.267520815,0.968053401,0.456502616,0.187971219,0.117405251,0.388082355,0.456927359,0.174204394,-0.255689532,0.966184437,0.457708597,0.18256624,0.088022359,0.399481565,0.46220246,0.182156548,-0.23094447,0.942272604,0.463453382,0.191855833,0.104947805,0.411102742,0.591256738,0.540903032,-0.085602619,0.999944627,0.562927961,0.533151567,0.085436687,0.999574661,0.573668599,0.730251968,-0.171932787,0.979450822,0.545575678,0.692301691,0.23888433,0.51981622,0.566034436,0.943612993,-0.223624185,0.99529779,0.538589776,0.821573198,0.397056639,0.775524676,0.573015094,0.978402197,-0.233264491,0.984851062,0.547879815,0.849444389,0.410440624,0.772594213,0.522137642,0.977522552,-0.346508533,0.994297028,0.493944407,0.847098947,0.37799868,0.902035773
1,0.487281412,0.426716954,-0.110997215,0.997315705,0.493019015,0.409965724,-0.128776714,0.998214126,0.494432122,0.409892738,-0.128823578,0.998393476,0.495825619,0.410049111,-0.128906131,0.998710692,0.492655277,0.409335881,-0.09763553,0.997685134,0.493754238,0.408796728,-0.097634606,0.997368932,0.494895875,0.408394575,-0.097644463,0.997248292,0.508619189,0.417334378,-0.177524418,0.996963501,0.50772351,0.415138632,-0.035412759,0.996575296,0.493175328,0.437503308,-0.127119139,0.996437669,0.492604434,0.435695946,-0.085707098,0.994363129,0.524637043,0.485217661,-0.241416126,0.998889029,0.527021229,0.467336237,0.05001343,0.981018066,0.463724524,0.405730814,-0.335220456,0.978087127,0.469345629,0.401173145,0.095874451,0.169722229,0.404880673,0.308514833,-0.343236208,0.957718968,0.416376352,0.314073712,0.000893882,0.482490122,0.392521948,0.283329427,-0.388176143,0.937022448,0.405717194,0.286754936,0.00225755,0.570099413,0.397716463,0.272177786,-0.36880523,0.926428378,0.406705707,0.278708607,-0.027286028,0.582806706,0.401791483,0.280050755,-0.337974519,0.891821265,0.410724729,0.288862109,-0.014766256,0.595330417,0.615533352,0.692770302,-0.109517142,0.999229252,0.602445126,0.664730728,0.109742604,0.997225761,0.51605165,0.754921138,-0.174860448,0.983641326,0.506317973,0.66485399,0.235877469,0.292473108,0.556362927,0.937634587,-0.118518129,0.967063308,0.534288585,0.791578948,0.346116036,0.388615131,0.576726139,0.960575104,-0.115356222,0.928592801,0.540940166,0.804032803,0.354158044,0.444572806,0.528302848,0.981209636,-0.139042154,0.942828298,0.508107066,0.834215641,0.369828939,0.512599707
0,0.595842421,0.19879207,-0.033087477,0.999301255,0.605385721,0.183941603,-0.054317635,0.999345422,0.607095599,0.184321001,-0.054386992,0.999383152,0.609095216,0.184888676,-0.054371543,0.999472678,0.604221702,0.182904482,-0.020320963,0.998951495,0.6051386,0.18252328,-0.020318098,0.998577595,0.606301785,0.182145134,-0.020349374,0.998769641,0.622627914,0.198953316,-0.10830228,0.999057472,0.618484139,0.194527015,0.045016348,0.99776417,0.598616719,0.218628749,-0.049374085,0.9989959,0.59651053,0.216714859,-0.004936709,0.997622192,0.6277107,0.290999949,-0.185432628,0.999561429,0.601100981,0.284291804,0.137183458,0.994584858,0.545445085,0.265978932,-0.25577867,0.985876977,0.539613783,0.269187808,0.190945163,0.253025323,0.48012048,0.199560523,-0.2480793,0.973710597,0.478017271,0.200694129,0.115849033,0.45302996,0.460222811,0.179388195,-0.280333936,0.962767839,0.462402344,0.186137065,0.109285191,0.44355303,0.461477429,0.166454151,-0.269793391,0.960413814,0.462358713,0.177551985,0.077266246,0.456906676,0.466769397,0.175282329,-0.242784664,0.935103178,0.467183113,0.19236967,0.097266719,0.473090321,0.592352331,0.539828897,-0.090053245,0.99992317,0.563792288,0.529505849,0.089881018,0.999504805,0.574112058,0.731969476,-0.122965693,0.979230821,0.547058225,0.691807926,0.248089403,0.506042004,0.565384746,0.945460916,-0.133847043,0.994424284,0.5356794,0.814995646,0.421027988,0.753066003,0.572496772,0.979824305,-0.139848128,0.982752442,0.545127869,0.845072508,0.435956776,0.757059395,0.5227198,0.985821307,-0.251524001,0.992711961,0.493122488,0.844252288,0.400797039,0.887973726
1,0.508313775,0.402288705,-0.107015267,0.997720003,0.515390337,0.386586517,-0.124973476,0.998342335,0.516805351,0.387021482,-0.125017866,0.998545051,0.518199801,0.387838691,-0.125075072,0.998818934,0.514999509,0.385745972,-0.093715295,0.997593641,0.516079247,0.385455012,-0.093731597,0.997288525,0.517279983,0.385479003,-0.093745925,0.997417808,0.529504776,0.398971081,-0.17282401,0.99712944,0.529779792,0.395045847,-0.030589351,0.997094035,0.512963593,0.416400492,-0.122949757,0.996323645,0.512533247,0.41509366,-0.081685446,0.993968248,0.535092413,0.468361408,-0.243521959,0.998231769,0.544285953,0.448601753,0.059327077,0.975621164,0.467421144,0.39123252,-0.332632929,0.979842246,0.477328688,0.382341802,0.105143011,0.24095206,0.414459527,0.293492347,-0.328629166,0.952771127,0.425506264,0.291562259,0.015412082,0.517219126,0.399783313,0.271173835,-0.374235421,0.931195796,0.410879463,0.264042944,0.014177052,0.586329043,0.404158175,0.259114116,-0.354825556,0.920936286,0.41221571,0.256530225,-0.014985792,0.599024951,0.409732819,0.26683712,-0.323179722,0.886691928,0.418042362,0.265814334,-0.000979858,0.613783062,0.620621622,0.69647783,-0.110208526,0.998097897,0.609302163,0.669116139,0.110469259,0.994234383,0.52295512,0.745193839,-0.162573978,0.979118466,0.513737023,0.670752406,0.223204732,0.38038215,0.56252563,0.940104783,-0.100775436,0.96150589,0.5441221,0.817930341,0.337644994,0.403295308,0.579334736,0.961591065,-0.096778154,0.925098479,0.555290103,0.831709206,0.346374273,0.476383209,0.523697734,0.972456694,-0.116615094,0.941862404,0.518991351,0.861824393,0.360564649,0.514004409
0,0.589993775,0.202144772,-0.062196143,0.998763323,0.599008024,0.187562034,-0.084060848,0.998782575,0.600928724,0.187796339,-0.084126398,0.998792052,0.603093624,0.187970951,-0.084105894,0.999003291,0.597472131,0.185966894,-0.049376156,0.998379946,0.598349512,0.185151353,-0.049382251,0.99762553,0.599436462,0.18428053,-0.049449634,0.997889221,0.616948605,0.199561983,-0.138265461,0.998043358,0.612796009,0.195716441,0.019439304,0.996472836,0.593551576,0.222101063,-0.078154974,0.998447895,0.591209173,0.219864979,-0.032498855,0.996750653,0.625487328,0.287331492,-0.209620431,0.999687791,0.598141372,0.28090331,0.105172694,0.996659994,0.552058578,0.258067906,-0.300213754,0.992268384,0.557426155,0.335260868,0.193139344,0.160385117,0.486407667,0.193784922,-0.280495405,0.979600906,0.519377768,0.395448655,0.147607937,0.254124731,0.467080653,0.176730499,-0.31461814,0.968294084,0.51218015,0.408502668,0.144548878,0.25747177,0.467617363,0.164144307,-0.301383197,0.967004418,0.513278604,0.408170193,0.115538299,0.263854206,0.472441435,0.170956641,-0.274257183,0.94089061,0.516505599,0.404248983,0.132739842,0.27098754,0.588500202,0.539507747,-0.089923643,0.999933779,0.56048876,0.531435251,0.089829788,0.999530673,0.571865976,0.731219888,-0.162051022,0.969962835,0.552760482,0.702296257,0.279543161,0.411683351,0.564527512,0.94621861,-0.189538524,0.991659641,0.540609002,0.822660744,0.491445631,0.643368602,0.572369933,0.980208099,-0.196595788,0.974341214,0.548094571,0.848627031,0.509765148,0.659976721,0.523223042,0.987066209,-0.317806572,0.990722537,0.497416407,0.8459723,0.475908846,0.833919764
0,0.474189997,0.219876826,-0.196834192,0.999993622,0.479704142,0.207375139,-0.178370744,0.999989808,0.482856184,0.20765768,-0.178383321,0.999986649,0.485792965,0.208031148,-0.178405747,0.999987006,0.469506443,0.207508653,-0.180614278,0.999990106,0.466017723,0.207684532,-0.180612177,0.999988437,0.462741196,0.207782358,-0.18054232,0.999990523,0.491127551,0.217253342,-0.062304486,0.999979496,0.458315283,0.217255026,-0.073420301,0.999982297,0.480512708,0.237430036,-0.1528285,0.999993622,0.467812359,0.237541392,-0.156218082,0.999995053,0.513661802,0.312058777,0.005835245,0.999969184,0.434690297,0.308678657,0.00268251,0.999937117,0.533672512,0.41745007,-0.060427159,0.98974216,0.412602514,0.411943763,-0.055252798,0.972121716,0.491190523,0.417740464,-0.255735368,0.981735587,0.448338509,0.423560023,-0.246570796,0.961264551,0.4780581,0.416633904,-0.303025424,0.951632857,0.455060393,0.423264265,-0.293452263,0.921234012,0.476000696,0.405496597,-0.306470215,0.951348007,0.457042128,0.408854157,-0.296177268,0.916650653,0.478712261,0.404059649,-0.26099962,0.920290411,0.455673307,0.408067614,-0.250924766,0.873256028,0.497536182,0.513599157,0.004060161,0.999756396,0.450235903,0.511916876,-0.004062784,0.999718249,0.503839433,0.691455126,6.71E-05,0.996452689,0.445845544,0.687053919,-0.009056682,0.996528864,0.511036634,0.845568359,0.157150045,0.995738506,0.435170829,0.848338306,0.140599951,0.997027278,0.50585568,0.865624309,0.165798113,0.931186497,0.440334976,0.872593284,0.147924393,0.927387297,0.517376304,0.902867556,0.035536058,0.99258703,0.428855032,0.901890814,0.017203063,0.993592322
1,0.469491899,0.55526787,-0.353533208,0.999990702,0.475414276,0.540701449,-0.342801273,0.999965072,0.478668988,0.539623737,-0.342787266,0.99997133,0.481532425,0.538508534,-0.342844397,0.999925733,0.463522851,0.541737139,-0.341967463,0.999975085,0.459780872,0.541073501,-0.342047393,0.999984145,0.457123697,0.539779484,-0.342056602,0.999971926,0.48620826,0.537719488,-0.255226523,0.999948502,0.45254153,0.541026473,-0.251139224,0.999986827,0.475259364,0.566630661,-0.318130791,0.999995232,0.463376671,0.568470776,-0.31719932,0.999997675,0.508219123,0.603603303,-0.197891161,0.99996233,0.429694474,0.605677009,-0.185727075,0.999972999,0.527424932,0.71288985,-0.299506545,0.99513495,0.40164414,0.714155436,-0.298434228,0.996002376,0.47985062,0.689149022,-0.439723194,0.987342596,0.443526417,0.689441025,-0.443897158,0.975339651,0.468528211,0.67477262,-0.471937478,0.9690516,0.450448364,0.671457648,-0.475610197,0.934583724,0.468193918,0.660225749,-0.454513639,0.961324155,0.450968504,0.659047067,-0.457809925,0.912514448,0.470757395,0.663908362,-0.434291512,0.90368861,0.450026423,0.662415862,-0.438508809,0.815146029,0.490908474,0.736284137,-0.004078499,0.999444902,0.447718292,0.737001479,0.00416839,0.999688327,0.524694085,0.758777261,-0.311481655,0.986391425,0.416092724,0.749210119,-0.290677965,0.983036578,0.511228025,0.84916544,-0.09322612,0.973530591,0.436149776,0.8529737,-0.082042456,0.989954293,0.504869819,0.862205744,-0.075715579,0.919138491,0.442419618,0.865785122,-0.065469861,0.959199071,0.51756537,0.901076734,-0.173166409,0.963019967,0.429149866,0.902731657,-0.160531163,0.975324094
0,0.473010957,0.235005736,-0.18186143,0.999994576,0.47814855,0.221267357,-0.165163457,0.999990821,0.481136233,0.220889345,-0.165182203,0.999988019,0.484054387,0.220456362,-0.165204719,0.999987364,0.467890888,0.221608713,-0.166757911,0.999990404,0.464226425,0.221161127,-0.166753069,0.999988616,0.461059898,0.220483363,-0.166683614,0.999990523,0.488954395,0.225355193,-0.050018989,0.999983609,0.457005441,0.225548804,-0.057900846,0.999986291,0.47901994,0.250065327,-0.137240499,0.999995828,0.466772646,0.250365883,-0.139687002,0.999996841,0.512523651,0.313028902,0.018989716,0.999985874,0.432892561,0.305215925,0.017510783,0.9999699,0.529173732,0.414346993,-0.047310248,0.99119103,0.409230411,0.406106442,-0.046147496,0.984494865,0.492339909,0.415732652,-0.25010106,0.985679269,0.445207834,0.418746263,-0.244157404,0.974964857,0.47997576,0.417666465,-0.298675358,0.963079154,0.453543335,0.421087354,-0.291104645,0.945650935,0.476874441,0.402738571,-0.302273214,0.962537706,0.455854595,0.406171262,-0.294271678,0.941976786,0.479417801,0.399110317,-0.255530238,0.934792459,0.454142183,0.402918845,-0.248862192,0.907013774,0.494650751,0.518154323,0.003728055,0.99984175,0.446111381,0.518727601,-0.003728088,0.999793649,0.504473567,0.693566918,-0.017315269,0.997158349,0.44356665,0.694732189,-0.016653704,0.99681282,0.51240766,0.849975348,0.153866738,0.995587826,0.437342405,0.844125509,0.148965508,0.996352315,0.507533073,0.865549743,0.164585084,0.932769418,0.443626881,0.86178267,0.158859327,0.928317904,0.51889348,0.904557228,0.034322176,0.991795361,0.431611687,0.902219296,0.030787226,0.992258489
1,0.472348839,0.556176901,-0.378893316,0.99999249,0.478117526,0.541565597,-0.368675888,0.999972463,0.481327295,0.54039079,-0.36865446,0.999979019,0.484133154,0.539401352,-0.3687253,0.999937057,0.465632349,0.54314357,-0.367455572,0.999979138,0.46195659,0.542830825,-0.367538393,0.999987721,0.459430456,0.542257249,-0.367559463,0.999974906,0.488449484,0.539040446,-0.282849014,0.999962986,0.455135763,0.54272157,-0.277227819,0.999989271,0.478605568,0.570026815,-0.344636977,0.999996066,0.465986103,0.573663592,-0.343084306,0.999997914,0.512149334,0.607132673,-0.221282154,0.999964774,0.432521999,0.607360601,-0.211403161,0.999966621,0.534950256,0.722227812,-0.334091097,0.995617628,0.403180927,0.72178787,-0.331932366,0.996530175,0.488510311,0.682890892,-0.477926195,0.98937583,0.447731316,0.689090192,-0.479966879,0.980809391,0.47724551,0.667768955,-0.509696186,0.971228302,0.455728829,0.672250748,-0.511062443,0.943696558,0.477292478,0.655741394,-0.489829004,0.962512493,0.455734253,0.663499892,-0.49268955,0.920921385,0.479634136,0.658566236,-0.471393645,0.902620912,0.454482704,0.66611582,-0.474335015,0.820395529,0.493696302,0.733298063,-0.003521512,0.999485254,0.45061937,0.73159492,0.003581394,0.999699414,0.52450949,0.758253932,-0.317497879,0.986449122,0.417591572,0.74928993,-0.289339483,0.984551013,0.511650026,0.848389268,-0.097643837,0.976379275,0.436857045,0.854647934,-0.081116326,0.992532611,0.50483489,0.863017082,-0.080320351,0.919136643,0.443377256,0.868067265,-0.065241531,0.961256862,0.519024193,0.900035918,-0.180102974,0.965402782,0.427808613,0.903645337,-0.163370371,0.979936779
0,0.473633379,0.237414613,-0.201873779,0.999995351,0.479131073,0.223491326,-0.18612051,0.999991894,0.482245296,0.222950175,-0.186139137,0.999989629,0.485150427,0.222594962,-0.186168432,0.999989152,0.468628556,0.223871067,-0.187157273,0.999991536,0.465044439,0.223437563,-0.187156305,0.999989927,0.462010711,0.223076165,-0.187086374,0.999991536,0.49008733,0.227120742,-0.071603343,0.999984682,0.458046108,0.227766633,-0.077596962,0.999985874,0.479937077,0.252646953,-0.157095328,0.999995351,0.467508495,0.252323627,-0.158952743,0.999996305,0.513219774,0.312081933,0.00024265,0.999987423,0.433825731,0.309892803,0.008535601,0.999957085,0.531880856,0.415062428,-0.065313466,0.992636502,0.410834968,0.416174531,-0.05895815,0.978907704,0.491852343,0.411078334,-0.26205492,0.988425791,0.448592842,0.414409339,-0.264706314,0.968180358,0.479734659,0.407202184,-0.309264213,0.96710217,0.458352417,0.409059495,-0.311115444,0.930666983,0.477824271,0.391301781,-0.310076177,0.966397941,0.459816873,0.393016487,-0.311953485,0.925199628,0.480493307,0.389676511,-0.265902668,0.940259337,0.458041519,0.392399222,-0.268393219,0.881529391,0.496772289,0.515814185,0.001261194,0.999817371,0.448302418,0.515707254,-0.001281846,0.999738634,0.503656566,0.689248145,-0.012152201,0.996298671,0.444959223,0.689508975,-0.007036167,0.996095777,0.511993706,0.845872164,0.156331569,0.995368063,0.436642975,0.843305349,0.153412133,0.99626565,0.507679105,0.862378597,0.166566521,0.935106993,0.441699982,0.863502145,0.162760079,0.926610231,0.51799345,0.903863788,0.036970548,0.991879284,0.432247162,0.89871192,0.035132058,0.99205792
1,0.471494019,0.551278055,-0.414405584,0.99999696,0.476883799,0.536494553,-0.403919309,0.999988019,0.480006218,0.535193205,-0.403893292,0.999990761,0.482690156,0.534054935,-0.403959125,0.999971807,0.464414775,0.538525999,-0.403319269,0.999991357,0.460765213,0.538106382,-0.403408915,0.999994993,0.458094895,0.537268639,-0.403422982,0.999990165,0.486685276,0.532441258,-0.312903404,0.999983549,0.453798145,0.537169755,-0.309873134,0.999996305,0.478044808,0.564630389,-0.37762779,0.999998391,0.465010703,0.568608284,-0.376906544,0.999999166,0.512282133,0.598803878,-0.242419198,0.999984801,0.431410402,0.599497199,-0.235035777,0.999985039,0.536681473,0.713485301,-0.344672918,0.996433616,0.402920008,0.715770066,-0.349584728,0.997776568,0.49251166,0.685411215,-0.493151367,0.989954472,0.44589144,0.691797316,-0.499457598,0.984163523,0.479196161,0.678189874,-0.527557731,0.972705781,0.455661595,0.681870461,-0.532616973,0.95166266,0.479597718,0.662665009,-0.510819793,0.964791894,0.456047386,0.667581797,-0.515188277,0.932159722,0.481322587,0.662457943,-0.488031238,0.9084934,0.453775883,0.6686728,-0.494048506,0.842478752,0.494737238,0.726152897,-0.003562211,0.999592006,0.45072943,0.72541374,0.003618988,0.999773443,0.523150027,0.758907557,-0.312047124,0.983313501,0.419494092,0.751509845,-0.286313027,0.981681347,0.511062264,0.846022785,-0.075251378,0.970194578,0.436648995,0.853852332,-0.063169196,0.990662038,0.504213512,0.859254301,-0.056452394,0.901200712,0.443219185,0.867142141,-0.045937188,0.955068409,0.518481612,0.89989996,-0.156599924,0.958055079,0.427322477,0.903786302,-0.144101679,0.976610243
0,0.474026918,0.233464956,-0.168828145,0.999997258,0.478798389,0.220230207,-0.152235419,0.99999541,0.481802404,0.21987173,-0.152250335,0.999993861,0.484871805,0.219332889,-0.152269393,0.999993622,0.468900383,0.220653921,-0.153791875,0.999995291,0.465272188,0.22033821,-0.153786123,0.999994338,0.462142646,0.219793558,-0.153713852,0.999995351,0.490205705,0.223808929,-0.037494738,0.999990106,0.458158016,0.225016683,-0.045915958,0.999992251,0.480128676,0.248258978,-0.124199092,0.999996841,0.468226016,0.248388693,-0.126764327,0.999997616,0.512916565,0.307850569,0.030143827,0.999986887,0.434139401,0.309695542,0.033011019,0.999966919,0.529994488,0.414240599,-0.04528651,0.991960764,0.412882626,0.421433568,-0.034280632,0.978745818,0.49244982,0.395804524,-0.248478457,0.988768697,0.449954122,0.406069309,-0.234413743,0.970693588,0.480815351,0.390360057,-0.295887232,0.968863487,0.458981901,0.398806721,-0.280240029,0.935243249,0.477549702,0.376547396,-0.296217501,0.968038619,0.46118322,0.383553952,-0.280551821,0.929752886,0.479804456,0.375134021,-0.252596676,0.942904115,0.459754765,0.38319397,-0.237874657,0.887720585,0.498818576,0.513149023,0.002823768,0.999832511,0.450488269,0.513837755,-0.002818764,0.99979198,0.504229486,0.687451482,-0.010043245,0.996028304,0.447129577,0.686106205,-0.01596139,0.99623704,0.511215687,0.843933046,0.15027082,0.995341599,0.435186476,0.846564293,0.136432856,0.996763647,0.505508304,0.861807942,0.159326345,0.934832096,0.439762264,0.868683457,0.144270569,0.931017458,0.518043876,0.903572857,0.030167559,0.992109656,0.429864168,0.900769949,0.015114369,0.992926657
1,0.469284862,0.553183258,-0.385604382,0.999991894,0.47529617,0.53926158,-0.375552744,0.999969304,0.478871763,0.538044691,-0.375523418,0.99997741,0.481708139,0.53687793,-0.375590831,0.999928057,0.463412046,0.540761888,-0.373819202,0.999977887,0.460584819,0.540230751,-0.373906195,0.999988198,0.457936049,0.539641082,-0.37392664,0.99997443,0.486509323,0.534932673,-0.29137665,0.999961674,0.45454374,0.538810909,-0.283302188,0.999990046,0.476973295,0.565884769,-0.351816833,0.999995708,0.464297861,0.56909585,-0.349576294,0.999997795,0.512880325,0.605148375,-0.229194045,0.999954581,0.432827413,0.603962183,-0.21823056,0.999965847,0.537961364,0.715348721,-0.34501189,0.996717572,0.402611881,0.724594474,-0.342351198,0.997173488,0.492004305,0.668804765,-0.490243375,0.992092431,0.446751416,0.683469594,-0.492635816,0.987647295,0.478686184,0.657071233,-0.521114349,0.976674914,0.454481512,0.665882945,-0.523542762,0.961357653,0.479087979,0.641113043,-0.499314129,0.968952179,0.454933226,0.656670511,-0.501896977,0.944307566,0.480782986,0.645236552,-0.482729018,0.917584717,0.453879416,0.660523355,-0.485585392,0.863765359,0.496256441,0.733337641,-0.002741422,0.99955368,0.451377153,0.731981039,0.002786835,0.999723256,0.524873614,0.767194271,-0.321579754,0.984059155,0.420309007,0.753550887,-0.291042,0.978641808,0.51135391,0.848460078,-0.074690886,0.964248836,0.436349392,0.852635026,-0.061574094,0.98913008,0.504206538,0.861526132,-0.053268831,0.896427333,0.442142308,0.863530457,-0.043188002,0.946907401,0.519139767,0.90070343,-0.146842033,0.948873937,0.427304566,0.904682577,-0.137830153,0.971514463
0,0.473434925,0.234793246,-0.194292679,0.999997318,0.478626788,0.220986217,-0.1782832,0.999995291,0.481666386,0.220552579,-0.178295672,0.99999398,0.484542936,0.219988808,-0.178312331,0.999993324,0.468571842,0.221413553,-0.178781956,0.99999541,0.465076834,0.221042871,-0.178784296,0.999994636,0.462055832,0.220381886,-0.178726062,0.99999547,0.489731312,0.224928945,-0.065856449,0.999990344,0.458311617,0.226131245,-0.069595359,0.999992669,0.479591429,0.248984948,-0.150716409,0.999996901,0.467668921,0.249406949,-0.151942521,0.999997675,0.51254344,0.313777715,0.001336789,0.99998343,0.434358299,0.311808378,0.013452625,0.999964774,0.52983743,0.419642091,-0.069216736,0.993039846,0.411341101,0.420901448,-0.050066542,0.979658127,0.490608692,0.407224655,-0.270390183,0.989346325,0.447672993,0.413762242,-0.25158599,0.971318722,0.478399932,0.40076986,-0.317638695,0.97025764,0.457024425,0.407282263,-0.297214568,0.93707478,0.475489914,0.384407371,-0.318786323,0.969267666,0.459034353,0.390305549,-0.298180699,0.93088448,0.477906227,0.383373588,-0.274575531,0.942892194,0.457522213,0.389643133,-0.255280942,0.886607528,0.497430414,0.515747726,-0.000209359,0.99982506,0.448877424,0.517345488,0.000183571,0.999805272,0.504293501,0.687844217,-0.008757291,0.996148765,0.444875896,0.688791513,-0.01275159,0.996611536,0.511115432,0.848940134,0.14497152,0.995359182,0.435129017,0.847304106,0.138934165,0.99686259,0.506356895,0.866952002,0.153138354,0.937979639,0.441200346,0.869669497,0.147794619,0.936587512,0.51852119,0.905084372,0.023858409,0.991950154,0.428301007,0.90137738,0.02065984,0.99288553
1,0.467767298,0.555641413,-0.402069658,0.999991536,0.474129736,0.541166782,-0.392463207,0.999967098,0.477643162,0.53993398,-0.39242962,0.999976218,0.480558217,0.538465142,-0.392495275,0.999922037,0.461746156,0.54282999,-0.390321583,0.999975264,0.458616972,0.542415559,-0.390410125,0.999986589,0.455971479,0.541773498,-0.390429467,0.999970138,0.485151052,0.536267638,-0.305224061,0.999960065,0.452289343,0.541140914,-0.295493692,0.999988317,0.475630701,0.569031715,-0.366868734,0.999995828,0.46251148,0.571304023,-0.364163846,0.999997675,0.512320578,0.607477546,-0.238667563,0.999956071,0.431396157,0.603986382,-0.225930184,0.999968708,0.533860207,0.719161332,-0.357689559,0.996078253,0.402722538,0.723327398,-0.355848044,0.996974766,0.488801628,0.671518564,-0.506914914,0.99208349,0.445784569,0.679660261,-0.512570024,0.986791372,0.476412147,0.655832231,-0.538600624,0.977909923,0.452965021,0.660810709,-0.54454571,0.960422039,0.477187485,0.6415838,-0.517285645,0.970861018,0.453472465,0.648055911,-0.522331595,0.942975402,0.479125887,0.645898223,-0.499655545,0.92150867,0.452572346,0.65277338,-0.50550741,0.861858964,0.495574713,0.733500779,-0.003502668,0.999529362,0.450446427,0.732378125,0.003576378,0.999719024,0.524328589,0.761191308,-0.336219281,0.987401664,0.416293055,0.747973621,-0.301386774,0.984303176,0.511006355,0.847506702,-0.085754283,0.973239899,0.43569079,0.852392733,-0.069677144,0.991672695,0.504037738,0.860005498,-0.065609701,0.919736326,0.442367494,0.864600539,-0.05167089,0.960694969,0.518758535,0.901809037,-0.164061382,0.961879551,0.426925033,0.906168044,-0.150125533,0.978035033
0,0.473297656,0.228875324,-0.185649902,0.999997795,0.479048878,0.215632856,-0.168275207,0.999995887,0.482169926,0.215993926,-0.168285906,0.999994695,0.485378265,0.216233298,-0.168299854,0.99999398,0.469064772,0.214654967,-0.169769451,0.999996066,0.465254128,0.214435831,-0.169767559,0.999995649,0.462014198,0.214243099,-0.169705778,0.999996185,0.490332365,0.223097652,-0.054731198,0.999991357,0.458597571,0.221300781,-0.063257314,0.999993861,0.47892651,0.244061634,-0.142203912,0.999997318,0.467204899,0.243264601,-0.144821167,0.999998152,0.511660933,0.316693097,0.009410111,0.999976277,0.433978558,0.311257124,0.016687876,0.99996388,0.527375221,0.420104474,-0.063218363,0.993013263,0.41196996,0.417153895,-0.046671499,0.980106294,0.489391863,0.404699713,-0.26260227,0.988160193,0.447911888,0.413904905,-0.245176345,0.970382214,0.477514833,0.399323344,-0.309847474,0.96773684,0.457096189,0.408157557,-0.290930659,0.935943842,0.47491169,0.384810507,-0.310890853,0.966729939,0.458853394,0.39234823,-0.291921079,0.929569304,0.477374136,0.383653611,-0.266860485,0.937619507,0.457493722,0.391893566,-0.248805165,0.883677483,0.496061742,0.512697637,0.000436749,0.999811053,0.447618157,0.514855683,-0.000476753,0.999813378,0.502727687,0.685387015,-0.002394549,0.996519327,0.443776041,0.688063383,-0.012510222,0.996973395,0.510748029,0.844976127,0.151095778,0.9956972,0.435082912,0.849640071,0.135815963,0.997314274,0.50668478,0.864209175,0.159470171,0.93633765,0.441018105,0.873462856,0.142570928,0.940820932,0.517406106,0.902225256,0.030025596,0.992533743,0.427789211,0.901222646,0.012982329,0.993685067
0,0.565327525,0.092156291,-0.007252661,0.999593854,0.560792089,0.075144999,0.003729136,0.999653995,0.559724212,0.073848374,0.003682813,0.999619424,0.558481991,0.072329953,0.003648073,0.999688983,0.560189664,0.075286545,-0.029447671,0.999649346,0.558843136,0.074231066,-0.02949601,0.999606311,0.557291389,0.072935894,-0.029553059,0.99968487,0.546458662,0.073525012,0.059217453,0.999239564,0.547363162,0.074529126,-0.087563887,0.999761045,0.55969286,0.104812197,0.017319683,0.999516487,0.558894634,0.104793601,-0.025381172,0.999707043,0.526848912,0.162964046,0.175640583,0.999209523,0.537077844,0.15833357,-0.174633056,0.99994266,0.520344913,0.285215259,0.22369802,0.041775744,0.532040656,0.289186895,-0.159796745,0.95918721,0.573592544,0.300502151,0.17207095,0.06618908,0.583083749,0.307501197,-0.045748033,0.763585269,0.586379111,0.301533431,0.170676395,0.085190348,0.595617175,0.310430676,-0.057453156,0.717570066,0.588602364,0.29401058,0.148610115,0.091321595,0.594746172,0.300155222,-0.048354842,0.702512801,0.584252954,0.293323964,0.158316731,0.096871093,0.590839565,0.298822671,-0.038384341,0.653427839,0.500585556,0.38601166,0.111393154,0.997448683,0.50262922,0.389098823,-0.111281261,0.998971879,0.514069557,0.567763329,0.184401542,0.317419052,0.516625524,0.583594322,-0.095098488,0.971142054,0.50102663,0.733556032,0.280743003,0.59233278,0.506138742,0.774580479,-0.084275723,0.971171021,0.492919981,0.756468654,0.286503166,0.619982839,0.499485165,0.807435334,-0.087044515,0.941530883,0.530696034,0.757798851,0.256118119,0.762794077,0.547206044,0.802044272,-0.157612145,0.966812193
1,0.596129179,0.371431321,-0.067529276,0.999799848,0.59329021,0.355640322,-0.057398301,0.99979049,0.592385173,0.354950786,-0.057454389,0.999803901,0.591291606,0.354125321,-0.05748545,0.999843419,0.592603922,0.356239706,-0.087591305,0.99979651,0.591327131,0.356186092,-0.087654009,0.99982661,0.589927971,0.356025875,-0.087662771,0.999845445,0.577753425,0.358408004,0.003468774,0.999860346,0.578100741,0.36006999,-0.131241187,0.999819756,0.591328084,0.386802882,-0.041804589,0.999643564,0.590099752,0.386735201,-0.080682576,0.99960947,0.550569177,0.444948912,0.104949139,0.999198854,0.560201108,0.451589465,-0.190670475,0.999748707,0.594800949,0.531462073,0.137679935,0.352522939,0.611448288,0.546436489,-0.177761942,0.970843673,0.637832284,0.504861474,0.065827288,0.37640518,0.64945358,0.499491632,-0.059553493,0.9682585,0.649033904,0.485754818,0.059932448,0.353719413,0.657309413,0.481213003,-0.080419011,0.95083946,0.643221557,0.477048069,0.050316237,0.362030506,0.650410056,0.473121017,-0.074347176,0.950502694,0.636425138,0.483401328,0.057921059,0.364354998,0.64600867,0.478000313,-0.056009244,0.936074674,0.478318781,0.611043334,0.093503356,0.999948561,0.481226116,0.622032404,-0.093422845,0.999966562,0.5527125,0.645856678,0.221343011,0.267744929,0.575358927,0.649595082,-0.062140264,0.982787549,0.506125808,0.742576182,0.35733062,0.479918867,0.512315691,0.772690415,0.109256409,0.953139484,0.491949022,0.756822705,0.372392714,0.54631114,0.496644258,0.793376267,0.128601387,0.942084312,0.530949473,0.785304785,0.384171307,0.68307972,0.543860078,0.806777716,0.14865756,0.945211172
0,0.563690066,0.087925449,-0.032398332,0.999699593,0.559457779,0.072031528,-0.021284271,0.999738634,0.558557868,0.071112677,-0.021270003,0.999717593,0.557448983,0.069911748,-0.021264853,0.999728024,0.558317125,0.071786843,-0.054175325,0.99972707,0.556770802,0.070868984,-0.054231845,0.999711454,0.554890037,0.069707051,-0.054296218,0.999751925,0.545099616,0.070728295,0.041077115,0.999393761,0.544503629,0.071414173,-0.105677567,0.99986434,0.558925509,0.101712048,-0.005740538,0.999669492,0.557146907,0.101036876,-0.048334233,0.999827087,0.522815108,0.145225659,0.135063648,0.999328315,0.532282174,0.145470351,-0.180031955,0.999968946,0.504982829,0.262949497,0.12198218,0.041767318,0.506262422,0.269292146,-0.149190217,0.965756893,0.542362154,0.271898061,-0.010242736,0.077818163,0.550617099,0.281377316,0.018480219,0.763925433,0.55440414,0.272935331,-0.030521622,0.107476182,0.562974811,0.282670021,0.020113964,0.690199435,0.557222009,0.265864789,-0.040963002,0.11566291,0.564305902,0.269408852,0.019345513,0.675256491,0.552834094,0.265638918,-0.022285132,0.123772815,0.560616672,0.268204153,0.024626603,0.6263569,0.50613749,0.381022096,0.105116583,0.996916413,0.508567095,0.384319484,-0.105223797,0.998630166,0.511784911,0.556264997,0.187562555,0.349754363,0.510608077,0.574178159,-0.074957184,0.971405327,0.501562953,0.72765708,0.274100244,0.586988211,0.504106283,0.77216059,-0.035280127,0.970908761,0.490946233,0.747509599,0.27879864,0.637699544,0.494638503,0.803050339,-0.03411923,0.945236862,0.534487069,0.754551351,0.245300621,0.757368803,0.546925426,0.802969456,-0.099010862,0.962515116
1,0.596118212,0.406398237,-0.055710692,0.999768317,0.593555093,0.390743345,-0.045916408,0.999793351,0.592889965,0.390217125,-0.045955203,0.999809682,0.59210366,0.389476657,-0.04597415,0.999841213,0.59238857,0.390650123,-0.074753001,0.999789178,0.590887368,0.390126377,-0.074822828,0.999838471,0.589250326,0.389495373,-0.074828841,0.999850333,0.578469157,0.392406285,0.013818154,0.999872208,0.578008056,0.393131346,-0.115270197,0.999840617,0.591560006,0.42158699,-0.03087629,0.999644995,0.589949489,0.421063662,-0.067950048,0.999617398,0.547922969,0.477974534,0.120984599,0.999270737,0.558529735,0.47923553,-0.176732346,0.999836624,0.587446094,0.570848644,0.153957099,0.316412956,0.603798032,0.585917413,-0.151537225,0.949921787,0.625832915,0.537532806,0.110899746,0.314993083,0.634567142,0.526983202,-0.006729689,0.948034286,0.63403976,0.51925981,0.112172678,0.284551442,0.642325044,0.508525908,-0.017696729,0.925874352,0.627970457,0.509666204,0.110215627,0.287562817,0.633093774,0.498011768,-0.014114788,0.925488591,0.624513507,0.516235888,0.107324496,0.2879152,0.628068507,0.50214237,-0.002679054,0.911947906,0.471468359,0.637800276,0.094721571,0.999961913,0.478720754,0.644119501,-0.094650283,0.999977946,0.553635001,0.639526308,0.196092516,0.194001764,0.571722448,0.646705747,-0.087776914,0.973550081,0.503188968,0.743897259,0.309460729,0.435440183,0.510026515,0.769971609,0.065411903,0.948154628,0.490625143,0.762939692,0.321985722,0.520494044,0.495986849,0.788912058,0.083976746,0.939911127,0.527851164,0.800447702,0.334588319,0.652328849,0.540189087,0.81081754,0.111114204,0.942593753
0,0.577002347,0.094336718,-0.030279845,0.99982053,0.57406795,0.078014806,-0.019930262,0.999857605,0.573087931,0.077172264,-0.019902898,0.999845147,0.571869493,0.075988114,-0.019900488,0.999857724,0.573011994,0.077285185,-0.054103702,0.99983573,0.571493924,0.076186493,-0.054159313,0.999831736,0.569752395,0.074809812,-0.054215215,0.999854207,0.558936954,0.075691663,0.042986088,0.999705374,0.557665646,0.075990103,-0.109222114,0.999934435,0.571216583,0.107546352,-0.003134926,0.999848723,0.569903255,0.106007509,-0.047334768,0.999911666,0.535103738,0.150438666,0.138104528,0.999563038,0.540315092,0.150781065,-0.183463603,0.999979138,0.520624995,0.269268364,0.090903372,0.055723168,0.51869905,0.276321679,-0.142356753,0.974209845,0.55772537,0.256679654,-0.073616289,0.118653171,0.56079185,0.271926194,0.053119861,0.824070454,0.566722691,0.250319958,-0.097528443,0.15215224,0.571100593,0.270096272,0.059953779,0.746853948,0.567837656,0.244657278,-0.098063551,0.159167215,0.571592093,0.256995887,0.054689806,0.731118441,0.564508796,0.246236846,-0.082561038,0.16705814,0.568237662,0.256822348,0.058556437,0.692825615,0.511874855,0.382033408,0.106514812,0.998455942,0.513976336,0.385535181,-0.106633797,0.99901557,0.512471616,0.563519239,0.179989696,0.299526632,0.513675094,0.575174391,-0.055775039,0.966714978,0.502366543,0.728859723,0.259994417,0.535118282,0.503921747,0.766159713,-0.009282922,0.965171993,0.495218128,0.756345809,0.264799386,0.600759566,0.496150196,0.800299227,-0.007296603,0.938744307,0.536103368,0.752001941,0.235257819,0.71538949,0.54613179,0.800171494,-0.067139924,0.956444204
1,0.596870899,0.406159073,-0.068587512,0.99979496,0.595942795,0.389892995,-0.057923742,0.99981904,0.595517516,0.389196396,-0.057961851,0.999830842,0.594971895,0.388357937,-0.057975698,0.999859095,0.593771875,0.389756769,-0.087736838,0.99981457,0.591775775,0.38885656,-0.087806083,0.999856055,0.589543104,0.387565583,-0.08779534,0.999867618,0.581349015,0.389396191,0.004065658,0.999871314,0.577551544,0.388593078,-0.128902152,0.999845564,0.592110455,0.421115965,-0.042879734,0.999669671,0.589529872,0.420047134,-0.081294216,0.999673903,0.550528824,0.469701976,0.10666319,0.999414623,0.559052408,0.476125807,-0.18719849,0.999865294,0.584187746,0.569056094,0.135952607,0.290272325,0.598701894,0.589061677,-0.159602001,0.957097411,0.622876048,0.537408233,0.079829395,0.293882132,0.632211626,0.534726799,-0.01621823,0.949919105,0.633136272,0.521903396,0.076855972,0.275382102,0.640882909,0.516124189,-0.0285568,0.925498366,0.627400637,0.510905206,0.07091929,0.280374587,0.633990884,0.504238009,-0.024287807,0.925047874,0.620910227,0.516949713,0.074101701,0.279430389,0.629413247,0.507834017,-0.011731995,0.91045332,0.473381758,0.628695786,0.095002316,0.99996078,0.479689181,0.638502598,-0.09490937,0.999979913,0.55091697,0.636805236,0.214311689,0.214712322,0.573216319,0.647295058,-0.109580234,0.978160858,0.504329801,0.742217183,0.337591827,0.462204307,0.513011634,0.774688125,0.027999025,0.962748468,0.492968798,0.762246966,0.350772202,0.534854472,0.498422146,0.792504311,0.045059647,0.955898702,0.530211449,0.779608309,0.364868671,0.665321887,0.541883111,0.809765518,0.069130331,0.955720365
0,0.573432624,0.09082491,-0.022432994,0.999881983,0.569381475,0.074399315,-0.01185414,0.999912918,0.568485856,0.073517621,-0.011835517,0.999904335,0.567448735,0.07237944,-0.011855272,0.99991554,0.568342209,0.073918112,-0.046694495,0.999894381,0.56678766,0.072849244,-0.046737213,0.99989146,0.56491673,0.071551681,-0.046776794,0.999903977,0.555163622,0.072442263,0.053371321,0.999813199,0.553813636,0.07298068,-0.097815596,0.999952137,0.568628788,0.103783689,0.004718972,0.999898672,0.567079604,0.102827817,-0.039889239,0.999932587,0.533116996,0.150924847,0.151758596,0.99960959,0.540045142,0.153545648,-0.172899231,0.999976277,0.526098073,0.278121531,0.090718769,0.07294029,0.527450383,0.28406781,-0.132665858,0.970554471,0.565297723,0.244106859,-0.090959445,0.148544163,0.570061803,0.255119652,0.068726853,0.838244796,0.571597457,0.231715664,-0.116042271,0.179519162,0.577885211,0.249161556,0.077617981,0.767764807,0.572486281,0.22790809,-0.112814769,0.185775548,0.576493263,0.239344358,0.071251184,0.751695275,0.568838716,0.229420051,-0.098778471,0.192600474,0.57359308,0.240492761,0.073966779,0.709432065,0.512705386,0.380603015,0.107629813,0.998868465,0.515625656,0.384554684,-0.107744738,0.999203742,0.515181661,0.564783633,0.17922391,0.294470042,0.515868068,0.5766415,-0.065276414,0.965198517,0.502670705,0.72877568,0.259644985,0.537026942,0.504965425,0.769289374,-0.036156978,0.965593338,0.494016796,0.754517853,0.264266312,0.594433069,0.497061104,0.803515136,-0.036213119,0.934313536,0.53500551,0.753296733,0.232503936,0.717958808,0.546093464,0.800842345,-0.101155236,0.958155334
1,0.598772168,0.41185993,-0.054781359,0.999741912,0.59741652,0.394909084,-0.045594327,0.999771655,0.596880972,0.394171953,-0.04563766,0.999789178,0.596206725,0.393238842,-0.045658167,0.999827325,0.595665932,0.394619167,-0.074082926,0.999769628,0.593957841,0.393825322,-0.074149266,0.999824584,0.592098355,0.392725021,-0.074150026,0.999829233,0.58249104,0.394851685,0.010473118,0.999843955,0.580574453,0.394765377,-0.116574228,0.999783754,0.593142867,0.426413804,-0.030895242,0.999590337,0.590923607,0.424528122,-0.067606151,0.999591827,0.55240196,0.474927217,0.113460362,0.999458194,0.560391545,0.4829005,-0.174776077,0.999823272,0.587418497,0.569298089,0.152457133,0.361356378,0.603421092,0.591310024,-0.152805984,0.955345094,0.624750614,0.535056889,0.114424087,0.337908626,0.632402301,0.534999609,-0.015926501,0.945511043,0.633925557,0.516676486,0.115708731,0.310180068,0.640100121,0.515750349,-0.026149293,0.918689966,0.628550529,0.506419897,0.112182558,0.313785106,0.63280642,0.503108263,-0.020543559,0.917709768,0.621405363,0.512758791,0.110531464,0.311820984,0.627954483,0.507536888,-0.010843039,0.901600301,0.479625136,0.638852477,0.092405371,0.999964774,0.484419256,0.650471091,-0.092365161,0.999978662,0.547970831,0.658163428,0.241761208,0.266069293,0.577261627,0.657370806,-0.08070676,0.976747572,0.504592836,0.757315397,0.36422947,0.527144194,0.513581336,0.7711882,0.036325596,0.970321834,0.489092201,0.771942735,0.378263831,0.614437759,0.497448862,0.793076575,0.051540963,0.967903554,0.529461384,0.789928675,0.395430744,0.71266681,0.54365027,0.808440983,0.076629288,0.964828134
0,0.570920527,0.08785978,-0.025394535,0.999857008,0.56723845,0.071926564,-0.014691124,0.999894023,0.566412389,0.071312487,-0.014672312,0.999884009,0.565413892,0.070422851,-0.014671601,0.999896049,0.566024065,0.071719669,-0.048504978,0.999867201,0.564424813,0.071056738,-0.048553802,0.999860764,0.562607765,0.070102111,-0.048607666,0.999876976,0.553270876,0.072335899,0.04947881,0.999776483,0.551234007,0.072769381,-0.100838639,0.999945045,0.566340208,0.101975113,0.002328052,0.999883652,0.564801097,0.101014964,-0.041311193,0.999923527,0.529430389,0.149603024,0.146608382,0.999639094,0.540087819,0.15317151,-0.175583616,0.999977648,0.517246723,0.275101513,0.086160809,0.067900412,0.520157576,0.283750027,-0.135136753,0.971667409,0.558318973,0.25419569,-0.089355513,0.142408118,0.565598428,0.264868498,0.061276823,0.820168257,0.566362977,0.242363483,-0.112744905,0.175410718,0.574617922,0.259447426,0.069496684,0.739367306,0.568529367,0.239450246,-0.110436521,0.182346255,0.573654711,0.248581648,0.064300418,0.720683575,0.564989448,0.240965992,-0.097189233,0.190161884,0.570484519,0.249718904,0.06689278,0.679192603,0.50831759,0.382362098,0.106250741,0.998741031,0.512698293,0.38638255,-0.106369689,0.999022365,0.511122942,0.566344261,0.17364423,0.298625439,0.512339652,0.57874161,-0.054345082,0.96345669,0.502375245,0.734711647,0.245886371,0.534837544,0.503448069,0.770233572,-0.005312144,0.96005851,0.495133698,0.762258172,0.249386862,0.598656535,0.496151865,0.802167594,-0.002825471,0.927811801,0.535847664,0.757512689,0.217295408,0.711347222,0.544851899,0.799335718,-0.062058002,0.951450467
1,0.598789632,0.417399526,-0.052690767,0.999747097,0.597729325,0.400783718,-0.043403078,0.999776006,0.597336233,0.399910599,-0.043451492,0.999785423,0.596848488,0.39884159,-0.04348224,0.999822021,0.59583962,0.40022406,-0.071735784,0.999770522,0.594096899,0.399139404,-0.071807906,0.999825597,0.59216553,0.397748232,-0.071807221,0.999836981,0.583424926,0.398813337,0.012506612,0.999843895,0.580364525,0.397943884,-0.113351442,0.999803662,0.593102455,0.431136608,-0.028858239,0.999591529,0.590966642,0.429500997,-0.065271094,0.99959743,0.55101198,0.476007879,0.114760533,0.999388039,0.560055614,0.483846754,-0.170260042,0.999844313,0.585370481,0.571981132,0.154515386,0.291712165,0.599378467,0.595115125,-0.139899343,0.949810863,0.619963169,0.539983392,0.123732865,0.277699709,0.629098058,0.539451182,0.006062188,0.936979055,0.628700793,0.521867692,0.125878856,0.258146256,0.636539936,0.519609451,-0.001719416,0.909276068,0.623774767,0.512246192,0.122723222,0.261125803,0.62833786,0.508347988,0.00274175,0.909574151,0.617505908,0.518906832,0.120193981,0.261285365,0.623506308,0.513289273,0.010842676,0.894827247,0.475800276,0.636891961,0.09270183,0.999970853,0.482977062,0.649395645,-0.092657797,0.999981642,0.545703053,0.656375825,0.217059568,0.240406543,0.576321006,0.65590483,-0.08018899,0.96982348,0.505230308,0.746610105,0.325923383,0.497957259,0.513611317,0.771147132,0.029246246,0.960801244,0.491162539,0.778407872,0.338545859,0.590331495,0.498556703,0.793258846,0.043990646,0.958639443,0.529678702,0.791594923,0.356024086,0.693534195,0.548022807,0.809736013,0.07056503,0.955970347
0,0.568171322,0.080866426,-0.020499703,0.999872267,0.564036965,0.064608879,-0.009568679,0.999904215,0.563175023,0.064095639,-0.009545024,0.999892712,0.562149048,0.063426308,-0.009543555,0.999908328,0.562855601,0.06437169,-0.043025069,0.999885619,0.561280072,0.063792147,-0.043085717,0.999878764,0.559603989,0.063096173,-0.043161221,0.999898314,0.549946129,0.066414326,0.053329807,0.999783635,0.54856807,0.066656679,-0.095860556,0.999943435,0.563915908,0.095329538,0.006445655,0.999883354,0.562789917,0.094312258,-0.036799736,0.999924719,0.529822707,0.148119718,0.147453785,0.999591351,0.54073143,0.150200829,-0.175146699,0.999972582,0.517691553,0.27178365,0.099347204,0.057971604,0.521371603,0.278925091,-0.135890752,0.970368207,0.558531582,0.257303506,-0.057735294,0.141275391,0.565760016,0.266051263,0.063701682,0.811150968,0.567253947,0.248185113,-0.079574019,0.179015964,0.575148702,0.262257814,0.07189773,0.735779226,0.568612754,0.244011134,-0.079095446,0.18670164,0.574399412,0.250833213,0.066889778,0.718117893,0.565587938,0.24610956,-0.066020742,0.189994842,0.570893884,0.251716673,0.06919919,0.68113333,0.510860085,0.382626772,0.107330605,0.99869591,0.515477657,0.3862876,-0.107493557,0.99909085,0.511309683,0.56638974,0.181256443,0.316359311,0.512302876,0.577229381,-0.05946251,0.968004048,0.500886858,0.732861578,0.260267437,0.572824597,0.503809631,0.770146787,-0.013411949,0.967599511,0.484261364,0.760944009,0.2648485,0.626394331,0.494956404,0.805599451,-0.011381997,0.937130392,0.532886803,0.75924778,0.235611007,0.739184022,0.54486382,0.801642954,-0.070822105,0.960098505
0,0.483685404,0.223946959,-0.087130018,0.999756157,0.489829242,0.211062968,-0.069765456,0.999680877,0.493119568,0.211138308,-0.069765374,0.999666989,0.495860249,0.211484119,-0.06974376,0.999671519,0.479856551,0.211385086,-0.07084284,0.999524951,0.476724625,0.211615667,-0.070845895,0.999468446,0.473785877,0.211977467,-0.070816353,0.999376357,0.501702189,0.220615894,0.026585329,0.999821305,0.470051289,0.220462233,0.022928506,0.999470115,0.490311146,0.240431175,-0.051148999,0.999714434,0.477737814,0.240227908,-0.052638453,0.999491811,0.521545053,0.297331929,0.015970822,0.999020159,0.449709475,0.293799371,0.001901568,0.997918129,0.5166623,0.302511841,-0.193852857,0.948537171,0.456463665,0.283655107,-0.22261484,0.935005426,0.473948866,0.274687737,-0.354189217,0.883359551,0.496743053,0.269091845,-0.375438422,0.63949424,0.466667414,0.267279953,-0.396633714,0.798982084,0.504485488,0.265219569,-0.416231722,0.503287077,0.466164976,0.265628397,-0.380359471,0.796010911,0.504216194,0.264728576,-0.401754141,0.487980932,0.469248205,0.269879818,-0.353619367,0.760060072,0.499620527,0.266857922,-0.375810385,0.47191906,0.506804347,0.510964692,0.003787211,0.999799728,0.462716013,0.509183466,-0.003845772,0.999753594,0.513099134,0.682100713,-0.028004739,0.992617965,0.457175493,0.681856692,-0.019262386,0.99454391,0.519147992,0.833683074,0.107459068,0.988729,0.451283306,0.8302145,0.10864836,0.989134431,0.513382971,0.85237819,0.114181019,0.811902046,0.456290305,0.848581016,0.113993645,0.778012633,0.525537014,0.889652848,-0.008703833,0.978755891,0.448091507,0.885644794,-0.005911673,0.976041555
1,0.484353304,0.543294668,-0.113898799,0.99979502,0.489611804,0.530852079,-0.101538107,0.999559462,0.492504746,0.530057669,-0.101508044,0.999528408,0.495036513,0.529129982,-0.101485655,0.999506712,0.479642302,0.530640244,-0.101119682,0.999380589,0.476330847,0.529772878,-0.101161376,0.999420881,0.473987728,0.528823018,-0.101162292,0.999453366,0.500879526,0.530693591,-0.032783616,0.999438524,0.470165879,0.531954288,-0.029177746,0.998946488,0.489768267,0.556501031,-0.087245509,0.999335051,0.478748798,0.55574429,-0.086460784,0.998962462,0.519438088,0.58894062,-0.02224412,0.999067664,0.450273424,0.592800498,-0.021832446,0.999141157,0.521400571,0.649001241,-0.112873815,0.967378199,0.445118099,0.642056823,-0.13238892,0.987324953,0.477563947,0.607194662,-0.173377648,0.949102879,0.491021723,0.591790915,-0.1941199,0.964539051,0.467488855,0.599551916,-0.187997133,0.861044347,0.504169881,0.582565248,-0.211841583,0.868932784,0.467223704,0.593465865,-0.170275435,0.835818172,0.504177928,0.57587105,-0.190721005,0.828684032,0.470778883,0.595170557,-0.167042434,0.789144635,0.499499887,0.579682887,-0.186489776,0.765850246,0.506126881,0.734479845,-0.003381505,0.99992913,0.466054916,0.733445048,0.003453513,0.999925494,0.529903948,0.735602975,-0.260848582,0.994558275,0.437088907,0.737254262,-0.230499789,0.995910883,0.518267632,0.838830471,-0.125473633,0.985804319,0.451128006,0.84214282,-0.106521025,0.992932618,0.512134492,0.852218032,-0.113906726,0.950591922,0.455807775,0.855799079,-0.095361739,0.968773901,0.523342192,0.88756299,-0.1876757,0.985554636,0.444675207,0.886252999,-0.170559987,0.989450395
0,0.482362092,0.225062311,-0.076753847,0.999804914,0.488254219,0.21214956,-0.058806337,0.999762177,0.491504014,0.212106243,-0.058794279,0.999731243,0.494152844,0.212343276,-0.058758508,0.999752104,0.478392363,0.212624416,-0.059088565,0.999684155,0.475206912,0.212633923,-0.059099801,0.999633968,0.472130775,0.212765783,-0.059090864,0.999631882,0.499995708,0.221349105,0.03618037,0.99981457,0.468525708,0.221964374,0.036044508,0.999639213,0.489069641,0.240775868,-0.041301291,0.999748409,0.476844966,0.241226137,-0.04168313,0.999647558,0.520538926,0.299484938,0.024117362,0.999144018,0.447866023,0.295646667,0.015071603,0.998902261,0.517067313,0.308689743,-0.186259985,0.958010793,0.449546397,0.291195393,-0.208621293,0.971152484,0.477536619,0.278174996,-0.338480175,0.937701821,0.495836437,0.272772312,-0.371401638,0.870453835,0.46887207,0.270379573,-0.379787445,0.888464391,0.504684567,0.266435534,-0.413841665,0.762638628,0.468858093,0.268202782,-0.36413008,0.883128166,0.50568819,0.26458171,-0.395422876,0.743881047,0.472401142,0.271960557,-0.337785304,0.855621159,0.501153409,0.266970724,-0.370124638,0.704791069,0.507125854,0.507740498,0.001657574,0.999836922,0.462186664,0.507641494,-0.001714672,0.999786437,0.514712334,0.681448519,-0.033395842,0.993489623,0.454482943,0.679384887,-0.021035444,0.995481431,0.518654048,0.835485697,0.092168503,0.989499092,0.449387968,0.835999787,0.091917478,0.990676761,0.512818933,0.852867663,0.097341225,0.813376963,0.455672324,0.853229582,0.095863089,0.803708851,0.525955856,0.89013505,-0.027740374,0.980954826,0.445620865,0.889172196,-0.025794307,0.980006516
1,0.482080072,0.538531303,-0.115225807,0.999761701,0.487003237,0.526113093,-0.10101293,0.999451995,0.489828348,0.525340974,-0.100988723,0.999388874,0.492390484,0.524510384,-0.100958288,0.999363482,0.477299154,0.526305199,-0.101322077,0.999242067,0.473817825,0.525735617,-0.101365983,0.999287307,0.471149355,0.525030315,-0.101368368,0.999319434,0.498155445,0.52645427,-0.029578045,0.99923867,0.46723637,0.528382182,-0.029080009,0.998654723,0.487398952,0.552211523,-0.087892227,0.999032378,0.476327181,0.551822901,-0.088097461,0.99848479,0.515925229,0.583657682,-0.021030428,0.999167979,0.445236504,0.592419803,-0.021955755,0.999023199,0.521242976,0.639320254,-0.102506638,0.969104528,0.440458149,0.636729896,-0.127046391,0.98885411,0.476652324,0.605214,-0.152825415,0.948051274,0.485185444,0.591133595,-0.183182806,0.966287434,0.466645658,0.597564459,-0.165637076,0.851411998,0.49792847,0.580225945,-0.200549126,0.868896723,0.465848386,0.591259837,-0.148818314,0.822221041,0.497168213,0.573624372,-0.179635227,0.825400293,0.469083071,0.593118906,-0.146533415,0.772915006,0.492718995,0.578088224,-0.175731227,0.759792924,0.504793465,0.727769554,-0.002805203,0.999920189,0.464254379,0.72758019,0.002895625,0.999912977,0.529843211,0.745322168,-0.255646408,0.993336976,0.434796154,0.744771838,-0.226355433,0.99569124,0.518205047,0.839845002,-0.107308589,0.984182715,0.450851917,0.840586782,-0.092200503,0.992913604,0.511760235,0.853787422,-0.095047854,0.944606483,0.455661058,0.853442729,-0.079789564,0.968327105,0.523629308,0.88855058,-0.168235451,0.98323518,0.445203483,0.886236072,-0.151450634,0.98913461
0,0.483980715,0.220464066,-0.093121767,0.999840498,0.489106566,0.207975596,-0.07544405,0.999803662,0.492161334,0.208186194,-0.075448409,0.999774873,0.495162576,0.20825772,-0.075424984,0.999796152,0.479249299,0.208267808,-0.076293588,0.99972558,0.476110846,0.208255127,-0.076294109,0.999678314,0.473027378,0.208282918,-0.07626494,0.999659419,0.500871003,0.218355671,0.020646922,0.999847651,0.46784848,0.21820125,0.017757781,0.999639153,0.489886045,0.237826109,-0.057245929,0.999797821,0.477625132,0.23853603,-0.058390431,0.999653459,0.521025062,0.298404962,0.007391891,0.999079466,0.447146326,0.294429094,-0.00304389,0.998407125,0.521445811,0.302269012,-0.210936666,0.956327915,0.454986095,0.288586706,-0.239107326,0.953626931,0.481687009,0.277216583,-0.372685224,0.924898088,0.491689593,0.269339889,-0.40935722,0.813370466,0.472145468,0.270110905,-0.415129036,0.869453073,0.497565746,0.263197929,-0.451748371,0.70414108,0.471058071,0.268574178,-0.399137318,0.863954544,0.498631537,0.262603521,-0.436354458,0.685765564,0.475439847,0.272174865,-0.372108787,0.837131739,0.494738638,0.265595615,-0.409812123,0.650915861,0.508287311,0.50948137,0.001755586,0.999838829,0.46310395,0.510256231,-0.001815769,0.999780238,0.513872206,0.681629121,-0.023334052,0.993188679,0.455867201,0.683706522,-0.014995572,0.995655835,0.5184111,0.835177422,0.099104658,0.98861146,0.449434429,0.836129904,0.096058443,0.990338206,0.512343466,0.853976607,0.104210302,0.811632395,0.455534875,0.854580104,0.099880509,0.785786867,0.525779486,0.890840411,-0.015004282,0.979606509,0.444775164,0.889513135,-0.016252398,0.97900039
1,0.480147749,0.523846388,-0.124821603,0.99969691,0.485545248,0.511522353,-0.112802431,0.999262393,0.488277495,0.510761738,-0.112774514,0.999166846,0.490914732,0.50993824,-0.112747297,0.999097884,0.475661695,0.512205958,-0.111987948,0.99913913,0.472018003,0.511415839,-0.112031437,0.999208868,0.46900782,0.510413885,-0.112040445,0.999268591,0.496654332,0.512563467,-0.044074021,0.99896574,0.465491533,0.512590528,-0.039024904,0.998590171,0.485736519,0.5374313,-0.097960517,0.99895376,0.473735005,0.537063777,-0.096782617,0.998607337,0.514551759,0.570952892,-0.029236536,0.99881196,0.443925619,0.578129828,-0.022648057,0.999351323,0.521179557,0.630953193,-0.103650078,0.96110791,0.436271012,0.628671706,-0.118964888,0.98783797,0.474932104,0.59581548,-0.148679346,0.930501461,0.48257789,0.579130769,-0.176497757,0.965473831,0.465305805,0.587253571,-0.15943341,0.817388654,0.495163143,0.567675889,-0.193147019,0.868047893,0.464904487,0.580241323,-0.144191176,0.782898009,0.494295985,0.559602857,-0.172034591,0.823885202,0.467987061,0.582685113,-0.142526209,0.726465523,0.489994943,0.564375937,-0.168751791,0.756554484,0.504879773,0.711696625,-0.004399993,0.999885142,0.464027166,0.712966859,0.004504004,0.999906778,0.53023541,0.74144721,-0.245704606,0.990921795,0.433663666,0.740095854,-0.227060005,0.995218813,0.518220901,0.838343501,-0.107424393,0.976438642,0.450455666,0.840253711,-0.101796255,0.992149353,0.511889756,0.852238953,-0.096032619,0.929197371,0.455979764,0.853731275,-0.091297224,0.970575511,0.524513364,0.885953367,-0.171012998,0.977295637,0.443451017,0.886353731,-0.163206369,0.988858581
0,0.482476473,0.221481726,-0.054313175,0.999739945,0.487805843,0.20946908,-0.03479078,0.999689162,0.490730673,0.209688902,-0.034788825,0.999658227,0.493981302,0.210099906,-0.034762133,0.999689043,0.478229851,0.209668696,-0.036673699,0.999577641,0.475099623,0.210037678,-0.036680914,0.999517441,0.471898019,0.210424826,-0.036652163,0.99949497,0.49995923,0.219200239,0.064712778,0.999777615,0.466677189,0.220035508,0.056636699,0.999488294,0.488121808,0.237784937,-0.017570389,0.999600649,0.475884765,0.237908125,-0.020185484,0.999396741,0.518985152,0.29343015,0.050078332,0.998847783,0.446382225,0.291961819,0.033262908,0.998152673,0.516095817,0.293153167,-0.150196999,0.93805331,0.453937292,0.283158183,-0.177640185,0.944311023,0.471093595,0.274235994,-0.294308007,0.853685379,0.497225523,0.265574992,-0.30893749,0.692931414,0.463097274,0.268012285,-0.334216923,0.754932702,0.505655348,0.260640293,-0.34676975,0.551868737,0.46114856,0.268631816,-0.319521248,0.751524746,0.506511569,0.259733021,-0.333697319,0.538528204,0.464745462,0.270643502,-0.294123948,0.719005287,0.500371575,0.262438238,-0.309114963,0.511871159,0.504884958,0.506561875,0.004529861,0.99983114,0.460880101,0.505921245,-0.004574605,0.999774694,0.511991382,0.679229319,-0.027589509,0.991324663,0.454727948,0.679100573,-0.026282221,0.994695842,0.517821014,0.83475548,0.090296343,0.98839134,0.448981464,0.833622515,0.086251646,0.989201307,0.512610197,0.853347123,0.09544453,0.824013531,0.455280304,0.851994812,0.090193465,0.77581799,0.525367081,0.890493453,-0.027545925,0.978766561,0.446259439,0.889015138,-0.031343859,0.976351202
0,0.522807956,0.087293856,-0.029115871,0.999684811,0.51830852,0.071511202,-0.021248186,0.99962616,0.517278016,0.071466692,-0.021251136,0.999404311,0.51612097,0.071385913,-0.021234559,0.999552846,0.517802179,0.071398005,-0.051404059,0.999720395,0.516531706,0.071341448,-0.051463597,0.999708951,0.515065551,0.071235061,-0.051476669,0.999772489,0.505509079,0.079680435,0.032414533,0.999447405,0.50539726,0.079739921,-0.105016172,0.99980855,0.519197643,0.104314357,-0.004963109,0.999511063,0.518548489,0.104636692,-0.044974677,0.999621689,0.48651737,0.167903766,0.123313606,0.996305346,0.500455618,0.156358942,-0.174718231,0.999520361,0.531651199,0.170717999,0.213412404,0.16782704,0.571317255,0.135091171,-0.141889513,0.924292922,0.530329227,0.144133285,0.268993646,0.029919699,0.537644088,0.135646254,0.085865326,0.319992781,0.528673828,0.136562318,0.278714895,0.027728807,0.532722175,0.128772497,0.095100224,0.283223033,0.526509762,0.140714586,0.276637256,0.030471593,0.526692331,0.138642058,0.082315534,0.274995804,0.528127491,0.146605507,0.26576215,0.039447915,0.526439905,0.145054698,0.087388039,0.305096447,0.485873371,0.398230821,0.0985246,0.998645306,0.489754766,0.399631977,-0.098635465,0.998745382,0.490353256,0.574151516,0.163124233,0.209690362,0.488218874,0.587924898,-0.049351074,0.924979687,0.483894169,0.745930791,0.233357027,0.466798842,0.483273566,0.77098906,-0.006315572,0.958625019,0.476198137,0.777931571,0.23793605,0.57747364,0.475757182,0.801571429,-0.005047821,0.941699862,0.526812911,0.759444654,0.211909056,0.660973132,0.527850151,0.797103524,-0.063220263,0.940808654
1,0.554996073,0.41185829,-0.020791139,0.999971509,0.55095005,0.398229688,-0.012200857,0.999977171,0.550039947,0.398160458,-0.012212431,0.999977827,0.548893452,0.398185641,-0.012179127,0.999977946,0.549953938,0.398985595,-0.037934374,0.999980748,0.548543811,0.399471819,-0.038042054,0.999985516,0.546908259,0.400051206,-0.038067285,0.999988258,0.535104513,0.406930298,0.035012614,0.999986529,0.534850538,0.409155399,-0.081903614,0.999990046,0.551397741,0.427192807,-0.001677389,0.999948621,0.549973845,0.428140104,-0.035325583,0.999954879,0.512135983,0.479786932,0.112532459,0.999452949,0.524293303,0.492518455,-0.15495196,0.999936044,0.553983986,0.473589152,0.141759142,0.348956883,0.593113482,0.514229715,-0.107303455,0.978999317,0.552076817,0.461371273,0.136866301,0.033573259,0.571550846,0.482883871,0.089922681,0.694613814,0.550025821,0.444219083,0.13953951,0.023591159,0.56489861,0.466282189,0.092031732,0.587977231,0.547294438,0.453362405,0.138613552,0.027287181,0.550016761,0.470572501,0.081060216,0.612207949,0.544844568,0.45897764,0.132968694,0.034295741,0.551118314,0.474146605,0.090603046,0.645084918,0.450570017,0.656735659,0.09130691,0.999982536,0.447962463,0.673265696,-0.091336869,0.999993742,0.529145896,0.626636028,0.204562977,0.215302914,0.536357403,0.64059633,-0.086963743,0.991784871,0.486070395,0.739644349,0.291731894,0.50111264,0.487649858,0.774339914,0.005255674,0.982567728,0.483000845,0.764582932,0.30099237,0.602558613,0.473471463,0.802303314,0.015829466,0.977840841,0.514620721,0.764010847,0.325651318,0.715586603,0.523141384,0.810437024,0.031899206,0.976133108
0,0.528993011,0.083125666,-0.031594783,0.99977392,0.524602771,0.068915591,-0.024047224,0.999724329,0.523452342,0.068870738,-0.024058601,0.999549687,0.52216965,0.0688769,-0.024024287,0.999658406,0.524319053,0.068557523,-0.05478438,0.999803841,0.523089528,0.068487898,-0.054856598,0.999790728,0.521778584,0.068429641,-0.054873526,0.99983722,0.511096478,0.07745266,0.027168021,0.999637127,0.512786031,0.077091038,-0.11382477,0.999867916,0.525294304,0.10106694,-0.008812712,0.999679506,0.525057673,0.100846894,-0.049598444,0.999763191,0.490957081,0.162723735,0.114407167,0.996510267,0.507574439,0.155388504,-0.184924483,0.999629021,0.523310065,0.160912484,0.232162148,0.149469852,0.578523993,0.132991567,-0.14091292,0.948507249,0.531616092,0.146434814,0.325053036,0.027947595,0.535908163,0.139180452,0.115987226,0.363902748,0.532879949,0.144665807,0.339241892,0.027883966,0.528524041,0.140910804,0.130134672,0.319732249,0.529955506,0.147259027,0.332509965,0.030982496,0.522963405,0.147815511,0.117005289,0.313748628,0.530590653,0.150223061,0.320561111,0.040860124,0.524173856,0.142885357,0.118078843,0.343747526,0.488142252,0.393607885,0.100196972,0.999098301,0.494134486,0.397620171,-0.100340866,0.999263883,0.493375927,0.56518501,0.190063089,0.174730703,0.491161734,0.580829084,-0.051599719,0.94111079,0.482488304,0.732333302,0.280794621,0.407799006,0.48319,0.764989734,-0.013630216,0.962074637,0.471775711,0.755245268,0.287706137,0.522696912,0.473015159,0.799460709,-0.013322601,0.945150733,0.520366549,0.754209042,0.265608966,0.621663094,0.528225064,0.796883821,-0.0759928,0.942272067
1,0.557947218,0.403345942,-0.025620192,0.999949574,0.553993285,0.38993606,-0.016389269,0.999961615,0.553101122,0.389792472,-0.016392225,0.999962807,0.551942647,0.38977322,-0.016355941,0.999964595,0.553016305,0.390627205,-0.042609889,0.999967277,0.551658392,0.391101956,-0.04271749,0.999974608,0.550116003,0.391661823,-0.042741377,0.999979615,0.538028181,0.398619473,0.032058038,0.999979019,0.538245797,0.401436329,-0.086842075,0.999982059,0.554397583,0.419403344,-0.006174339,0.999914825,0.553007603,0.42024675,-0.040490817,0.999924839,0.515013576,0.471061379,0.105072632,0.99929446,0.530422151,0.487554342,-0.160299063,0.99988091,0.555120111,0.457895964,0.129335597,0.288899153,0.595530272,0.510620952,-0.109628752,0.962429583,0.554098666,0.449155629,0.125461072,0.024249068,0.574604928,0.473683476,0.090140142,0.536837637,0.553056598,0.440682083,0.126966119,0.019346913,0.574277997,0.456590474,0.09084896,0.451177359,0.54887569,0.447003186,0.125438914,0.022340523,0.564699531,0.458233207,0.080543026,0.47460258,0.547786832,0.451901078,0.121138707,0.028784713,0.561642766,0.46309039,0.090822227,0.509467602,0.451933682,0.647435069,0.091746196,0.999979794,0.452745259,0.666703343,-0.091839954,0.999991357,0.529752612,0.625656962,0.21992752,0.201681703,0.540759087,0.644502878,-0.082584411,0.990069687,0.487571299,0.735686243,0.301781923,0.504851043,0.487781703,0.772262752,-0.007078968,0.981557667,0.488381773,0.754286885,0.31136483,0.600304544,0.472784609,0.79846108,0.001848707,0.975561202,0.520340979,0.751523495,0.333809435,0.712273717,0.523764372,0.804091334,0.013892546,0.975262225
0,0.534653425,0.083827339,-0.033518851,0.999742508,0.529770017,0.069836438,-0.026104709,0.999692142,0.528557837,0.069877103,-0.02611796,0.999487698,0.527275562,0.069938213,-0.026086062,0.999631286,0.529631734,0.06958852,-0.056864191,0.99977833,0.52851218,0.069525473,-0.056929864,0.999755919,0.52731508,0.069452919,-0.056944799,0.999815822,0.516169667,0.078544341,0.02436397,0.99962014,0.51837182,0.078165129,-0.117145225,0.999842405,0.530897558,0.101151086,-0.011009191,0.999657452,0.530891418,0.101178043,-0.051933467,0.999736488,0.496861219,0.164269343,0.106269993,0.996333599,0.513927996,0.156748906,-0.1835078,0.999554932,0.535785913,0.155559689,0.224786118,0.145877689,0.584592581,0.139662072,-0.145600781,0.933832288,0.536083579,0.143479392,0.321778327,0.029008847,0.53929317,0.141125113,0.09778221,0.311393291,0.535591066,0.140122324,0.33709994,0.029325059,0.533010721,0.142472669,0.108786151,0.278906941,0.533383489,0.143622413,0.330394328,0.032528576,0.526064515,0.143833339,0.097985253,0.272571146,0.535250306,0.147419035,0.317596197,0.042286631,0.527219534,0.140920281,0.100057662,0.302526355,0.487878412,0.395486355,0.096665747,0.99926579,0.494877517,0.398142368,-0.096791938,0.999314785,0.491892874,0.56973052,0.158971161,0.160786465,0.490316242,0.581676781,-0.021941951,0.928591728,0.483296543,0.742080629,0.234104782,0.392094702,0.483911693,0.764350533,0.050235964,0.956193566,0.472049534,0.766444802,0.239660114,0.514442801,0.473454386,0.795798421,0.054717802,0.938136816,0.516161501,0.762900114,0.211008117,0.608344436,0.522902131,0.795927703,-0.002550778,0.935940206
1,0.558723032,0.396950454,-0.023722265,0.99993211,0.554662704,0.383396238,-0.016213771,0.999951363,0.5536654,0.383150369,-0.016238619,0.999950886,0.552424312,0.382998109,-0.016220393,0.999956429,0.554023445,0.384165585,-0.042500302,0.999956667,0.552765012,0.384477317,-0.042597692,0.99996376,0.551292956,0.384828985,-0.042618789,0.999971747,0.537851691,0.391676545,0.028883258,0.999974191,0.539099872,0.394073278,-0.090868808,0.999973416,0.554646909,0.412960052,-0.004488328,0.999895155,0.553530157,0.413861543,-0.038823035,0.999900877,0.512586176,0.464002341,0.106436275,0.999113381,0.528035343,0.477728575,-0.161112413,0.999845266,0.548700869,0.456066966,0.149797007,0.271382689,0.595734954,0.499727964,-0.113268159,0.955658913,0.548697412,0.449507833,0.166339263,0.027064571,0.57406503,0.466715246,0.084132187,0.532899141,0.551090062,0.436807901,0.172485247,0.022994351,0.572431922,0.450980812,0.084628023,0.463332355,0.548337162,0.444109976,0.168748811,0.026147645,0.562059522,0.445871323,0.075271711,0.48252055,0.543566465,0.449260384,0.162306651,0.03334564,0.555566132,0.455587417,0.085230842,0.517446637,0.450071633,0.639280021,0.09156879,0.999982238,0.44910717,0.656108558,-0.091606505,0.999990046,0.530299127,0.62322861,0.195576012,0.217319012,0.542061508,0.638854027,-0.053512298,0.987976313,0.486387491,0.736316681,0.292027086,0.523255765,0.487566411,0.77032125,0.07348939,0.98082298,0.476273119,0.763638496,0.302068889,0.599850118,0.472793579,0.797015548,0.087788686,0.972222924,0.518458605,0.764868617,0.319772243,0.725605488,0.523609757,0.801279962,0.104410432,0.975808263
0,0.527671278,0.084401652,-0.034642465,0.999717176,0.523323655,0.068837285,-0.026988085,0.999657989,0.522383571,0.068871282,-0.027000332,0.999438941,0.521287382,0.068899311,-0.026970109,0.999578059,0.522693515,0.068744056,-0.058990888,0.999755859,0.521391451,0.068767086,-0.059057452,0.999744415,0.519804955,0.068727352,-0.059070837,0.999803066,0.510376573,0.076871671,0.025655765,0.999574661,0.510064065,0.076728746,-0.120868936,0.999840915,0.523826063,0.102542028,-0.011004457,0.999609351,0.523165703,0.102498174,-0.053431828,0.999698997,0.488564551,0.161853239,0.112941705,0.99598223,0.504326701,0.154124796,-0.190573081,0.999580026,0.527370989,0.14579308,0.235199288,0.141934365,0.576124609,0.1324725,-0.157158494,0.949220896,0.528018415,0.140456766,0.33286804,0.027100051,0.536909461,0.137148291,0.091856517,0.365979612,0.528184533,0.137547776,0.347754657,0.027530739,0.53000319,0.136434242,0.103228353,0.320486337,0.525998414,0.141129285,0.338472247,0.030720362,0.524503767,0.144240975,0.093017504,0.31369108,0.527431369,0.144404173,0.327542692,0.040608387,0.524559259,0.148723364,0.094747424,0.342827857,0.486623138,0.397518247,0.099468991,0.998991311,0.491741359,0.401085824,-0.099579975,0.999100685,0.489386022,0.574896097,0.167952567,0.170724958,0.487639189,0.590178072,-0.028013412,0.922769725,0.481038988,0.744342804,0.243204162,0.388111621,0.482093573,0.770923018,0.043274846,0.955148399,0.470431089,0.774283588,0.248640344,0.515898585,0.472483695,0.80521673,0.047516178,0.9422791,0.521497905,0.762296557,0.220460653,0.603073299,0.528823435,0.798765481,-0.011191523,0.933286071
1,0.561546445,0.408035278,-0.014833113,0.999952734,0.557630062,0.394471735,-0.005138754,0.999966979,0.556681752,0.394246638,-0.005147443,0.999965906,0.555476785,0.394092977,-0.00512312,0.999970078,0.556745887,0.395099133,-0.031774662,0.999971092,0.555395901,0.395466059,-0.03188413,0.99997586,0.55385226,0.395870209,-0.031910338,0.999981701,0.5413661,0.40203774,0.043535315,0.999982059,0.541753888,0.404843897,-0.076662809,0.99998337,0.557829201,0.423447579,0.004392813,0.999926507,0.556508005,0.424101204,-0.030118272,0.999930322,0.518596351,0.473627388,0.120269969,0.999171197,0.532370746,0.488980651,-0.15197745,0.999863684,0.566465616,0.475080788,0.140000448,0.259432912,0.600020468,0.514170587,-0.101171993,0.957085609,0.568739593,0.460293621,0.12438073,0.032572113,0.582625806,0.477924943,0.102394342,0.56693691,0.567531049,0.450713396,0.125113755,0.026881602,0.582755208,0.45921579,0.104198083,0.49661085,0.563452065,0.455012083,0.123516813,0.030468121,0.573065519,0.458021998,0.093316354,0.516825438,0.563867688,0.460418969,0.11972028,0.038199555,0.570294023,0.464409858,0.103087425,0.553312004,0.448725879,0.647734642,0.091817953,0.999983728,0.448886245,0.664595008,-0.091867402,0.999991179,0.532263398,0.62555033,0.17652531,0.214521199,0.540571094,0.643430471,-0.095740028,0.989445567,0.485481441,0.738519132,0.255091935,0.511085868,0.486249834,0.772143126,0.023224628,0.978447676,0.484096289,0.763988137,0.263464689,0.581648111,0.471616179,0.796492517,0.036967963,0.968697548,0.517973065,0.769089699,0.287100881,0.713685274,0.522291362,0.805834293,0.062467597,0.97213918
0,0.529450476,0.087655894,-0.028703084,0.999695778,0.525254607,0.07180655,-0.020781701,0.999646425,0.524163604,0.071732275,-0.020785363,0.999421179,0.522870362,0.071716465,-0.020749398,0.999567866,0.524820447,0.07167463,-0.051472187,0.999740005,0.523510337,0.071548358,-0.051550359,0.999722123,0.522050619,0.071404651,-0.051566608,0.99978596,0.511710286,0.079870358,0.031728227,0.999514699,0.512694895,0.079335555,-0.10941948,0.999810755,0.525633872,0.105097748,-0.005446614,0.999547601,0.525219917,0.105068013,-0.046224985,0.999652445,0.490640789,0.164881647,0.12199004,0.996405721,0.509093106,0.156555682,-0.183767736,0.999597549,0.522963703,0.164784938,0.233936116,0.157907888,0.580722988,0.143842161,-0.140436918,0.944027841,0.531310439,0.146488175,0.31914562,0.027534209,0.537087798,0.14436096,0.113633059,0.36320737,0.530771196,0.143151194,0.332778811,0.027219765,0.529832244,0.142007336,0.127576157,0.32184732,0.528021991,0.149726078,0.327767909,0.030005567,0.523460269,0.149119571,0.113307476,0.316220403,0.528690875,0.153081477,0.31528306,0.039566364,0.52471298,0.152531356,0.115235545,0.344045073,0.487315118,0.394753724,0.101594761,0.999140799,0.493613869,0.396917343,-0.101757564,0.999260366,0.491886675,0.5655545,0.195246413,0.177911326,0.48910737,0.581689775,-0.059086978,0.935008347,0.481814712,0.733334839,0.284671962,0.413047493,0.482939661,0.768724978,-0.031291977,0.961254656,0.470895201,0.755521417,0.291339695,0.534516275,0.472735792,0.800672054,-0.03181668,0.946796775,0.518902659,0.756944954,0.272039831,0.618038952,0.527779222,0.795804024,-0.091318399,0.941976905
1,0.562865138,0.400971353,-0.011651178,0.999958456,0.559149623,0.387316018,-0.00218841,0.9999699,0.558265567,0.387169391,-0.002196651,0.999970019,0.557154119,0.387115777,-0.002169496,0.999972343,0.558084607,0.387800604,-0.028860126,0.999973714,0.556649983,0.38806203,-0.028965522,0.999978781,0.555016398,0.388425201,-0.028990706,0.999983609,0.542964458,0.394814134,0.047086176,0.999982357,0.542503476,0.396869749,-0.073866874,0.999985635,0.559031188,0.415966034,0.007738379,0.999928772,0.557357371,0.41642186,-0.027031977,0.999935627,0.520361841,0.46903944,0.122374751,0.999124825,0.531293511,0.479471534,-0.149282604,0.999882638,0.563345253,0.472122401,0.149269834,0.232064798,0.597466111,0.511437416,-0.102322675,0.95028168,0.564400554,0.459147722,0.152417168,0.025277751,0.580523252,0.475256354,0.098967418,0.527034819,0.562678933,0.449781328,0.156578422,0.0206258,0.580624223,0.456025273,0.101588652,0.455404371,0.558703721,0.454401314,0.155242175,0.023613038,0.570690155,0.45137918,0.090199105,0.473964304,0.559234917,0.459845006,0.148635834,0.029815398,0.56802994,0.460384071,0.09949182,0.510924876,0.450404584,0.639215529,0.091510184,0.999980986,0.447197497,0.653375566,-0.091544367,0.999992073,0.531057835,0.623517931,0.17503044,0.22831367,0.536777675,0.634360433,-0.097762063,0.990373909,0.48602882,0.737701476,0.249818996,0.541624844,0.486786455,0.766756713,0.007930196,0.982150793,0.473357826,0.759912014,0.257612646,0.618363321,0.472530603,0.793734074,0.019648992,0.975031137,0.516394734,0.772842228,0.270406306,0.732683718,0.523887098,0.802241743,0.031223144,0.975788772
0,0.524196982,0.087978199,-0.029990021,0.999668479,0.520064771,0.072996408,-0.021828327,0.999610841,0.518946052,0.072947688,-0.02182705,0.999386907,0.517675519,0.072895847,-0.021798952,0.999502897,0.519801497,0.072801992,-0.051970016,0.999716938,0.518600523,0.072651595,-0.052041411,0.999718249,0.517282844,0.072447829,-0.052073609,0.999771297,0.506999373,0.080889836,0.03303957,0.999428093,0.50809586,0.08032427,-0.106293179,0.999828696,0.520572305,0.105517164,-0.006053778,0.999502003,0.520270944,0.105552942,-0.046154961,0.999644339,0.487078011,0.164878905,0.121196069,0.996630371,0.504295468,0.156528056,-0.181937113,0.999649584,0.525624633,0.175412416,0.211726576,0.163152903,0.576436639,0.144841701,-0.139648542,0.944788277,0.530097902,0.150461093,0.270159662,0.026305838,0.535135627,0.14629963,0.118239738,0.353660554,0.529861569,0.147358999,0.279653549,0.024747465,0.527736306,0.144451052,0.13407512,0.302333593,0.527988911,0.152687937,0.278644979,0.027395654,0.521295667,0.1527033,0.118354574,0.297466785,0.528034747,0.156477004,0.267316937,0.036454353,0.521353662,0.153903022,0.119527817,0.329074353,0.483848572,0.395895302,0.102176689,0.998868287,0.490019083,0.398587495,-0.102391705,0.998955846,0.489762127,0.566946387,0.196687073,0.16227901,0.487536192,0.582638085,-0.053823002,0.918052316,0.482692868,0.73595649,0.284304321,0.370194554,0.483656168,0.765756249,-0.019342786,0.951744795,0.471911103,0.759155035,0.290945232,0.514077485,0.473419577,0.798300862,-0.018648524,0.940281034,0.518663526,0.755769491,0.273604155,0.571154058,0.526357591,0.797683656,-0.074450105,0.927408934
1,0.544901073,0.320949614,-0.661234617,0.999998331,0.552042305,0.301205695,-0.632242858,0.999994457,0.556606233,0.301816165,-0.63224417,0.99999404,0.561010122,0.302560121,-0.632401884,0.999992609,0.539559007,0.299261689,-0.636702836,0.99999404,0.534539402,0.298435479,-0.636841178,0.999994934,0.529368818,0.298230112,-0.636897206,0.99999392,0.566806436,0.313787341,-0.472752631,0.999986768,0.518485248,0.308855742,-0.495022386,0.999993742,0.550288737,0.344633639,-0.602819264,0.999998689,0.535672426,0.34266302,-0.609386086,0.999998927,0.596489906,0.440663546,-0.338431865,0.999911547,0.469264835,0.437690675,-0.36799103,0.999873221,0.613474548,0.588447988,-0.283320785,0.979105473,0.444773704,0.596790373,-0.346179664,0.99529171,0.628442585,0.719545484,-0.332431823,0.837737322,0.434242219,0.738956153,-0.421525419,0.93751204,0.633904874,0.750932574,-0.353733599,0.742275,0.425835103,0.770077527,-0.452009618,0.866405487,0.627899885,0.750466168,-0.382009178,0.751147628,0.433034331,0.775270224,-0.477677494,0.865161657,0.62379539,0.740579724,-0.343775302,0.728133917,0.437436938,0.764819443,-0.432721347,0.830183804,0.564277589,0.607995689,0.007510738,0.999946117,0.495446026,0.610156059,-0.007604273,0.999923766,0.610373795,0.765538931,-0.390932471,0.977663457,0.459137768,0.772817492,-0.377333194,0.985163689,0.579825699,0.919442832,-0.020300088,0.962980926,0.465858787,0.915702403,-0.021712992,0.984075606,0.568237245,0.939877093,0.007471011,0.89229393,0.470498741,0.935500562,0.004012896,0.874396503,0.595289826,0.987501681,-0.141837165,0.935616314,0.459744006,0.986968994,-0.158546835,0.960690856
0,0.545303702,0.070119172,-0.421177179,0.999999285,0.551289499,0.051808868,-0.402945727,0.999997437,0.555346429,0.052836671,-0.402910531,0.999997199,0.558861554,0.053892795,-0.402868241,0.999996722,0.539518654,0.049804073,-0.405641913,0.999997258,0.534652591,0.049851689,-0.405706972,0.999997556,0.529456258,0.050307143,-0.405693531,0.999997199,0.562938094,0.066277608,-0.280397743,0.999993622,0.519160509,0.063391499,-0.299019277,0.999995828,0.550502419,0.097806603,-0.375561208,0.999999225,0.536389112,0.095729552,-0.380638272,0.999999285,0.597948372,0.228816256,-0.190118894,0.999980807,0.475714505,0.21567452,-0.215898365,0.999972284,0.613003016,0.395716667,-0.118842095,0.993224323,0.460380942,0.383223951,-0.171346098,0.992206812,0.624127567,0.546077728,-0.20834358,0.973629236,0.447756737,0.54144448,-0.25770098,0.966791093,0.627847373,0.585825622,-0.239429027,0.948593318,0.436954707,0.583759964,-0.289127976,0.934253931,0.62240994,0.586341679,-0.278207898,0.951635242,0.442796618,0.587249458,-0.328698784,0.93782115,0.618705332,0.573076367,-0.225309819,0.94511205,0.449003667,0.573944867,-0.27553457,0.929078043,0.569523394,0.514266491,0.015342911,0.999880731,0.501033843,0.512055755,-0.015548053,0.999903917,0.573197544,0.735343695,0.075637542,0.993133128,0.492917269,0.733104169,0.005989867,0.995552242,0.58048594,0.914312541,0.304286689,0.989892423,0.471248955,0.927686155,0.193182901,0.993138194,0.571591616,0.938973188,0.319586068,0.933460176,0.469535619,0.949765444,0.203370363,0.868499041,0.595528305,0.985766292,0.192966655,0.981032789,0.473339379,0.997886479,0.055660881,0.983185768
1,0.543613076,0.366014451,-0.703287244,0.999997914,0.551026225,0.346167922,-0.677313626,0.999992907,0.555352509,0.346358985,-0.677340209,0.999991834,0.559767902,0.346435666,-0.677519798,0.999989688,0.538080096,0.342420578,-0.6808846,0.999993026,0.532839358,0.340324491,-0.681018472,0.999993622,0.527980924,0.338352174,-0.681062341,0.999992609,0.566307843,0.348739356,-0.516836882,0.999982893,0.518733501,0.33905381,-0.534335077,0.999993205,0.548339427,0.387464851,-0.642579675,0.999998152,0.533335268,0.385868132,-0.647682011,0.999998748,0.598083794,0.46045956,-0.380664378,0.999928355,0.469616234,0.455700517,-0.397604764,0.999929965,0.612943769,0.605370939,-0.368179351,0.982590258,0.444307685,0.61161077,-0.389250755,0.995911658,0.62854588,0.741238773,-0.467267841,0.847646773,0.433853209,0.75136435,-0.483386368,0.950810492,0.633980453,0.772769451,-0.50241363,0.754415035,0.425670952,0.783444107,-0.520150423,0.893718719,0.62665838,0.774801493,-0.529921591,0.758562803,0.432189882,0.788984895,-0.545907199,0.892740965,0.622544467,0.765031159,-0.480506748,0.730555236,0.436392844,0.77831459,-0.495615005,0.857184589,0.563937068,0.618513286,0.008106824,0.999925494,0.495040774,0.618523836,-0.008113485,0.999913692,0.612679064,0.769478083,-0.387215078,0.97865957,0.459062457,0.772871315,-0.373060614,0.986276448,0.580107868,0.917440474,-0.011380285,0.966499865,0.466491789,0.921809912,-0.031920813,0.988668978,0.567184091,0.937698424,0.017364522,0.915066481,0.471152902,0.942946911,-0.007028245,0.902758718,0.595008612,0.989114285,-0.128403187,0.938820779,0.460178435,0.990879416,-0.16849342,0.967714965
0,0.539655089,0.071348138,-0.43069607,0.999999344,0.546811342,0.052942421,-0.412575215,0.999997556,0.550435603,0.054021485,-0.412537128,0.999997199,0.555055201,0.055224996,-0.412506163,0.999996781,0.533684194,0.051217586,-0.414494962,0.999997497,0.528576672,0.051474743,-0.414559454,0.999997556,0.523688257,0.052223582,-0.414537758,0.999997377,0.560783088,0.067019112,-0.290053755,0.999993026,0.515327096,0.064331941,-0.304440081,0.999995947,0.546732008,0.100501209,-0.385105878,0.999999166,0.530395031,0.098814406,-0.388981134,0.999999225,0.597010076,0.226922438,-0.198181689,0.999983072,0.474749833,0.221046999,-0.220358059,0.999982655,0.611147821,0.394538373,-0.125087455,0.993376076,0.459753871,0.391095221,-0.169600666,0.991011381,0.622915685,0.547469199,-0.208116502,0.980025351,0.447388977,0.546351135,-0.252737641,0.968212128,0.627075911,0.587685406,-0.237928823,0.957113266,0.437385261,0.589625061,-0.283284724,0.937055588,0.622071505,0.58882606,-0.276688874,0.959644258,0.443274081,0.593061984,-0.322771013,0.940961421,0.618026376,0.574889183,-0.225025952,0.954096138,0.4491328,0.579552829,-0.270360649,0.935121715,0.56840539,0.511539996,0.013755342,0.999870539,0.501247704,0.509208918,-0.014001214,0.999896049,0.574150324,0.73457998,0.056756616,0.992462695,0.492258191,0.731864393,0.01191496,0.995652199,0.580407798,0.922765493,0.258423775,0.990570784,0.472254783,0.926889122,0.21218887,0.993163466,0.57140249,0.947982371,0.270213783,0.936191082,0.470600098,0.950250685,0.223480716,0.861239433,0.598803699,0.988269806,0.137791961,0.982516348,0.469723195,0.996099412,0.076784573,0.983429074
1,0.549438834,0.373261869,-0.690383255,0.999998391,0.556459188,0.351973742,-0.664913058,0.99999392,0.561269045,0.351792783,-0.664909363,0.999993205,0.565754831,0.351629853,-0.665074944,0.999990523,0.543796778,0.349614322,-0.669395745,0.999993861,0.53908366,0.347691357,-0.669518411,0.999994695,0.534283102,0.34595871,-0.669568956,0.999993086,0.570269883,0.353150994,-0.502676666,0.999986529,0.521473527,0.346455455,-0.524956346,0.999995053,0.553641856,0.393586576,-0.628682017,0.99999845,0.540304363,0.392593116,-0.635283053,0.999998868,0.59788388,0.454055429,-0.348794311,0.999962807,0.474769056,0.454984665,-0.382910222,0.999927998,0.618863285,0.595865309,-0.280004084,0.986991823,0.44645527,0.608893335,-0.368571579,0.996631622,0.632150769,0.726474941,-0.334964365,0.917401314,0.433889568,0.744339108,-0.457733423,0.96000123,0.636930048,0.758273542,-0.356039017,0.853353798,0.424301982,0.775980353,-0.490543187,0.90963465,0.631373703,0.757795453,-0.386363,0.859105229,0.431111425,0.783526182,-0.518490493,0.910602272,0.62713927,0.749826014,-0.346792519,0.836812437,0.436646461,0.773437023,-0.46995756,0.883026302,0.566261947,0.617828846,0.009027053,0.999942005,0.498174012,0.61544627,-0.009107491,0.999906838,0.614353299,0.766408741,-0.372118175,0.978040099,0.460896313,0.774385989,-0.341805518,0.985136092,0.579570472,0.922823727,-0.014121888,0.965189457,0.466004521,0.921841383,-0.019756543,0.986725807,0.566621244,0.943792403,0.011688004,0.916915655,0.471367896,0.940683365,0.002801877,0.906769216,0.597098887,0.988445044,-0.130451679,0.934352875,0.453950077,0.992460668,-0.159069031,0.963454008
0,0.521384954,0.097745463,-0.316918552,0.999958634,0.517196715,0.078332618,-0.297915816,0.999911785,0.517587185,0.078204811,-0.297934115,0.99989301,0.517893314,0.078130521,-0.297939688,0.999893546,0.511628568,0.078052849,-0.32596162,0.999946415,0.507893741,0.077832386,-0.326022714,0.999947667,0.503814995,0.077798031,-0.326051354,0.999947131,0.506318212,0.087927945,-0.183056742,0.99969852,0.486264199,0.089102224,-0.315106869,0.999957204,0.520201564,0.118823141,-0.271673977,0.999937713,0.513936281,0.121512614,-0.308933675,0.999973595,0.528753042,0.23146607,-0.053945463,0.99973917,0.445735484,0.238405526,-0.327246934,0.999982774,0.530853868,0.38955614,0.022376265,0.434087753,0.439416885,0.417393535,-0.341648966,0.995278835,0.547794938,0.512932599,-0.03790725,0.53090018,0.442971408,0.575063407,-0.359446466,0.971940279,0.55217731,0.55103296,-0.0558303,0.447320193,0.440157294,0.613528788,-0.395020902,0.941686809,0.55100143,0.550758064,-0.089151479,0.467231095,0.44794032,0.6116485,-0.414229512,0.939966738,0.548368037,0.53931874,-0.054381583,0.470037997,0.45157212,0.600606203,-0.367071509,0.911883771,0.511647165,0.514674544,0.086297832,0.999441385,0.465089321,0.522585034,-0.086420894,0.999819398,0.51849252,0.709041059,0.246710867,0.90954864,0.458301246,0.741383016,-0.042465277,0.993034661,0.511693716,0.878896892,0.453200221,0.954808652,0.437925547,0.928098261,0.076422043,0.989320397,0.5016855,0.911340475,0.467827052,0.90483588,0.427944988,0.947234154,0.081641942,0.853737056,0.552136183,0.924875796,0.391318113,0.963325202,0.454150319,0.984285831,-0.046977244,0.983298063
1,0.559032619,0.314804077,-0.41252771,0.999824464,0.553358912,0.295743406,-0.388681293,0.99977684,0.553558171,0.295796901,-0.388768107,0.999777198,0.553665042,0.295840323,-0.388906986,0.999839544,0.54928118,0.297438949,-0.416948974,0.999826491,0.546086669,0.299048632,-0.41705817,0.999800503,0.541683733,0.300965369,-0.417114913,0.999833941,0.543597877,0.307122886,-0.26520434,0.999792993,0.52278769,0.314611733,-0.391936034,0.999709606,0.55896318,0.340162545,-0.365126669,0.999918401,0.553335786,0.340088695,-0.401924938,0.999932587,0.549604297,0.434804142,-0.131628618,0.999366164,0.471851259,0.438758612,-0.394984573,0.999639094,0.531414747,0.567044258,-0.083671957,0.49159956,0.438056648,0.595950484,-0.414504319,0.973982096,0.523635983,0.680631399,-0.153206244,0.278858602,0.424430251,0.74104327,-0.441228479,0.838537753,0.525677323,0.711935401,-0.163493499,0.241462931,0.41556713,0.786419988,-0.488084912,0.751720011,0.522367477,0.720540762,-0.199492127,0.258186221,0.426635355,0.790028334,-0.494335175,0.756626248,0.517395377,0.707855284,-0.169646978,0.269503891,0.431490719,0.776028037,-0.445406526,0.703864753,0.467142224,0.59606117,0.082041159,0.99958235,0.417207807,0.599619985,-0.081865311,0.999368608,0.546711206,0.685885191,-0.156760558,0.929141045,0.477495313,0.690068126,-0.371016115,0.993492723,0.510244071,0.868219614,-0.07465557,0.889736176,0.464603305,0.817119122,-0.186050951,0.818863451,0.49503836,0.900257647,-0.06844791,0.833727062,0.457049429,0.833542049,-0.165597364,0.630509436,0.54910785,0.922140598,-0.143709973,0.868760347,0.487753838,0.894604445,-0.224197373,0.777373493
0,0.508903146,0.089555033,-0.257539868,0.999857008,0.502255857,0.071213871,-0.241036579,0.999690771,0.502242982,0.071101032,-0.24106361,0.999665797,0.502132356,0.071296804,-0.241063043,0.999684572,0.498256058,0.071476407,-0.271821439,0.999800444,0.495322853,0.071655534,-0.271881163,0.999807537,0.491980672,0.072397642,-0.271950334,0.999807954,0.490633756,0.083664432,-0.139149025,0.999223709,0.474720806,0.088049196,-0.279928982,0.999747157,0.508393645,0.111527286,-0.216636896,0.999842107,0.502252221,0.113088928,-0.25712958,0.999919832,0.520201623,0.225530162,-0.0162645,0.999534369,0.437894821,0.235072672,-0.30651027,0.99991399,0.520910382,0.378787488,0.047075462,0.486938059,0.436264932,0.407745242,-0.335584015,0.9862867,0.539530098,0.504075944,-0.025144381,0.488817126,0.442012995,0.565605581,-0.343456775,0.94159174,0.542882204,0.546742618,-0.042690933,0.424060106,0.438984245,0.605850458,-0.374903142,0.902824104,0.542858303,0.546143174,-0.073599376,0.44486624,0.445609063,0.606140554,-0.391644865,0.902181149,0.540594935,0.534370363,-0.041760385,0.446892351,0.448939145,0.594128609,-0.349240929,0.868830919,0.513283908,0.506809652,0.089261539,0.998709917,0.468212903,0.515109241,-0.089388445,0.99947381,0.509312093,0.702177107,0.251422077,0.832079589,0.454576969,0.726919889,-0.106209792,0.984104693,0.50885123,0.877526343,0.467052847,0.866206646,0.432523757,0.925696135,-0.043190923,0.953021169,0.498979539,0.909748554,0.482179493,0.787607253,0.418221861,0.946908355,-0.046487186,0.7545771,0.550244629,0.923743308,0.407909065,0.881057262,0.449875534,0.983838201,-0.193557188,0.932985008
1,0.566133499,0.355837792,-0.41356796,0.99987942,0.564988673,0.331510812,-0.392578095,0.999856651,0.565703034,0.331354558,-0.392665356,0.999842465,0.566407859,0.331252277,-0.392815769,0.999882996,0.558871388,0.330707312,-0.418758899,0.999881387,0.554737687,0.329627424,-0.418882489,0.999861836,0.549545527,0.328977883,-0.418952644,0.999895751,0.556073785,0.332860261,-0.278161883,0.999816656,0.529696405,0.332862198,-0.395176947,0.999822915,0.563803732,0.377996385,-0.368947387,0.999942243,0.556240618,0.376647174,-0.403040618,0.999954879,0.551522851,0.449331135,-0.145461962,0.999571681,0.473583698,0.453099668,-0.397560656,0.999724388,0.53390044,0.583877385,-0.082063459,0.563309729,0.438444227,0.619373262,-0.40942961,0.976498008,0.529857874,0.699030697,-0.142125651,0.387001455,0.425941527,0.759012282,-0.4208951,0.860620856,0.533804893,0.729609072,-0.150368467,0.337202877,0.418551147,0.802396357,-0.462593555,0.777300239,0.530484736,0.73712337,-0.187240124,0.355564535,0.431449831,0.807961583,-0.472242177,0.783397675,0.524497092,0.726680756,-0.158207923,0.366891682,0.435564607,0.794202983,-0.426084787,0.747746587,0.466812104,0.606863022,0.083510473,0.999429643,0.417960733,0.613252103,-0.083317116,0.999401987,0.550488651,0.674792588,-0.086496457,0.912810564,0.485289574,0.730012357,-0.308517367,0.991909027,0.512723565,0.858807266,0.000887447,0.862280369,0.462997466,0.915254056,-0.135290876,0.863605142,0.496672004,0.890123725,0.007224429,0.802377105,0.451151043,0.915236473,-0.115425676,0.715486407,0.550836146,0.918895483,-0.055533659,0.847363591,0.491003633,0.986854255,-0.165167183,0.833859444
0,0.506865203,0.087785251,-0.2646676,0.999872446,0.499974519,0.070748515,-0.248701423,0.999706864,0.499818593,0.070643686,-0.248725384,0.999683499,0.499489337,0.070791021,-0.248723432,0.99969846,0.496102363,0.071191311,-0.279495627,0.999815822,0.493373752,0.071655847,-0.279556543,0.999823153,0.490183622,0.072454169,-0.2796368,0.999821365,0.487796992,0.082447872,-0.147592112,0.999220669,0.472798467,0.088022918,-0.287791759,0.999779224,0.506527364,0.1100583,-0.223871022,0.999848783,0.500337422,0.112296186,-0.264475375,0.999923646,0.519074559,0.224484727,-0.023474175,0.999559402,0.439295113,0.236798555,-0.313796699,0.999914646,0.521453559,0.37786597,0.041381266,0.4889898,0.436268717,0.408225745,-0.350129992,0.987389386,0.539315581,0.503007412,-0.031189475,0.509627938,0.440849245,0.567617714,-0.35143441,0.946578979,0.542224765,0.545935094,-0.048316922,0.44514814,0.437710911,0.608299375,-0.384764493,0.909431279,0.542495131,0.545650482,-0.078769609,0.465741843,0.444437504,0.608754575,-0.401501536,0.908716321,0.539878905,0.533791304,-0.047581103,0.467201948,0.447865397,0.596239984,-0.356505454,0.877865255,0.512653172,0.51034838,0.089373507,0.998798668,0.468904942,0.51806277,-0.089510433,0.999523699,0.508547723,0.701089025,0.267716885,0.86180979,0.454761505,0.730958402,-0.114035882,0.986770093,0.510433912,0.878251553,0.495801181,0.892291427,0.433787733,0.924196541,-0.044354059,0.946725249,0.501842022,0.911489367,0.512286007,0.818187654,0.422240227,0.946482003,-0.044855427,0.755938768,0.552376747,0.924268246,0.438761413,0.902875662,0.453216583,0.980128288,-0.180706739,0.930788934
1,0.577501714,0.380688757,-0.349122554,0.999915242,0.576217949,0.358510047,-0.329164624,0.999896467,0.576895893,0.357988954,-0.329242289,0.999888062,0.577513099,0.357451141,-0.329382479,0.999914646,0.570531964,0.358872026,-0.357049882,0.999918044,0.566979766,0.358579785,-0.35715121,0.999906421,0.562758386,0.358140469,-0.35721904,0.999927402,0.565808237,0.361359,-0.224191159,0.999869704,0.540225625,0.36066553,-0.349315107,0.999883771,0.575095594,0.40236026,-0.30866763,0.999954104,0.566742778,0.40220201,-0.345060468,0.999964356,0.555186391,0.473314285,-0.1105121,0.999484837,0.481234759,0.485618263,-0.363286376,0.999666929,0.534768105,0.599817395,-0.015451577,0.49532941,0.443303525,0.654245675,-0.371979296,0.977570176,0.543412149,0.70152992,-0.013676138,0.361762583,0.425145417,0.783620477,-0.372479528,0.868266344,0.547561586,0.730778933,-0.008219508,0.319794238,0.418504655,0.823569834,-0.407277256,0.795500398,0.545109332,0.738860428,-0.039966568,0.338080406,0.428751618,0.822938323,-0.420122176,0.803245366,0.538283348,0.728808522,-0.025572781,0.34968397,0.43287915,0.811567783,-0.378589928,0.771155179,0.472984195,0.630223036,0.080441214,0.999308467,0.42251116,0.640745938,-0.080320857,0.999266744,0.565146685,0.694964647,-0.084781103,0.926012754,0.473494351,0.792409122,-0.331814975,0.993357301,0.514677823,0.859462678,0.016375706,0.869818628,0.453813732,0.878273427,-0.105594203,0.892557085,0.498700023,0.891633868,0.025516253,0.815182269,0.448321939,0.869804025,-0.077286556,0.755612254,0.553773105,0.921163142,-0.010178314,0.849967718,0.471694767,0.964397609,-0.077421077,0.860615671
0,0.490130365,0.11771661,-0.201694921,0.999729097,0.495355934,0.105064616,-0.180570021,0.999551475,0.499179214,0.106631763,-0.180594474,0.999554932,0.502591014,0.108480379,-0.180589706,0.999603629,0.483633697,0.103473797,-0.181527883,0.99930799,0.478771031,0.104127139,-0.181513518,0.999214113,0.474762291,0.105218314,-0.181473374,0.999054968,0.506574988,0.120071061,-0.068916954,0.999662638,0.468069255,0.117773257,-0.070305713,0.998571694,0.496910334,0.140651211,-0.160541207,0.99973166,0.480107248,0.138354093,-0.161207318,0.999278069,0.537692666,0.218119413,-0.082467206,0.999683738,0.437686026,0.224433348,-0.077872001,0.997194409,0.537092745,0.222436368,-0.324916661,0.975651503,0.448606104,0.235655919,-0.327054918,0.941354275,0.472461283,0.238064378,-0.493741214,0.896265268,0.508463681,0.22841534,-0.518940568,0.644005775,0.457362175,0.245536357,-0.542437911,0.788668513,0.523463249,0.227407619,-0.569504619,0.532402098,0.454049826,0.240184024,-0.522683442,0.780187249,0.526184499,0.221562043,-0.550578892,0.510914564,0.45910129,0.239633396,-0.491640329,0.746543229,0.519616425,0.224721164,-0.518269658,0.461744249,0.516663432,0.483455777,-1.80E-05,0.99987185,0.461316437,0.483074158,-0.0001246,0.999691427,0.536336064,0.672054052,-0.036450326,0.99584794,0.449192375,0.671219409,0.012191029,0.997141778,0.553392768,0.829948664,0.161650836,0.993646502,0.432313442,0.832470894,0.20291993,0.994333565,0.547793269,0.851249635,0.173964828,0.848486722,0.434263617,0.848252892,0.214630812,0.823539853,0.567611158,0.895555198,0.037654698,0.986936748,0.42308268,0.908684433,0.08553867,0.986778319
1,0.49598676,0.475663245,-0.085384771,0.999964654,0.500629008,0.457035601,-0.067911699,0.99993825,0.503907859,0.456811577,-0.067865983,0.999934614,0.507249475,0.456730515,-0.067906685,0.999905586,0.488865525,0.456335872,-0.067759961,0.999945641,0.484229386,0.455570728,-0.067813158,0.999956727,0.480331808,0.454997748,-0.067807145,0.999954224,0.512054265,0.460854173,0.010449319,0.999932289,0.474661738,0.461240292,0.01316424,0.999972522,0.500350356,0.493703038,-0.056095731,0.99995929,0.488420337,0.494340926,-0.055706047,0.999958336,0.537540555,0.550440907,0.036990017,0.99957633,0.443378031,0.553329408,0.027217606,0.999902368,0.548474312,0.626225352,-0.002514126,0.952762961,0.442928374,0.626447499,-0.019496851,0.996474802,0.48345533,0.591602564,0.012976848,0.884872794,0.503901541,0.576996326,0.0175892,0.977675974,0.466752917,0.57761699,0.013366555,0.650641978,0.519324243,0.562456071,0.01668069,0.873424828,0.465953827,0.567069948,0.039420843,0.584404886,0.518516243,0.548949957,0.041256618,0.815918863,0.470434994,0.569050789,0.025386313,0.495319694,0.51421535,0.554299057,0.029740941,0.728675425,0.515731394,0.69185549,0.000562118,0.999954522,0.464175761,0.698240459,-0.000661385,0.999976695,0.580639243,0.688296199,-0.262460321,0.993074358,0.409000158,0.703540385,-0.273634046,0.997989178,0.553269386,0.830263257,-0.102800682,0.970029891,0.429416269,0.839330792,-0.122377075,0.995857,0.540124893,0.853498936,-0.087724708,0.931595981,0.439255089,0.856452882,-0.107297398,0.968803585,0.569565654,0.89484328,-0.164899006,0.964261651,0.418451846,0.906742871,-0.18743825,0.991054296
0,0.492003292,0.118955284,-0.196672902,0.999837458,0.498000443,0.103771061,-0.175982594,0.999732494,0.501406312,0.104540594,-0.176015913,0.999738693,0.504575133,0.105504237,-0.17602089,0.99976486,0.485140741,0.103953436,-0.177143678,0.99956882,0.480453581,0.104990005,-0.177124843,0.999489069,0.476530701,0.106129654,-0.177075833,0.999335825,0.509509146,0.115740091,-0.063662663,0.999811947,0.470542282,0.116336241,-0.065844968,0.999031961,0.498943567,0.141651765,-0.155262813,0.999851167,0.483028412,0.139930665,-0.156166151,0.999553263,0.539161861,0.213797256,-0.081409857,0.999785841,0.440005481,0.214959398,-0.074875481,0.997544646,0.540391326,0.221677721,-0.326616436,0.978853166,0.449763924,0.228189915,-0.337106645,0.927327871,0.473056257,0.233572349,-0.497156441,0.91327858,0.512104273,0.223892108,-0.533134758,0.598173618,0.45968923,0.239967093,-0.546298146,0.824030042,0.526664853,0.223687708,-0.58386755,0.49669373,0.4570629,0.234838933,-0.528117359,0.816192746,0.530533552,0.217792198,-0.563234687,0.472656518,0.461193562,0.235184133,-0.495474517,0.782209039,0.523627102,0.221071795,-0.531971395,0.421974927,0.516697884,0.476842076,5.54E-05,0.999896884,0.460639656,0.473780096,-0.000149824,0.999732077,0.534624577,0.661033869,-0.056976955,0.996429801,0.452149004,0.668195605,0.016236365,0.997432292,0.554320037,0.824825883,0.125423938,0.994085908,0.432000548,0.829650462,0.209008694,0.995357037,0.547108293,0.847382247,0.13614729,0.88577652,0.434819698,0.844960093,0.220718741,0.861659527,0.57019937,0.892863035,-0.000791403,0.987778723,0.420856953,0.903796732,0.094075233,0.988812268
1,0.495528549,0.47522375,-0.119503215,0.999994159,0.500067353,0.455729127,-0.102414235,0.99999088,0.503457129,0.455608875,-0.102357522,0.999989927,0.506802559,0.455322534,-0.102407433,0.999985218,0.488527387,0.455342948,-0.102209248,0.999991179,0.483949512,0.454946011,-0.102274455,0.999993265,0.480096012,0.454354018,-0.10226246,0.999992788,0.511577845,0.458365619,-0.0224122,0.999989569,0.474134773,0.45955795,-0.019497879,0.999996245,0.499807209,0.491638213,-0.089453161,0.99999088,0.488301605,0.492574483,-0.089029185,0.999990404,0.538257957,0.545378804,0.011303264,0.999806821,0.443943441,0.552099526,0.002135587,0.999946952,0.548395872,0.614894092,-0.019685138,0.955126405,0.441968292,0.625505507,-0.041645035,0.996800661,0.480571419,0.588670194,0.002196624,0.882181764,0.502910018,0.57165122,-0.004760421,0.976270318,0.46450749,0.575210869,0.002736676,0.625122011,0.518618226,0.555831492,-0.00667783,0.867030263,0.464077532,0.563036025,0.02770485,0.556885362,0.517558813,0.542991996,0.018119644,0.808707416,0.467223316,0.565965891,0.014467399,0.484845757,0.513452411,0.54827857,0.007230379,0.730570018,0.516201377,0.683156729,-0.000567136,0.999963582,0.463049561,0.687619746,0.000420428,0.999977708,0.577592731,0.689732552,-0.254040897,0.992925704,0.40498668,0.69822365,-0.239493728,0.998093903,0.55249244,0.830958247,-0.080109335,0.966857255,0.428005457,0.837329686,-0.09050148,0.996084809,0.539607048,0.854742706,-0.0636779,0.934461594,0.437410057,0.855863929,-0.075776175,0.9720487,0.569707692,0.896624863,-0.138493448,0.961461425,0.415549219,0.906383693,-0.156200081,0.991568625
0,0.492854267,0.125062943,-0.182913765,0.99973011,0.498161167,0.109543204,-0.163342774,0.999560177,0.501243412,0.109933451,-0.163358077,0.99956131,0.504713833,0.110724881,-0.163338557,0.999614358,0.485868543,0.108558804,-0.16641666,0.999311268,0.48115468,0.108368121,-0.166426107,0.999214709,0.477031708,0.108276814,-0.166394442,0.999029279,0.508830547,0.120260544,-0.052831005,0.999679744,0.469837815,0.118035585,-0.063913807,0.998597741,0.499169588,0.14620325,-0.14136593,0.99974978,0.483922631,0.144561976,-0.144341618,0.999327064,0.540260434,0.214189187,-0.069695972,0.999674559,0.440867573,0.215616316,-0.078236468,0.997368932,0.539059341,0.223699972,-0.31982404,0.954685748,0.454342782,0.228106961,-0.351361394,0.928104758,0.47589764,0.237739563,-0.52518779,0.843417704,0.515846133,0.223546982,-0.550147176,0.581419051,0.462713897,0.244887203,-0.578451812,0.746937752,0.530319393,0.221813336,-0.6013726,0.498139799,0.46006164,0.239363074,-0.562897861,0.740638435,0.533709586,0.215099066,-0.582465768,0.479146808,0.464942038,0.238450259,-0.525531411,0.705200255,0.526889622,0.218621969,-0.54960835,0.432240605,0.521269321,0.477450103,0.001517626,0.999846637,0.46508947,0.47762689,-0.001616687,0.999659121,0.536363006,0.663322687,-0.045231383,0.995908022,0.456189871,0.671836972,0.011489998,0.9973436,0.554490089,0.825376272,0.12685816,0.993091524,0.431943655,0.835174739,0.190899536,0.994323015,0.548105657,0.847669363,0.136111334,0.868108153,0.43362087,0.853525877,0.201263979,0.832638681,0.5689677,0.892551839,0.000356413,0.986041844,0.420972049,0.908446431,0.075226538,0.986734331
1,0.487791836,0.483566105,-0.056181483,0.999983907,0.492910951,0.465018034,-0.039102592,0.999974549,0.496346623,0.464151472,-0.039083734,0.999971926,0.499307483,0.463257432,-0.039133206,0.999963284,0.480798185,0.465519428,-0.03897782,0.999975204,0.476406813,0.464796841,-0.03900706,0.999978423,0.473444521,0.464179873,-0.039003998,0.999978602,0.504433751,0.465415925,0.035508133,0.999974608,0.46761924,0.468363941,0.038274176,0.999988079,0.493636757,0.501066148,-0.028046107,0.999975681,0.481182486,0.50329715,-0.027644148,0.999977469,0.533665955,0.555921614,0.051708899,0.999686301,0.439310849,0.558815122,0.045332134,0.999903202,0.54212743,0.633435905,0.013122329,0.9510324,0.434842438,0.639152527,-0.00701624,0.995373726,0.474164009,0.602222323,0.025817934,0.903301597,0.494918257,0.584581077,0.013421299,0.978502154,0.457101732,0.592570603,0.026319494,0.692973971,0.51073575,0.572138846,0.012603389,0.887992799,0.456227303,0.583160818,0.052266568,0.632170856,0.511021495,0.558260024,0.034553114,0.840026379,0.461814404,0.584331453,0.038406923,0.572605193,0.506742835,0.562497318,0.024670502,0.785072684,0.513289809,0.69881475,-0.001181837,0.999938369,0.460144222,0.707032084,0.001135525,0.999964058,0.576341033,0.690252244,-0.25195998,0.994098306,0.402363598,0.701183319,-0.264100403,0.998050153,0.552067757,0.832419932,-0.090179235,0.963012338,0.428675354,0.837351084,-0.107907161,0.996000946,0.537773132,0.854924321,-0.07490696,0.939760685,0.439098299,0.855315924,-0.092107765,0.976525068,0.570479274,0.894468844,-0.144714609,0.949495792,0.417331934,0.905661345,-0.165445819,0.989800215
0,0.493321329,0.123218104,-0.189312518,0.999885798,0.497873604,0.108501814,-0.168198124,0.999811351,0.500708938,0.109208539,-0.168217212,0.999802411,0.504315138,0.109947778,-0.168206245,0.99982512,0.486289173,0.108230889,-0.169699192,0.999715805,0.481416792,0.109101571,-0.169684142,0.999664247,0.477284342,0.110218935,-0.169624701,0.999593139,0.507933497,0.11985375,-0.054631867,0.999846578,0.470055759,0.120546609,-0.061456304,0.999430239,0.499240965,0.145220354,-0.147384092,0.999886453,0.484659612,0.144083917,-0.149303094,0.999708891,0.539921641,0.217151448,-0.071508363,0.999812484,0.442473501,0.222612336,-0.074770339,0.998534441,0.543721735,0.222828105,-0.318579733,0.97740835,0.449467957,0.233968198,-0.343248188,0.961069822,0.475742161,0.243342906,-0.500744224,0.923541427,0.514303565,0.225672454,-0.531567454,0.717321396,0.462171614,0.250157207,-0.552227616,0.841201305,0.530250669,0.224043801,-0.582220495,0.605105996,0.458726078,0.243667543,-0.533829927,0.833924055,0.534742713,0.216660291,-0.560428977,0.580074131,0.464872032,0.243547201,-0.499640048,0.801705301,0.527521133,0.219760239,-0.529366732,0.5243119,0.522220969,0.47783792,0.00264249,0.999903917,0.466910452,0.480377525,-0.002741061,0.999784172,0.537955582,0.661453068,-0.042062931,0.996103823,0.455924898,0.673368216,0.010403922,0.997616649,0.553209662,0.827342212,0.127821028,0.993624568,0.433337837,0.83349812,0.1884422,0.994993508,0.54673636,0.851351142,0.137494639,0.890860856,0.436160892,0.850949764,0.197577432,0.846547425,0.569837987,0.892430186,0.003304714,0.987983465,0.420388311,0.907359242,0.071399949,0.988576889
0,0.568603814,0.154958799,0.100146033,0.969222367,0.568874538,0.141346067,0.080174319,0.963815928,0.568560481,0.142396852,0.080142312,0.954198062,0.565783739,0.145937845,0.080142893,0.959028125,0.56989038,0.137817621,0.064963266,0.968293071,0.570236564,0.136308834,0.064930245,0.968095183,0.570599496,0.134387553,0.064741209,0.972059846,0.558413744,0.145275533,0.03102974,0.94091022,0.567752719,0.136194289,-0.041256219,0.966469288,0.566418648,0.166271925,0.090833828,0.96759975,0.567970634,0.163615644,0.069474705,0.969323814,0.522372603,0.20021686,0.066422686,0.995632708,0.568324268,0.167453572,-0.104336753,0.999428332,0.542582035,0.253031909,0.148947984,0.24533309,0.614237785,0.206085116,-0.047436785,0.622296154,0.541550815,0.213500738,0.266633034,0.118308008,0.567180932,0.216775984,0.145680428,0.144363806,0.536592841,0.203912288,0.285345316,0.108343989,0.557216346,0.215546921,0.170365214,0.132759765,0.537925243,0.196259588,0.301504254,0.105232887,0.548627317,0.2178514,0.157947585,0.126823112,0.540550888,0.200984687,0.275233179,0.093756571,0.550008655,0.220711797,0.147068828,0.122131959,0.560594618,0.461351782,0.081365466,0.998405457,0.556620836,0.460372537,-0.081693307,0.999592304,0.565332413,0.636942923,0.238756508,0.483463675,0.54690218,0.667551398,-0.120713651,0.953517973,0.557066262,0.801100135,0.366797239,0.753069162,0.526020586,0.880839288,-0.160929903,0.9542256,0.546488166,0.827534974,0.376915872,0.681208491,0.516527355,0.915912092,-0.166699976,0.863046587,0.600368083,0.847340643,0.363537073,0.80162257,0.576750338,0.935557485,-0.232282206,0.930499792
1,0.581066251,0.428977549,0.039566714,0.996211588,0.578772426,0.423010051,0.012238066,0.997357309,0.575796783,0.422932148,0.012153821,0.997018456,0.572389245,0.422181398,0.012091829,0.997077763,0.584819734,0.423440129,0.010174634,0.996861517,0.585944772,0.423885733,0.010110209,0.996637583,0.586998343,0.423452109,0.009996218,0.997121871,0.567678869,0.425416172,-0.056793429,0.997879744,0.586970925,0.427335918,-0.06604673,0.996529639,0.575794399,0.438924253,0.022384433,0.996953428,0.582152963,0.442077965,0.019807557,0.996296763,0.530388176,0.466106594,-0.02437822,0.998714745,0.603307188,0.485991925,-0.097150989,0.999682009,0.53614974,0.515759885,0.064812705,0.08353658,0.623882174,0.592042744,-0.021410581,0.513748944,0.547718167,0.541992247,0.149893969,0.037472129,0.589225411,0.565495729,0.135848582,0.077800974,0.546746492,0.551661611,0.161850363,0.0517461,0.58661288,0.563652992,0.125584975,0.084218904,0.550067604,0.548314571,0.161346525,0.050735414,0.577268064,0.549878001,0.140690416,0.077757575,0.551074684,0.548741043,0.15189606,0.04256789,0.575068712,0.551716983,0.13993381,0.078056224,0.488485277,0.685403883,0.049195379,0.999888897,0.502819896,0.710942268,-0.049422443,0.999944627,0.562909722,0.694051385,0.23837021,0.342045754,0.566461742,0.726174653,0.092012003,0.978417158,0.545537114,0.830868781,0.389537871,0.672710061,0.534988821,0.887309968,0.256879866,0.973874331,0.531421959,0.855919123,0.406870753,0.654652297,0.519695878,0.920605898,0.27602759,0.929401338,0.588172078,0.842204809,0.440507799,0.683620572,0.576300502,0.926401377,0.300038248,0.911316872
0,0.570146978,0.149449095,0.15781951,0.985613406,0.57027328,0.137400582,0.144378394,0.986736834,0.570484877,0.13828893,0.144347534,0.982843518,0.570922673,0.13900052,0.144355506,0.985161066,0.570847809,0.13456592,0.126788303,0.987399578,0.570924819,0.133271351,0.12673983,0.985882759,0.571157098,0.132021368,0.126551554,0.988209188,0.565098226,0.144432738,0.109878682,0.973725796,0.567998052,0.131372273,0.029226895,0.983139753,0.569133341,0.161583424,0.151674345,0.980692446,0.569088578,0.158560544,0.127918616,0.984033823,0.525047779,0.204052508,0.136632845,0.995759964,0.58014524,0.171731576,-0.05021584,0.999519289,0.547844648,0.274413615,0.107642971,0.197755367,0.607088625,0.232331574,0.009460693,0.57758224,0.548215926,0.219008714,0.107572436,0.167452067,0.559218347,0.217813656,0.225878716,0.12307518,0.545788884,0.205919057,0.109350108,0.173419207,0.54804641,0.211430013,0.256338179,0.122674778,0.54591167,0.196127445,0.132355303,0.168551743,0.540086448,0.211830392,0.241725117,0.115728773,0.547019482,0.20233798,0.114870772,0.143609494,0.541363358,0.218004361,0.227056906,0.116334371,0.557237267,0.454128146,0.087884016,0.998159587,0.563408852,0.447162241,-0.088232726,0.999684453,0.557780862,0.632255197,0.253905773,0.515117049,0.543241799,0.664511263,-0.159762815,0.981701493,0.555434048,0.803494692,0.374704778,0.787789226,0.527201533,0.882287621,-0.253169745,0.978712022,0.543995619,0.822281301,0.38375029,0.724848628,0.518208385,0.916216016,-0.265022248,0.921046138,0.600261688,0.831264317,0.371899545,0.836169124,0.575514913,0.940429091,-0.336323887,0.962098718
1,0.607176483,0.438330799,0.078872383,0.997368693,0.601472676,0.427954346,0.067776963,0.997999489,0.599205613,0.427237839,0.067692637,0.997751474,0.597006619,0.426795959,0.067682356,0.997883141,0.605445623,0.430790931,0.055589836,0.997848332,0.605613112,0.431145042,0.055496007,0.997651756,0.605613589,0.431171715,0.055347789,0.997915089,0.587320149,0.431907624,0.030720979,0.997575045,0.598820508,0.435057312,-0.028023586,0.997201681,0.601574302,0.449295312,0.06827914,0.997200906,0.606000125,0.450809956,0.052261967,0.996771932,0.537184477,0.473514944,0.043996744,0.99878931,0.611679494,0.490448713,-0.080966868,0.999800146,0.535988331,0.556754053,0.102178231,0.064822838,0.61898309,0.600624621,0.002087785,0.538742185,0.537473202,0.630564988,0.131280884,0.034265518,0.604945838,0.580970049,0.182781994,0.099154897,0.533796847,0.651177347,0.138834611,0.044264883,0.608520031,0.578861773,0.197726429,0.109139591,0.536543667,0.648474991,0.137983635,0.044204377,0.6022259,0.56480366,0.192828044,0.100821435,0.537805617,0.643247008,0.131150037,0.038794551,0.596673608,0.566025078,0.184884027,0.096959434,0.496539026,0.680728555,0.057960011,0.999879122,0.518252969,0.699081659,-0.058290463,0.99995333,0.545078337,0.71449095,0.276978225,0.318483233,0.555427432,0.737338185,0.098053567,0.98218894,0.548605144,0.831043303,0.431663096,0.626930058,0.535258949,0.884808362,0.251457661,0.973737061,0.531642914,0.861242771,0.448394865,0.633999288,0.52069062,0.914655745,0.267670572,0.928548813,0.584621727,0.855801702,0.46765393,0.692662597,0.577180386,0.917533457,0.268802017,0.923961937
0,0.570367396,0.14383696,0.097951002,0.970052004,0.566788435,0.115558356,0.078634091,0.97207433,0.56482774,0.121095926,0.078612238,0.968326628,0.56243813,0.125044182,0.078571089,0.971868396,0.571379721,0.110568576,0.064247005,0.971225202,0.572070241,0.109960884,0.064153671,0.967534542,0.572587013,0.10951928,0.063919514,0.971408546,0.554541707,0.122253411,0.024952862,0.959220827,0.569036067,0.116772979,-0.037275143,0.960231721,0.567112803,0.138263896,0.08716657,0.964141726,0.569105864,0.137129903,0.068178222,0.965174317,0.517379224,0.180835918,0.078599386,0.993792355,0.579026163,0.171546057,-0.097815841,0.998731136,0.509826064,0.241383448,0.214085504,0.066451102,0.594688833,0.252804965,0.025053408,0.473465621,0.531516075,0.195602804,0.347604036,0.11115551,0.578562379,0.203098357,0.266774029,0.179987684,0.533089578,0.186290681,0.369525433,0.137026295,0.575357676,0.190663278,0.30120483,0.205953717,0.537668347,0.178056508,0.373731583,0.137109086,0.566215992,0.186539561,0.286223888,0.196734339,0.538204074,0.18273966,0.351206422,0.120544031,0.565258622,0.193239227,0.269093752,0.190916896,0.540742397,0.446760267,0.092540361,0.997134328,0.555682778,0.438472956,-0.092867538,0.999375343,0.560004115,0.617673516,0.209487468,0.409149528,0.544835865,0.66490525,-0.183919996,0.963728368,0.552212477,0.802329183,0.330281973,0.683547676,0.527563453,0.873340607,-0.263512701,0.964755356,0.542792559,0.829669178,0.337891221,0.617733777,0.517307222,0.914701819,-0.274801701,0.893058062,0.599249542,0.83617568,0.316484451,0.761610508,0.578629851,0.936379492,-0.357243776,0.943366587
1,0.602886915,0.40731442,0.055156678,0.996860027,0.59914583,0.393267602,0.047646668,0.996024132,0.597157001,0.392589778,0.047581185,0.995795548,0.594461322,0.391391337,0.047570832,0.996330798,0.601956189,0.394358993,0.029631514,0.996218026,0.601724923,0.392070055,0.029558834,0.995918632,0.601515591,0.391276091,0.029431548,0.996420681,0.583508492,0.391373485,0.023684146,0.995775521,0.594973207,0.394453138,-0.058840431,0.993845701,0.596593976,0.416300416,0.050922237,0.995435297,0.598839164,0.414213061,0.026947593,0.995391846,0.523890615,0.435442746,0.060800392,0.999348342,0.589496672,0.459832162,-0.12615633,0.999924481,0.524801552,0.538286746,0.095114186,0.076525383,0.631688356,0.556490541,-0.052302234,0.880449414,0.531498015,0.6305812,0.065801308,0.034314498,0.619952023,0.553486109,0.11792817,0.393574655,0.532092452,0.655552566,0.064653553,0.044931687,0.62366879,0.558308065,0.125476941,0.376852155,0.534205914,0.65163523,0.059537597,0.045007315,0.616715789,0.538702369,0.124248408,0.366155773,0.533165932,0.644446373,0.061665248,0.043160528,0.61051631,0.539443314,0.121977702,0.325195402,0.49988237,0.660890043,0.075327016,0.999750555,0.508869529,0.676397443,-0.075634114,0.999920905,0.566447914,0.6806584,0.282599628,0.476895124,0.558382928,0.707883716,0.062619351,0.988608181,0.559666038,0.804927826,0.43650794,0.70034349,0.531305015,0.88544786,0.232698441,0.9856264,0.549276948,0.830873787,0.452474922,0.683426917,0.514822245,0.919963181,0.246826649,0.95229888,0.597349048,0.83544594,0.474267155,0.835295618,0.576198578,0.924412429,0.221381381,0.978888392
0,0.559006333,0.159610733,0.106667079,0.97922802,0.558695495,0.144835636,0.10009329,0.979300678,0.558507085,0.14500244,0.100039765,0.973643363,0.556612253,0.154396191,0.100026682,0.977351308,0.558552146,0.141402692,0.080973178,0.980599284,0.558402479,0.140391767,0.080926374,0.977223992,0.558230281,0.139252529,0.08071664,0.980163813,0.550263286,0.152378798,0.096091494,0.963895619,0.552027762,0.142940447,0.009114968,0.971279502,0.556952178,0.170181334,0.110171951,0.97066623,0.55628413,0.167247057,0.084111854,0.973941505,0.521141648,0.209166124,0.137826964,0.995573401,0.557416797,0.175354719,-0.049200382,0.999043941,0.553130448,0.274320304,0.176138505,0.102305405,0.574930251,0.221441776,-0.020818047,0.497528493,0.541885138,0.222875744,0.211405277,0.20149298,0.528302073,0.217338964,0.11830759,0.155112252,0.539168298,0.210676685,0.221460864,0.228531554,0.51752001,0.213804245,0.139265105,0.169028699,0.537228763,0.198899522,0.238467306,0.223843023,0.510935009,0.216619387,0.12748912,0.160463244,0.538809717,0.203754023,0.218319744,0.188601136,0.513251662,0.221540198,0.11847166,0.158386275,0.548936069,0.448785603,0.086027898,0.99703151,0.550458789,0.441001087,-0.086426616,0.999409795,0.556862593,0.625208735,0.231215075,0.461286575,0.541500032,0.660791337,-0.184076041,0.974161506,0.553563774,0.802859187,0.334060103,0.719436169,0.52681011,0.880611658,-0.281463802,0.967815876,0.542300701,0.823755801,0.341156036,0.646270633,0.516979277,0.915131688,-0.293330371,0.878722668,0.59847486,0.833349764,0.322240889,0.798788846,0.577907205,0.940894544,-0.372950137,0.944751441
0,0.459152937,0.115101561,-0.216256768,0.999995112,0.464446127,0.099799253,-0.191884801,0.999996185,0.46860081,0.101086095,-0.19188264,0.999994397,0.472102553,0.102549419,-0.191894799,0.99999541,0.452633232,0.097253777,-0.195951059,0.999994636,0.447734058,0.097018436,-0.195933551,0.999993145,0.44306007,0.097210862,-0.195844635,0.999993563,0.477185905,0.116662532,-0.06324771,0.99999541,0.434695184,0.108919218,-0.080592774,0.999992728,0.466014236,0.140309215,-0.169983849,0.999996364,0.45057407,0.136519268,-0.175298482,0.999994516,0.500041783,0.236248255,-0.059535831,0.999729574,0.403932273,0.225073472,-0.090033077,0.999601245,0.538289905,0.250565201,-0.375229359,0.982846498,0.38348034,0.245925903,-0.392866969,0.980455458,0.512900233,0.167495206,-0.657452822,0.97159332,0.394891322,0.176287711,-0.661270499,0.96169281,0.50780952,0.162663952,-0.718116164,0.942804277,0.391723514,0.16745311,-0.72340554,0.927617371,0.503123522,0.159847483,-0.699301898,0.938747883,0.396845341,0.164785072,-0.707490444,0.923811853,0.503717184,0.167327181,-0.6595788,0.925483882,0.40023914,0.170564711,-0.665263057,0.907504499,0.485616058,0.508683383,0.007609238,0.999903321,0.42383942,0.508885741,-0.007861338,0.999878705,0.504505992,0.712670922,-0.002423048,0.99574244,0.406322479,0.723526776,-0.027480453,0.997104645,0.524148047,0.88679558,0.197148472,0.992159545,0.376361877,0.90723294,0.133553222,0.994755208,0.518142581,0.90866524,0.208828524,0.825900912,0.37899071,0.930890083,0.141490787,0.812652707,0.538644969,0.958120465,0.071757175,0.984434545,0.365169615,0.982471704,-0.002047129,0.987083733
1,0.457958788,0.507067978,-0.665006459,0.999998987,0.464603961,0.484608024,-0.64593184,0.999997735,0.468526751,0.484223485,-0.645903111,0.99999845,0.472279489,0.483595669,-0.646067262,0.999995053,0.451225936,0.482930422,-0.645099938,0.999997139,0.446360201,0.481637925,-0.645216763,0.999998391,0.442628324,0.48085019,-0.645197451,0.999996543,0.478538901,0.485283375,-0.502366781,0.999998331,0.436326593,0.482768744,-0.498530865,0.999999106,0.463700593,0.527735829,-0.609544873,0.999999464,0.449110091,0.526268661,-0.608680606,0.999999344,0.506453693,0.565327644,-0.392653376,0.999964893,0.401717335,0.574192643,-0.381384552,0.999958456,0.54265672,0.708398402,-0.624972045,0.997972608,0.382756203,0.705422282,-0.603132784,0.994574547,0.508283436,0.573968947,-0.890093505,0.997010589,0.393419117,0.583277762,-0.882704258,0.992707849,0.508467257,0.543425024,-0.943791389,0.988687277,0.385309994,0.555818498,-0.936549187,0.979784131,0.511541724,0.536666512,-0.91431731,0.983955264,0.387127519,0.54970336,-0.910299778,0.968819916,0.509065986,0.546727955,-0.884405971,0.955488145,0.39135325,0.558422029,-0.878845513,0.922519982,0.481149912,0.736928105,-0.000920911,0.999777794,0.422268778,0.746055007,0.00083888,0.999899685,0.55157578,0.738580644,-0.45086962,0.994996488,0.352781534,0.750819087,-0.413577378,0.996014357,0.522984564,0.886647046,-0.1226089,0.987935245,0.374411494,0.912147522,-0.113555059,0.997633338,0.50971514,0.908050001,-0.098212346,0.969605267,0.385828167,0.935106039,-0.091902688,0.98343873,0.538168132,0.95844245,-0.241989776,0.978008866,0.354577571,0.986190259,-0.235013992,0.991292417
0,0.456910193,0.114099756,-0.193727672,0.999991119,0.46318236,0.098142922,-0.169032916,0.999990821,0.466430426,0.10025537,-0.169026583,0.999987185,0.470632464,0.102413572,-0.169032022,0.999988973,0.450716883,0.094792023,-0.172728047,0.999988854,0.445462614,0.094861433,-0.172722012,0.999985933,0.441004217,0.095333293,-0.17265512,0.999986768,0.475568593,0.11831966,-0.041501537,0.999987543,0.433300823,0.109029695,-0.05866193,0.999981284,0.463922679,0.141042992,-0.14804256,0.999991238,0.44773072,0.136605471,-0.153454915,0.999988616,0.498597443,0.240231782,-0.025534784,0.999648809,0.399843067,0.226420641,-0.053579766,0.999438763,0.53967768,0.272225559,-0.277918369,0.98928225,0.378951997,0.270746022,-0.310320348,0.976153135,0.511833012,0.177574873,-0.514040709,0.978553176,0.393545836,0.18115449,-0.55247122,0.95197314,0.505946934,0.16652891,-0.56368953,0.943874776,0.391106963,0.168787718,-0.607357264,0.899181426,0.501975715,0.164084479,-0.542774975,0.938069403,0.395076454,0.167057201,-0.591169655,0.893007457,0.502600253,0.173158541,-0.512944877,0.923090279,0.397468537,0.176520288,-0.554790735,0.874251842,0.482871473,0.509032249,0.003219049,0.999826431,0.421031058,0.509455979,-0.003398634,0.99982959,0.504631341,0.710695207,0.007115058,0.997142613,0.403651804,0.727282286,-0.026030038,0.997668624,0.524202943,0.88239032,0.211650968,0.993549049,0.378445804,0.907986343,0.125121519,0.99619323,0.51800096,0.906329751,0.224849433,0.851364791,0.382421941,0.929377973,0.132530868,0.863339722,0.540397823,0.955225468,0.091903485,0.987248123,0.361814171,0.982339203,-0.009736075,0.989736319
1,0.463088572,0.52268064,-0.654848337,0.999999285,0.469313562,0.50189364,-0.635172963,0.999997795,0.473555744,0.501795053,-0.635141253,0.999998808,0.477558911,0.501462579,-0.63528192,0.999995053,0.457202196,0.498887807,-0.63613081,0.999997437,0.45261091,0.497217178,-0.636238039,0.999998927,0.448261678,0.496078461,-0.636203945,0.999997199,0.483267486,0.503792167,-0.488673627,0.99999851,0.439972728,0.497673929,-0.493092448,0.999999344,0.467969,0.542677104,-0.598270059,0.999999523,0.454594702,0.540248513,-0.5999071,0.999999523,0.507527471,0.58076185,-0.379655063,0.999970376,0.406319946,0.582286894,-0.379390806,0.999966681,0.546938956,0.710588694,-0.619628608,0.99864167,0.385795921,0.716695249,-0.598849773,0.996470571,0.511332393,0.588366866,-0.883992493,0.99755168,0.399598449,0.593379319,-0.857667923,0.996794939,0.512120306,0.559836805,-0.935307503,0.989956141,0.391321003,0.565214515,-0.90758723,0.9906286,0.511054516,0.553353906,-0.904882252,0.986072302,0.39273718,0.559822321,-0.878878415,0.985540807,0.508091092,0.564159811,-0.877925992,0.963180721,0.39741835,0.568383873,-0.851511598,0.961303174,0.479814917,0.749936521,0.000938789,0.999825001,0.422036171,0.758725882,-0.001086045,0.999926388,0.555022776,0.728317678,-0.435818732,0.997200727,0.357717127,0.745304525,-0.413367689,0.997009933,0.523069382,0.886121035,-0.13130632,0.991718233,0.374594599,0.911764681,-0.136183053,0.998233795,0.511611819,0.908253133,-0.108688593,0.979686558,0.386576891,0.935584188,-0.116201438,0.986374497,0.539279997,0.956213117,-0.246376902,0.983776808,0.356546521,0.989450216,-0.255190253,0.992684364
0,0.461648136,0.120959058,-0.212251022,0.999994338,0.468710721,0.103803717,-0.187966675,0.999994099,0.472026646,0.105147555,-0.187956542,0.999991655,0.475436509,0.107002005,-0.187966511,0.999993026,0.455243498,0.10128019,-0.191058621,0.999992669,0.450364053,0.101147994,-0.191048354,0.999990582,0.44618234,0.101266541,-0.190972388,0.999991,0.480506241,0.121302247,-0.058326222,0.999992847,0.439410359,0.112286143,-0.073378503,0.999988794,0.469375759,0.146131873,-0.165853754,0.999995232,0.453017861,0.141576707,-0.170419127,0.999993265,0.502210736,0.242305264,-0.047106646,0.99975723,0.406608105,0.223500192,-0.068479016,0.999586105,0.547495425,0.264205456,-0.314925939,0.992432952,0.382827818,0.265758574,-0.333276689,0.980126023,0.51712656,0.17832306,-0.552026868,0.984016955,0.399849117,0.183409154,-0.584140837,0.957812071,0.510834515,0.171836004,-0.60642308,0.953216791,0.396797657,0.167556345,-0.642118275,0.911596835,0.506076097,0.171284154,-0.58340466,0.947418392,0.401419014,0.165215731,-0.625636518,0.904858351,0.506810367,0.178345472,-0.550276697,0.932730258,0.404418647,0.174459592,-0.586689711,0.884871423,0.483964622,0.509378493,0.004486547,0.999824703,0.422780037,0.508748233,-0.004691923,0.999836624,0.506709754,0.711672723,0.003629526,0.99758774,0.403806359,0.725122929,-0.024515081,0.998344779,0.524116635,0.883835077,0.215411112,0.993928254,0.378687143,0.907727957,0.13309592,0.997256339,0.516481042,0.908490419,0.229168683,0.885326326,0.38278845,0.929353058,0.140910313,0.888580441,0.540916443,0.958143294,0.094953552,0.988121331,0.362007678,0.984692693,-0.002548978,0.991970241
1,0.455199182,0.51928097,-0.593519926,0.999998271,0.461858273,0.498612881,-0.574316382,0.999995589,0.465732723,0.49789378,-0.574310243,0.99999696,0.469185412,0.497114599,-0.574461579,0.999990702,0.448405743,0.497055829,-0.575035751,0.999994755,0.443928629,0.495622247,-0.575142384,0.99999696,0.440095365,0.49462679,-0.575124621,0.999993801,0.475313604,0.500044048,-0.436673313,0.999996603,0.433737099,0.496647358,-0.439998299,0.99999845,0.461453438,0.540323317,-0.540718198,0.999999285,0.446179777,0.537489295,-0.541963995,0.999999106,0.500614285,0.581318796,-0.339968741,0.999958098,0.398897052,0.584068239,-0.337175727,0.999956965,0.540493488,0.712650895,-0.568481565,0.998212159,0.373874694,0.718457282,-0.54805392,0.994635344,0.504235148,0.59002012,-0.823623538,0.997128546,0.38992402,0.596634865,-0.810715377,0.99425292,0.506314933,0.559931755,-0.873156548,0.988550663,0.383185297,0.568388224,-0.85976696,0.984054744,0.506163716,0.552307665,-0.839274108,0.98349911,0.385299623,0.562424183,-0.833754241,0.975449741,0.502233684,0.562839091,-0.815411448,0.955174863,0.388995588,0.571560025,-0.805963695,0.93761754,0.472480953,0.753473639,-0.000626557,0.999815106,0.415507644,0.762830079,0.00054202,0.999918163,0.542479932,0.735119939,-0.440104783,0.995648265,0.349481732,0.748172224,-0.421939284,0.996076763,0.521276951,0.888330102,-0.124292746,0.990605652,0.373829335,0.907250106,-0.12133912,0.99779284,0.510484576,0.910369933,-0.100574896,0.973355293,0.385733575,0.929439008,-0.098762713,0.983313918,0.538874209,0.956623733,-0.234494358,0.983559906,0.356910437,0.986508489,-0.230365708,0.992511988
0,0.465032965,0.123830497,-0.228955626,0.99999392,0.469598114,0.106072478,-0.204377979,0.999994159,0.473238468,0.107167147,-0.204365522,0.999991179,0.477157533,0.108639523,-0.204369977,0.999992609,0.45786643,0.103702188,-0.210409731,0.999992788,0.452903211,0.103383698,-0.210403278,0.999990821,0.447930753,0.103411168,-0.21032536,0.999991715,0.481696039,0.120914482,-0.07141383,0.999992609,0.439433873,0.112709016,-0.098092742,0.999990761,0.471078157,0.147256836,-0.180549949,0.999995053,0.456505537,0.143133983,-0.188556865,0.999993324,0.502667487,0.237956733,-0.048106242,0.99965924,0.406564325,0.220916659,-0.099097438,0.999622464,0.54554981,0.255995452,-0.319777191,0.987398744,0.387842268,0.251019567,-0.381100804,0.982682228,0.515119851,0.170173228,-0.575550735,0.971522748,0.40284127,0.167069674,-0.636425436,0.961455286,0.510161519,0.167209879,-0.629282415,0.927890241,0.400007814,0.154960811,-0.696044505,0.920402467,0.504550636,0.168959081,-0.608333766,0.920079947,0.403345495,0.15417856,-0.680034637,0.914503932,0.505214036,0.176383764,-0.575834453,0.901412427,0.406687796,0.161876231,-0.639292479,0.895621181,0.484707445,0.508689046,0.009940524,0.999810815,0.423580348,0.507065117,-0.010155228,0.999830365,0.503766358,0.712183893,0.013829315,0.996743262,0.40535742,0.724876046,-0.02993145,0.998014212,0.523080409,0.884923398,0.205996305,0.99309212,0.378160268,0.908632398,0.115900718,0.996443033,0.516472399,0.909629226,0.217469767,0.874934733,0.382345796,0.930808961,0.122337863,0.871958256,0.540266514,0.957610071,0.081019059,0.98664546,0.362140954,0.983149886,-0.02665244,0.990049601
0,0.51973927,0.33837533,-0.546591043,0.894811094,0.52694267,0.325057864,-0.56897682,0.883115649,0.529406667,0.319669247,-0.568760633,0.897465467,0.534511566,0.321738929,-0.568802238,0.887821138,0.516612649,0.331522524,-0.584718585,0.881611645,0.513781011,0.333626807,-0.584770977,0.892450988,0.510900915,0.335881591,-0.584890425,0.878426135,0.540380538,0.290644646,-0.530125976,0.887462735,0.506644368,0.343745053,-0.603337646,0.852205515,0.521976769,0.346218824,-0.514105737,0.90217191,0.511088371,0.351905674,-0.53577733,0.867720962,0.547716677,0.338782996,-0.327935994,0.981199443,0.490805328,0.411512285,-0.474624336,0.994159997,0.549212813,0.293503106,-0.111204542,0.127605394,0.51576674,0.533056259,-0.535974741,0.541796327,0.540269315,0.284489751,-0.039539032,0.134393021,0.521576703,0.657496333,-0.712232769,0.746534169,0.548154712,0.265708447,-0.027534336,0.142349795,0.523341894,0.685516894,-0.787608504,0.755883932,0.532939553,0.2799716,-0.089165315,0.150223956,0.525697351,0.673369706,-0.779094934,0.75766927,0.527513862,0.289767087,-0.057979137,0.174632922,0.525952697,0.664211333,-0.713972092,0.749658346,0.508758307,0.19700858,0.041110825,0.996505618,0.467035443,0.217478663,-0.041147087,0.998344898,0.564256966,0.387716562,0.20147638,0.390305579,0.524451971,0.476726234,0.131830737,0.632403374,0.541251123,0.51412034,0.526360393,0.619390666,0.53121084,0.639227509,0.437769353,0.741635025,0.54006362,0.528633654,0.557918727,0.524855256,0.529140115,0.67105937,0.467038155,0.674295604,0.569405496,0.534370363,0.455287129,0.657071054,0.55380559,0.664688349,0.357948035,0.795851409
1,0.588536322,0.492367595,0.007329161,0.998857379,0.585339129,0.477195948,-0.002177814,0.99887687,0.5836519,0.475948364,-0.002258272,0.998928905,0.581748128,0.474709839,-0.002304837,0.998965025,0.587293386,0.478016913,-0.018875701,0.998379648,0.587116361,0.477819741,-0.018896531,0.99833709,0.586808801,0.477814257,-0.018924598,0.998048186,0.569246531,0.472528726,-0.024915788,0.999073684,0.577111125,0.477130413,-0.097860083,0.997331858,0.582276881,0.50358665,0.006048792,0.998851538,0.584146619,0.50402987,-0.016118424,0.998198867,0.510114014,0.506877601,-0.002264433,0.999770403,0.582819998,0.52607882,-0.126798183,0.999894917,0.495350033,0.592776656,0.068961576,0.335313022,0.62364924,0.639978349,-0.063444108,0.960482597,0.489222825,0.678870499,0.087118626,0.156401679,0.6029526,0.559535563,0.114843763,0.81374222,0.485240698,0.70007503,0.092552677,0.153697237,0.598504305,0.552860558,0.12159723,0.776507556,0.486163199,0.700618982,0.084510826,0.152868107,0.586690784,0.538869321,0.11873915,0.76815486,0.487791389,0.69462049,0.084165834,0.140229434,0.582251847,0.54582721,0.117421664,0.721559584,0.469420522,0.718134403,0.049275246,0.999909461,0.497304052,0.747300208,-0.049582578,0.999968827,0.516542971,0.779779196,0.214757085,0.595120609,0.535613656,0.780142486,0.119783267,0.986148596,0.515508711,0.902293146,0.358706385,0.741347134,0.514335752,0.906644702,0.274574339,0.974667251,0.498939216,0.934446573,0.374098241,0.721803963,0.504348397,0.931244135,0.290243268,0.945701122,0.554931045,0.920582891,0.392604619,0.787985086,0.545796752,0.921516955,0.303003013,0.951976955
0,0.549766421,0.193697691,-0.143550918,0.971650183,0.546918035,0.174972683,-0.164225131,0.964483917,0.546218634,0.178282529,-0.16424045,0.957862496,0.545054257,0.177688032,-0.164271519,0.96294421,0.545470774,0.171852291,-0.179039389,0.970939517,0.545097113,0.171488568,-0.179086536,0.969996512,0.545110643,0.171053216,-0.179226503,0.975016236,0.537304223,0.175006777,-0.180376977,0.96063143,0.541504204,0.172661856,-0.25120768,0.962033629,0.546393871,0.203643054,-0.137611836,0.95816946,0.544307351,0.200732946,-0.158585325,0.96288532,0.505458415,0.229213715,-0.105631188,0.994846582,0.554568052,0.21480003,-0.248810381,0.999414921,0.518827975,0.298495412,0.009429771,0.268542111,0.602771938,0.26339069,-0.19534044,0.681192458,0.517792463,0.231157497,0.13700898,0.089807838,0.564622819,0.230924144,-0.054755338,0.131104782,0.510910153,0.209984094,0.153021052,0.078689054,0.554865658,0.219032198,-0.040473033,0.121464163,0.516486526,0.205473438,0.168467611,0.074824728,0.542103767,0.220230713,-0.049437575,0.113563463,0.519994438,0.213744417,0.146761924,0.067958362,0.544543266,0.227110669,-0.053312045,0.108112253,0.523186207,0.489582092,0.071464248,0.997553229,0.532781482,0.49033308,-0.071793355,0.999561489,0.538221002,0.650704801,0.30296427,0.503796637,0.524587572,0.703834891,-0.064810172,0.977303445,0.530642569,0.82278204,0.507339597,0.737620354,0.503072679,0.928213835,-0.04124203,0.97492516,0.521375656,0.841358364,0.527116537,0.637372494,0.493271768,0.960710168,-0.040905144,0.891983092,0.576193035,0.857999563,0.521495998,0.801231265,0.549390733,0.982670844,-0.112313055,0.955140412
1,0.583898127,0.489958584,-0.031629004,0.997830868,0.581307292,0.473956585,-0.039640684,0.998206854,0.579940975,0.472213209,-0.03971611,0.998370886,0.578347445,0.470283806,-0.039717354,0.99840945,0.582443357,0.475112885,-0.06073121,0.996788323,0.581909716,0.47450006,-0.060762316,0.996545374,0.581240237,0.473976403,-0.060785204,0.995534718,0.565943837,0.46596849,-0.046791703,0.998769522,0.571503341,0.471540242,-0.144981533,0.994283497,0.57830435,0.50151515,-0.029394772,0.998444438,0.579317212,0.501557469,-0.057539839,0.996934772,0.503402352,0.50281471,-0.017654506,0.999863923,0.55985105,0.552363336,-0.163272128,0.999781489,0.471575409,0.579822779,0.059883017,0.255668253,0.60873282,0.634236038,-0.102387443,0.900580764,0.475113064,0.677940488,0.084856227,0.213177741,0.591741681,0.548068702,0.056598883,0.773254514,0.472420692,0.698806047,0.080344029,0.213980481,0.588131547,0.535156488,0.05980413,0.746964872,0.47224158,0.698304057,0.0681348,0.217844307,0.575368643,0.515562832,0.059612781,0.74108851,0.472375631,0.692535937,0.078505985,0.193839744,0.571128726,0.523534179,0.060257643,0.683241487,0.470755517,0.714577794,0.061745446,0.99993813,0.483953953,0.756130278,-0.061828703,0.999970555,0.534575403,0.758280694,0.230345532,0.52915144,0.528790534,0.792590737,0.099017128,0.977080166,0.535360873,0.855496824,0.389448315,0.653714418,0.51056397,0.926849127,0.26753366,0.966481149,0.5258196,0.883976221,0.406123579,0.645348191,0.494883925,0.956763387,0.28416577,0.923674107,0.573263049,0.870558918,0.426871061,0.74776113,0.544736028,0.968040526,0.291959643,0.949492395
0,0.546670318,0.193589956,-0.135333806,0.979844749,0.541876137,0.175925061,-0.130500019,0.979654312,0.542342782,0.177004799,-0.130533397,0.97525692,0.542781651,0.176821753,-0.130580828,0.978052199,0.539485574,0.171589389,-0.152611345,0.980713069,0.537594914,0.171636999,-0.152634114,0.979320884,0.535653114,0.171628445,-0.152717024,0.981204391,0.534699619,0.182390228,-0.071882248,0.970491052,0.526071489,0.181443229,-0.175296187,0.97206527,0.547217131,0.207077473,-0.107627675,0.971626341,0.543253958,0.206557974,-0.137398154,0.973543048,0.528817534,0.260300428,0.035095681,0.993109882,0.532112539,0.24604547,-0.194926977,0.997306645,0.578627229,0.318741173,0.092231736,0.132669166,0.579360068,0.27304402,-0.148824364,0.526189625,0.579505026,0.264781833,0.112902246,0.243149713,0.547434032,0.235694543,0.027875047,0.254092604,0.575806022,0.249419168,0.119068161,0.249395862,0.539082468,0.221630439,0.039886944,0.282374203,0.572053492,0.238937423,0.126099512,0.246239215,0.532585204,0.223898083,0.028389413,0.274640709,0.572827756,0.24664934,0.116104111,0.227569655,0.534345865,0.233304515,0.028665656,0.268080503,0.540009499,0.5017941,0.082459524,0.993961394,0.537654519,0.504349828,-0.082692668,0.998741269,0.539138436,0.669974506,0.245052174,0.414169401,0.523886263,0.71066761,-0.134741038,0.961384594,0.532483459,0.82974571,0.37269333,0.696855664,0.503904223,0.926693022,-0.185505882,0.97037977,0.523332477,0.848521352,0.383347213,0.62330246,0.494598299,0.959430516,-0.193729997,0.872152805,0.578415871,0.855357349,0.369124115,0.807748854,0.548847795,0.984461129,-0.269303501,0.951561928
0,0.537055373,0.204117462,-0.130826741,0.990912795,0.530705094,0.189581066,-0.125674427,0.990906715,0.531129658,0.190223545,-0.125712782,0.988831162,0.531628907,0.191878363,-0.125742257,0.98974812,0.532640815,0.186474293,-0.149204507,0.991371036,0.532119691,0.184686705,-0.149222642,0.991027534,0.53208518,0.183827087,-0.149264857,0.99153614,0.524005711,0.201591507,-0.067706808,0.986011863,0.521563053,0.195450619,-0.177937344,0.988279521,0.538536727,0.22099942,-0.104323566,0.987204969,0.534078956,0.220485553,-0.136307195,0.987578154,0.524532914,0.286174774,0.032470714,0.995317519,0.527219176,0.27820152,-0.201424271,0.998538852,0.585712075,0.338543057,0.124996208,0.163150415,0.591699779,0.273094356,-0.138559327,0.630122542,0.569564104,0.268619806,0.188296288,0.319517106,0.544170916,0.236308455,0.064930163,0.360012561,0.560105979,0.247353911,0.200637028,0.318331867,0.53082341,0.216372535,0.076344602,0.386906266,0.556582212,0.241206259,0.205506653,0.314940661,0.522842169,0.223610982,0.065013766,0.378884226,0.559259653,0.251348168,0.191553563,0.291844428,0.526761115,0.23424466,0.065611407,0.370272368,0.535918176,0.526761591,0.0800834,0.996616483,0.532077432,0.528441846,-0.080213174,0.999373436,0.531198978,0.6844396,0.286162257,0.401152819,0.516702533,0.715722084,-0.073087007,0.96715194,0.531816542,0.83188647,0.445201337,0.72675544,0.502940714,0.926797628,-0.074346349,0.975944459,0.523693323,0.84605509,0.460486352,0.679650426,0.493954748,0.959388554,-0.077017084,0.889329255,0.576727748,0.856598735,0.45066604,0.8411358,0.547165751,0.986067712,-0.151517928,0.960287869
0,0.446511418,0.190279707,-0.329252541,0.999999225,0.453616709,0.169634998,-0.310416788,0.999998271,0.457038969,0.169813901,-0.310415179,0.999998033,0.460903794,0.169933662,-0.310461015,0.999997675,0.440116942,0.16877529,-0.308181196,0.999997675,0.435754538,0.168558449,-0.308205843,0.999997437,0.431927383,0.168728814,-0.308155358,0.999997199,0.467400402,0.17805402,-0.183844596,0.999996245,0.427531958,0.178107306,-0.17487824,0.999996006,0.454234272,0.210728988,-0.28180927,0.999999106,0.438637108,0.211429134,-0.279517055,0.999999106,0.500059247,0.287139058,-0.097870268,0.999981701,0.398005188,0.286851257,-0.087495893,0.999961615,0.541350663,0.396382511,-0.245313048,0.997744381,0.356132209,0.405069739,-0.207812712,0.997380614,0.559160054,0.284843922,-0.5029037,0.998041034,0.331899375,0.289282173,-0.461427599,0.997892737,0.564035773,0.259162635,-0.550954044,0.99189949,0.325910717,0.26639092,-0.510731339,0.992144823,0.557282805,0.248779252,-0.545629382,0.991519928,0.331913948,0.255429327,-0.506079435,0.991671085,0.553518057,0.257787645,-0.507425249,0.987704277,0.33570531,0.262872159,-0.466528594,0.988335848,0.482696831,0.551245987,0.000555369,0.999869108,0.425888628,0.552997947,-0.000665498,0.999863267,0.501597285,0.742410898,0.031223919,0.997889817,0.416835457,0.758091748,0.009355414,0.998410583,0.517319798,0.896510065,0.307468295,0.995433092,0.401910782,0.910027146,0.259822458,0.995366156,0.513964057,0.917748511,0.329332918,0.921837926,0.404608488,0.927570939,0.279735506,0.890476227,0.530047059,0.964850545,0.208220094,0.992029727,0.393827051,0.980537474,0.156015798,0.991204321
1,0.45162788,0.625681162,-0.601618767,0.999993205,0.45748201,0.604620397,-0.592976809,0.999989808,0.461104006,0.602707684,-0.592934787,0.999989927,0.464833349,0.600203574,-0.593116343,0.999975324,0.445788682,0.604318678,-0.593839765,0.999982536,0.441387415,0.602348685,-0.593893051,0.999985278,0.437758356,0.600118279,-0.593863428,0.999977112,0.472906768,0.586476743,-0.473563373,0.999987304,0.432074785,0.588239431,-0.476547182,0.999994934,0.457540661,0.637532175,-0.551455796,0.999997079,0.444826603,0.63754499,-0.55232203,0.999996483,0.502119005,0.631459117,-0.338630974,0.999945283,0.396424055,0.641993523,-0.342086434,0.999943674,0.5447402,0.7045573,-0.44405371,0.996863484,0.358507931,0.72220695,-0.405576646,0.999235094,0.557814479,0.627870023,-0.617209613,0.993520319,0.339199364,0.642675102,-0.521923363,0.998041451,0.565974116,0.60029918,-0.648891389,0.974679112,0.329768032,0.620294094,-0.548031509,0.991333723,0.561178565,0.591839612,-0.646570444,0.971335173,0.336569905,0.610252857,-0.543061376,0.988469243,0.556882322,0.600816011,-0.620606482,0.947555065,0.342701077,0.6180498,-0.521547079,0.976827443,0.478436619,0.752032578,0.001382826,0.998625159,0.425287426,0.758830965,-0.001522357,0.999383032,0.537543714,0.757655919,-0.319760889,0.978882372,0.372845083,0.786952794,-0.307784647,0.988672316,0.516059041,0.893018842,-0.077308185,0.955118656,0.400343984,0.91180855,-0.077021644,0.987247467,0.505278468,0.915176809,-0.058619093,0.911360323,0.410519838,0.93181777,-0.058324009,0.94175458,0.52752161,0.961441576,-0.175148234,0.930204272,0.389361829,0.979564309,-0.166606754,0.96658957
0,0.445775658,0.190876052,-0.348756552,0.99999851,0.452358663,0.168869793,-0.330570519,0.999997437,0.456042707,0.16879493,-0.330569476,0.999996901,0.459554344,0.168946534,-0.3306292,0.999996364,0.438655674,0.168762267,-0.329296649,0.999997199,0.43456015,0.168616936,-0.329344392,0.999996901,0.430496037,0.16897051,-0.329302073,0.999996841,0.46607247,0.176224217,-0.203653336,0.999994874,0.426183283,0.17775017,-0.198922187,0.999996305,0.453504711,0.211647227,-0.300904691,0.999998331,0.437670857,0.21294634,-0.299892098,0.99999851,0.498013556,0.282106251,-0.110937119,0.999965847,0.3956424,0.2859025,-0.112137675,0.999970019,0.542506814,0.393690407,-0.251813114,0.997398138,0.355750501,0.406757861,-0.238948494,0.997325718,0.555486262,0.275642067,-0.491840184,0.996625364,0.331575692,0.289191633,-0.499110699,0.997415602,0.559873402,0.251990378,-0.538962483,0.985648274,0.326283842,0.2670784,-0.549061894,0.990522921,0.554089427,0.244901001,-0.531120777,0.98461926,0.331351459,0.256002933,-0.544109583,0.989779055,0.550309718,0.253260911,-0.49537462,0.977588654,0.334975541,0.263175398,-0.504064381,0.985111773,0.482783735,0.546072602,0.00307636,0.999733806,0.425740719,0.549761474,-0.003143028,0.999812782,0.50186789,0.733312309,0.040296659,0.997351646,0.415703952,0.753757238,0.002876745,0.998083293,0.518058538,0.893925726,0.28457588,0.994418919,0.401518971,0.911966681,0.207152769,0.99640125,0.511085212,0.91663605,0.302818984,0.939466059,0.405940115,0.931727827,0.222509772,0.914627016,0.533876777,0.960374534,0.180534393,0.990453243,0.392484456,0.983449996,0.087584093,0.992127061
1,0.452129066,0.566309094,-0.669490695,0.999992609,0.459248841,0.544053674,-0.658282995,0.999989867,0.463302374,0.542068243,-0.658243775,0.99999094,0.467436224,0.539849162,-0.65843761,0.999972582,0.445786953,0.544851005,-0.659205854,0.999983013,0.441292465,0.543006659,-0.659264505,0.999987721,0.437684953,0.540902376,-0.659221709,0.999978721,0.474666119,0.532557368,-0.527564824,0.999985814,0.431972593,0.532930076,-0.531755805,0.999995708,0.458280742,0.579946578,-0.616031945,0.999996662,0.444775045,0.580611229,-0.61730659,0.999995828,0.503641605,0.590204716,-0.385222852,0.999907196,0.395931423,0.5979985,-0.388024837,0.999899268,0.544671893,0.676324069,-0.52153337,0.995762467,0.358520091,0.691853225,-0.480009228,0.998852551,0.559754968,0.588017404,-0.73103404,0.991707504,0.338097394,0.608917594,-0.639661849,0.997469485,0.567368507,0.562211335,-0.767767489,0.96930027,0.328646123,0.584574699,-0.670514047,0.990865707,0.561962306,0.551607072,-0.761322856,0.964779675,0.334499896,0.569849551,-0.660673022,0.987416446,0.557283759,0.559717774,-0.73311317,0.938431501,0.340744585,0.57626909,-0.637977302,0.975068688,0.481320471,0.715031505,0.002509903,0.998149991,0.422954172,0.716866195,-0.002750144,0.999270499,0.540743947,0.759026349,-0.324991226,0.97736305,0.367573172,0.789128304,-0.313704073,0.988815844,0.51560539,0.893502355,-0.062138684,0.951313972,0.4003447,0.912772298,-0.0562419,0.98762095,0.505037665,0.916333497,-0.042970061,0.916179478,0.412085712,0.932897866,-0.036790863,0.94339484,0.531616151,0.963824391,-0.163193002,0.913132548,0.387295276,0.980925083,-0.154522493,0.960089386
0,0.449805409,0.192973241,-0.36449641,0.999998689,0.456579745,0.171288803,-0.346761197,0.999997973,0.460383266,0.171139702,-0.346759409,0.999997556,0.464011729,0.171060607,-0.346831471,0.999997079,0.442911446,0.17088595,-0.344984829,0.999997616,0.438756227,0.170519263,-0.345036924,0.999997497,0.434691757,0.170759693,-0.344992042,0.999997377,0.470413297,0.177281752,-0.219672918,0.999996483,0.430478871,0.178950205,-0.212305635,0.999997377,0.457573354,0.213401631,-0.315882176,0.999998689,0.441865683,0.214745268,-0.314141214,0.999998868,0.50269258,0.281004876,-0.124673232,0.999968648,0.398392409,0.28388834,-0.124713078,0.999973655,0.546887577,0.39221555,-0.273975194,0.997689128,0.357257277,0.402437508,-0.257727027,0.997580945,0.561219215,0.274964154,-0.522258162,0.996163249,0.334908754,0.287062675,-0.522992969,0.997297764,0.565826178,0.247371674,-0.571309268,0.983674884,0.329147339,0.264266729,-0.574943185,0.989907384,0.559283912,0.239426345,-0.562833309,0.982294738,0.334704638,0.252454132,-0.569432378,0.988944829,0.555235386,0.248737574,-0.525738955,0.973913968,0.338618428,0.259501994,-0.528086066,0.983629048,0.483455837,0.545220375,0.003050309,0.999717414,0.425992191,0.547886252,-0.003100797,0.999806046,0.504657745,0.733350694,0.018344253,0.997183204,0.413533866,0.752801418,-0.008379712,0.998037457,0.518159568,0.893326223,0.277397841,0.993802309,0.401289225,0.908679962,0.211983204,0.996366203,0.510364056,0.915852964,0.297106653,0.941173553,0.405837625,0.928229272,0.227933854,0.917035341,0.534021735,0.959192812,0.173960835,0.988581181,0.393537283,0.981346667,0.092561997,0.991405189
1,0.452881247,0.596869826,-0.59243679,0.999993384,0.459704071,0.578525305,-0.583384991,0.999991536,0.463595778,0.576549709,-0.583351433,0.999991775,0.467361689,0.573837698,-0.583533406,0.999977529,0.446799427,0.579031348,-0.584620953,0.999986529,0.442635059,0.577431381,-0.584662616,0.999989212,0.439286888,0.575262487,-0.584647834,0.999983072,0.474241912,0.562223256,-0.461805195,0.999987543,0.433723271,0.563185751,-0.466338217,0.999996066,0.459106535,0.611214101,-0.541578829,0.999997318,0.446062416,0.611650467,-0.543015659,0.999996781,0.505050302,0.610127866,-0.323010713,0.999907494,0.397951543,0.624196649,-0.32408613,0.99991262,0.547039449,0.694032967,-0.395768315,0.995502591,0.362234175,0.719151974,-0.347130358,0.999021649,0.560175419,0.609082103,-0.543954492,0.991731703,0.339908779,0.63467133,-0.425507069,0.997883379,0.568676591,0.581342161,-0.567835689,0.96979779,0.330259621,0.611359,-0.44308573,0.991422653,0.5629915,0.571067452,-0.570361018,0.966466963,0.336241007,0.599041462,-0.438665926,0.988460958,0.557966352,0.580487728,-0.547652543,0.942109823,0.342087239,0.606130064,-0.42337957,0.977055788,0.481278479,0.737023652,0.001242232,0.998110592,0.425893247,0.741151273,-0.001408235,0.999175072,0.541886926,0.75564158,-0.319697738,0.980455399,0.368451655,0.784012198,-0.306274742,0.989760578,0.516246915,0.893434763,-0.092982262,0.960259199,0.399525464,0.91559124,-0.093650207,0.986531556,0.505155861,0.916700065,-0.075084992,0.93043524,0.410006106,0.937973678,-0.076482013,0.940714538,0.529469609,0.964446068,-0.192050874,0.936160505,0.387625754,0.984001577,-0.186476722,0.961339712
0,0.447330952,0.193101123,-0.359206855,0.999998868,0.454085678,0.171610624,-0.341560781,0.999998212,0.45807156,0.171624884,-0.341560304,0.999997973,0.461321771,0.171614185,-0.341626108,0.999997616,0.440532982,0.171339095,-0.33992064,0.999998093,0.436515033,0.171091855,-0.339971423,0.999997854,0.432491958,0.171308935,-0.339925677,0.999997735,0.467599958,0.178247347,-0.21599099,0.99999702,0.428815752,0.179483473,-0.209113643,0.999997556,0.455471575,0.213360071,-0.311545193,0.999998808,0.439521849,0.214376837,-0.309850842,0.999998868,0.500734687,0.283843279,-0.12149246,0.999973178,0.397722661,0.286863506,-0.121083006,0.999973238,0.54376018,0.395604372,-0.262685627,0.997921169,0.356405675,0.405540675,-0.250230283,0.99758625,0.55858624,0.281919599,-0.506055117,0.997243106,0.335109711,0.289564103,-0.50937438,0.997704446,0.563480556,0.256474286,-0.554288745,0.987917542,0.329522073,0.265933692,-0.560430765,0.991291583,0.55744803,0.248044074,-0.547616899,0.987027526,0.33506763,0.253779292,-0.556002915,0.990533233,0.553326368,0.256016463,-0.509925008,0.980552733,0.338775605,0.26091522,-0.514677584,0.985984206,0.483109951,0.541984797,0.002796437,0.999732614,0.426504225,0.545564294,-0.002861559,0.999817371,0.50312084,0.729117155,0.021489916,0.997181237,0.415400445,0.748293042,-0.007620134,0.997966111,0.51756227,0.893124223,0.263147444,0.994656563,0.401380628,0.911178529,0.192267045,0.996849895,0.511046052,0.915897965,0.280869365,0.943374038,0.406385481,0.931521177,0.205903217,0.92004329,0.534775972,0.958340287,0.156959325,0.990548015,0.390087694,0.985255122,0.070270553,0.992723346
0,0.455072314,0.199720949,-0.276791334,0.999999881,0.459874481,0.17950426,-0.259038925,0.999999523,0.463852733,0.17960006,-0.259075373,0.999999464,0.46715045,0.180096716,-0.259111345,0.999999225,0.448553085,0.178965315,-0.259457141,0.999999285,0.443966687,0.178914279,-0.25946489,0.999999106,0.439276546,0.178936511,-0.259397089,0.999998868,0.47187981,0.186818987,-0.135991365,0.999998629,0.433290005,0.186653405,-0.140491664,0.999998808,0.460269302,0.218481123,-0.2304167,0.999999702,0.446542889,0.218431279,-0.231824353,0.999999523,0.50485909,0.292441785,-0.050324172,0.999992549,0.400800169,0.293008536,-0.061862718,0.999987483,0.532172024,0.406894982,-0.167688698,0.996341944,0.363967776,0.411059797,-0.163867086,0.996918797,0.573082745,0.314486086,-0.418936968,0.998160601,0.321544468,0.312514305,-0.399086773,0.99814111,0.583696723,0.29441011,-0.465121597,0.993412316,0.310296535,0.291839391,-0.442566574,0.993715227,0.579134285,0.280221969,-0.469373792,0.993656576,0.313546211,0.278136641,-0.448719889,0.9937675,0.57442987,0.286389619,-0.427734137,0.9915905,0.318984717,0.284824491,-0.408242851,0.99166286,0.48675704,0.560899854,0.008390267,0.999891877,0.428733885,0.564982533,-0.008435885,0.999901295,0.509100795,0.752358675,0.04663853,0.997819662,0.413744032,0.767307937,-0.014037408,0.999141097,0.532579124,0.913813174,0.254829228,0.996815145,0.389533997,0.934537351,0.155441642,0.997803509,0.523620248,0.93832773,0.268948257,0.960587621,0.3924236,0.955199242,0.166318566,0.924978018,0.557924509,0.975841761,0.154046848,0.994169891,0.381559163,1.002041459,0.038966805,0.995061874
1,0.465175867,0.644080758,-0.380704731,0.999999583,0.471579313,0.62614876,-0.383978605,0.999999583,0.47564587,0.624183834,-0.383798599,0.999999583,0.479542971,0.621317685,-0.383938342,0.999999464,0.459408283,0.624197066,-0.383426577,0.999999583,0.454791218,0.621005952,-0.383424699,0.999999583,0.450926542,0.617200792,-0.383295238,0.999999583,0.485182524,0.598448515,-0.316511929,0.999999583,0.442526489,0.596559644,-0.313826263,0.999999642,0.470367968,0.655236483,-0.348457158,0.999999046,0.457873285,0.653078794,-0.347488523,0.999998987,0.511873245,0.623086393,-0.185489967,0.999845505,0.404384136,0.630923152,-0.186442867,0.999971509,0.538559616,0.671014547,-0.033081677,0.925213337,0.364090502,0.701587737,-0.071766719,0.986659706,0.580099761,0.619296193,0.073666461,0.927640557,0.328559816,0.633004904,0.001700149,0.989812911,0.590044737,0.596100688,0.101873994,0.866116881,0.317446947,0.613505661,0.018711992,0.968557119,0.586706877,0.587160528,0.077905014,0.886754811,0.321817935,0.605995119,0.002719766,0.96475476,0.582093894,0.595276594,0.06914591,0.884049892,0.326370895,0.612542212,-0.000973103,0.958959162,0.487727106,0.743838012,0.005374648,0.999100327,0.429136127,0.74757278,-0.005656369,0.999442637,0.55596602,0.77388978,-0.233910531,0.989121795,0.362143636,0.798526347,-0.223606557,0.996079564,0.531103969,0.913606405,-0.112820052,0.979595602,0.387942135,0.942961574,-0.13434495,0.995377719,0.518774569,0.938041031,-0.103676006,0.971194327,0.398091227,0.963060498,-0.127969414,0.982788742,0.553438723,0.97678721,-0.186793998,0.96187979,0.371626556,0.996307313,-0.214406252,0.986095488
0,0.455419928,0.205448508,-0.293667912,0.999999285,0.461029857,0.183634847,-0.2772668,0.999998748,0.46440357,0.183491111,-0.277302414,0.999998689,0.468046188,0.183390513,-0.277333975,0.999998331,0.4486247,0.183101088,-0.277931601,0.999998271,0.443686634,0.182762057,-0.27794534,0.999997795,0.43989557,0.182876647,-0.277890801,0.999997318,0.47336036,0.187486708,-0.153092772,0.999997795,0.434352487,0.188163102,-0.157914206,0.999997497,0.462453932,0.224037483,-0.245757133,0.999998927,0.446713388,0.223533094,-0.24728179,0.999998808,0.5051893,0.288825363,-0.064792499,0.999991357,0.401218712,0.289423853,-0.071346208,0.999983907,0.527738571,0.408898205,-0.188701972,0.994499445,0.365488946,0.409817666,-0.16088286,0.996839643,0.56725055,0.318651527,-0.45743075,0.997627795,0.321601212,0.312843323,-0.383118004,0.998012364,0.579264224,0.298258454,-0.505191445,0.992573619,0.309716761,0.292626441,-0.423686892,0.993341148,0.574910045,0.285607904,-0.510492086,0.99276948,0.312757015,0.279194564,-0.431981146,0.993459344,0.570419073,0.290442497,-0.46698314,0.990383267,0.317898661,0.285041839,-0.392705292,0.991317511,0.488341868,0.560167491,0.006363867,0.999836802,0.430719525,0.564448595,-0.006380538,0.999865294,0.51408875,0.751888514,0.044665281,0.997758806,0.411983252,0.770012736,-0.011709231,0.999068379,0.533169746,0.910755217,0.278845251,0.995591104,0.387726724,0.934223115,0.164929032,0.997780502,0.522763133,0.936605513,0.295403868,0.955558002,0.391856223,0.954192579,0.17663762,0.934591651,0.555773735,0.975127757,0.180911586,0.99193126,0.377179652,1.00120306,0.047909688,0.994549155
1,0.4630557,0.652874887,-0.416864485,0.999998927,0.468913734,0.634808362,-0.421582609,0.999998868,0.472890705,0.632980049,-0.421385527,0.999998689,0.47680077,0.630524039,-0.421513736,0.999997199,0.456781805,0.632684708,-0.420764208,0.999998331,0.452261508,0.62989682,-0.420769691,0.99999845,0.44853124,0.626680434,-0.420606703,0.999998033,0.483082682,0.608843088,-0.359186798,0.999997616,0.440833479,0.607954085,-0.354385585,0.999998987,0.468551099,0.663858593,-0.385456175,0.999996662,0.455708325,0.6618312,-0.384056479,0.999995172,0.509890854,0.628389657,-0.215969637,0.999807596,0.40191707,0.637400985,-0.217233658,0.999931872,0.536289454,0.669195235,-0.042502597,0.922124267,0.36368376,0.700000226,-0.083799258,0.981485486,0.578840554,0.626346767,0.108281538,0.927010059,0.327731907,0.633919716,0.025511688,0.985663056,0.587411761,0.604272664,0.143085331,0.856782317,0.315930903,0.621196032,0.049242169,0.957856178,0.584963918,0.595341802,0.117071971,0.876845181,0.31905663,0.614814699,0.032450307,0.951996565,0.580587864,0.603120744,0.104065731,0.867605984,0.323997825,0.619197547,0.023486938,0.944340825,0.48668617,0.745862067,0.005964841,0.998744309,0.427838326,0.751016319,-0.006188607,0.99931252,0.55349803,0.773325205,-0.222509578,0.990274787,0.361008495,0.798978865,-0.224537641,0.996507525,0.530487239,0.914557874,-0.097536325,0.980730712,0.387720674,0.938274026,-0.131793082,0.995411694,0.518603444,0.938950598,-0.088789523,0.971609831,0.398210973,0.959119737,-0.125856146,0.981607676,0.553557515,0.97687614,-0.168630362,0.962669849,0.372141927,0.995002806,-0.214434534,0.984699667
0,0.456862271,0.212685883,-0.292239457,0.999999344,0.461959988,0.190609023,-0.275984526,0.999998987,0.465394646,0.189486369,-0.276015073,0.999998868,0.468888521,0.188820153,-0.276039541,0.99999845,0.449811131,0.192132741,-0.277470678,0.999998569,0.445303053,0.191831276,-0.27748251,0.999998331,0.441539139,0.1915095,-0.277419388,0.999997914,0.473966509,0.192381009,-0.152831286,0.999997854,0.435634911,0.19544144,-0.161694467,0.999997973,0.463686645,0.230743766,-0.244851828,0.999998987,0.448932081,0.230319023,-0.247429609,0.999998987,0.507113039,0.292213649,-0.065065034,0.999991417,0.402310371,0.294707477,-0.075252131,0.999986172,0.5328058,0.404321134,-0.181307271,0.995836496,0.368298441,0.413663447,-0.173521325,0.99706614,0.571127832,0.31280008,-0.442021608,0.998044133,0.326654732,0.321586996,-0.410988867,0.998343587,0.582866073,0.292777926,-0.490099102,0.993418455,0.315228522,0.301063716,-0.453915298,0.994471312,0.578577518,0.280690223,-0.496084839,0.993647993,0.318350315,0.288036019,-0.462555796,0.994578898,0.573335111,0.286276191,-0.451875865,0.991638899,0.32342127,0.293911755,-0.420961142,0.992740989,0.491246551,0.558517992,0.005783771,0.999830186,0.434172571,0.564394832,-0.005793027,0.999869347,0.513897836,0.746793687,0.045915972,0.997478247,0.415278763,0.767912805,-0.003409047,0.998816609,0.53320694,0.910193563,0.257907957,0.995607018,0.389477283,0.931567073,0.156699181,0.997687697,0.523153365,0.935695648,0.271799177,0.954735994,0.393593937,0.951969981,0.166018933,0.933834791,0.557010531,0.972894371,0.156657934,0.992423058,0.377886266,0.998621225,0.035632748,0.994634032
1,0.467008114,0.665285528,-0.357136816,0.999999583,0.47355175,0.646394312,-0.360117018,0.999999642,0.477902591,0.644654572,-0.359947741,0.999999583,0.48208189,0.642317295,-0.360051095,0.999999583,0.461435735,0.644597173,-0.359712541,0.999999642,0.457146794,0.641563594,-0.35969907,0.999999583,0.453438371,0.637891829,-0.359575242,0.999999583,0.488483518,0.621557534,-0.29739058,0.999999583,0.445238262,0.613521218,-0.294930458,0.999999762,0.472790629,0.675371706,-0.326167166,0.999999344,0.459558159,0.674229383,-0.325567394,0.999999285,0.514525771,0.636235893,-0.172903091,0.999810457,0.404960573,0.643946946,-0.178810939,0.999981582,0.541489959,0.679831505,-0.042813707,0.899422348,0.365779668,0.709593534,-0.094500616,0.991277695,0.578083396,0.628396392,0.044861518,0.932011545,0.329067171,0.651381373,-0.053253304,0.99301213,0.588620842,0.606867135,0.070077851,0.897556722,0.317608416,0.630700588,-0.040905144,0.979213417,0.585416555,0.597023845,0.048980869,0.910305142,0.322301179,0.621328354,-0.055633463,0.976081789,0.581431329,0.605221868,0.040740177,0.90590471,0.327622473,0.628041208,-0.05656765,0.97252816,0.489264667,0.751322031,0.00680958,0.999302924,0.430939913,0.755913794,-0.007143232,0.99953872,0.555536568,0.780709505,-0.206286222,0.990415871,0.360698044,0.799702942,-0.19887884,0.997597218,0.529746354,0.914585888,-0.085095927,0.984377623,0.387698561,0.940918505,-0.110505261,0.997436941,0.517921031,0.938333988,-0.076064631,0.980536103,0.398584902,0.959977031,-0.103877842,0.989484727,0.553010821,0.977607131,-0.151629016,0.969676495,0.37143749,0.996654689,-0.181151271,0.990697086
0,0.456321061,0.194973454,-0.27701813,0.999999583,0.461577713,0.174379602,-0.258708656,0.999999344,0.464812696,0.17470929,-0.258731812,0.999999344,0.468514502,0.174876928,-0.258752733,0.999999285,0.448748112,0.173005193,-0.259834826,0.999999344,0.443729639,0.172921672,-0.259835571,0.999999166,0.439896256,0.173198536,-0.259756088,0.999998987,0.472836643,0.18328321,-0.135915965,0.999998987,0.434145302,0.183862835,-0.14422071,0.999998987,0.462647825,0.216757014,-0.230972245,0.999999344,0.44734621,0.216414452,-0.233344823,0.999999344,0.504741848,0.298195988,-0.052650802,0.999991596,0.399640262,0.300267488,-0.068197705,0.999987602,0.532391071,0.420647949,-0.162317365,0.994547009,0.367554605,0.424514264,-0.174295336,0.996265769,0.570179045,0.322151124,-0.407962978,0.997819066,0.323366582,0.330514491,-0.411564201,0.998046517,0.580683053,0.302075446,-0.451680005,0.992780745,0.310953379,0.30902192,-0.453564405,0.993863702,0.576017022,0.289238006,-0.456334651,0.992996335,0.312799871,0.296260267,-0.45924741,0.993953466,0.571485698,0.294390231,-0.416517675,0.990752935,0.318594366,0.302084327,-0.420578182,0.991953194,0.489055336,0.566051424,0.01051289,0.999885082,0.431106895,0.570445061,-0.010593766,0.99991715,0.513278961,0.756577969,0.061584909,0.997894108,0.414199054,0.773536325,-0.008539772,0.999194264,0.533188999,0.912996829,0.283037603,0.996442854,0.389128685,0.935364723,0.166028947,0.997975767,0.522719622,0.93905437,0.29849717,0.962991416,0.393087268,0.954659522,0.177642673,0.933031678,0.558189631,0.976072967,0.189932674,0.993569732,0.379147828,1.00317812,0.053272635,0.995191574
0,0.589322209,0.175622478,-0.090749517,0.993638158,0.583650053,0.157294333,-0.086533539,0.994029522,0.582026482,0.156428352,-0.086589731,0.993321121,0.579153001,0.155293927,-0.086574018,0.99268955,0.581468463,0.157211542,-0.114136912,0.994162858,0.57877028,0.156632006,-0.114156105,0.99450773,0.575654268,0.155994177,-0.114178278,0.994019032,0.562937438,0.159900174,-0.037757128,0.993825316,0.563043535,0.162401944,-0.166771546,0.993818223,0.58210665,0.19279936,-0.068212658,0.990715384,0.579063952,0.193690464,-0.105281927,0.992326617,0.534885228,0.237530842,0.045567777,0.991616368,0.547999918,0.228045151,-0.200364083,0.998177469,0.53240335,0.223439232,0.161741972,0.054465439,0.567715108,0.197615638,-0.229416281,0.715638041,0.524137378,0.223888859,0.259583861,0.060579158,0.537303329,0.179082572,-0.127162486,0.363375217,0.518164456,0.225580379,0.265939415,0.08797247,0.531240106,0.171909392,-0.134611696,0.389192522,0.519883752,0.22527048,0.254655868,0.091882072,0.527095258,0.177037418,-0.136802182,0.380119205,0.523177743,0.227989808,0.254377574,0.092636444,0.527627528,0.183578253,-0.12506406,0.349907786,0.541758597,0.514462471,0.089471869,0.993209839,0.539348364,0.51891923,-0.089653112,0.998952031,0.545009375,0.680571258,0.273269564,0.34362489,0.534591079,0.717044234,-0.061277501,0.975006402,0.539590657,0.823307037,0.436964691,0.686712146,0.513468146,0.909806728,-0.041487195,0.979407191,0.530012488,0.843675673,0.450023979,0.701485515,0.503561854,0.94692415,-0.042744923,0.936107278,0.58436656,0.840937376,0.424364507,0.802564979,0.561667562,0.972686529,-0.127136439,0.956391513
0,0.454305351,0.197280973,-0.26033926,0.999999762,0.459529459,0.177924544,-0.242387623,0.999999642,0.463152349,0.177765369,-0.242426753,0.999999523,0.466251433,0.178055555,-0.242461473,0.999999404,0.447510064,0.177335769,-0.242648214,0.999999523,0.442812145,0.176920161,-0.24264507,0.999999404,0.438588291,0.176736087,-0.242573589,0.999999225,0.471117646,0.184975266,-0.121139251,0.999998868,0.432825893,0.185161456,-0.126278639,0.999999166,0.46008715,0.216723442,-0.215033084,0.999999642,0.446027428,0.21721594,-0.216537356,0.999999642,0.504109383,0.293674648,-0.037129022,0.999992132,0.400816768,0.294048935,-0.053255778,0.999988258,0.531795859,0.405702204,-0.145005092,0.995625436,0.363515556,0.411975354,-0.159126699,0.99643147,0.572836041,0.314052701,-0.384749383,0.997891128,0.322984397,0.312510371,-0.394450575,0.997868299,0.583806872,0.293847084,-0.428223073,0.992471874,0.311531663,0.292850792,-0.437852085,0.99298799,0.578561842,0.280022889,-0.432967275,0.992751479,0.314772934,0.280262411,-0.441690683,0.993004918,0.573699415,0.285477161,-0.393252581,0.990537524,0.320370793,0.286445946,-0.402688354,0.99061203,0.485525042,0.558931947,0.014558172,0.999892533,0.427809387,0.563020885,-0.014628185,0.999902606,0.508980751,0.747564673,0.05629481,0.996744692,0.413499981,0.766596913,-0.024150399,0.99898994,0.532158315,0.912362337,0.260360062,0.995769858,0.389490575,0.933114648,0.142431989,0.99740696,0.523973882,0.937516928,0.274815381,0.961062253,0.390158206,0.953578532,0.153773755,0.912770867,0.558674514,0.974465072,0.165067971,0.992506742,0.385893881,1.002228498,0.029433887,0.994031668
1,0.4655779,0.648843169,-0.397727996,0.999999046,0.471124262,0.630035579,-0.397014767,0.999998808,0.474941194,0.628281474,-0.396898508,0.999998629,0.478696108,0.625902712,-0.397030324,0.999997318,0.45946008,0.628420413,-0.396579444,0.999998748,0.454853117,0.625400186,-0.396579593,0.999998689,0.450851351,0.621867657,-0.396503836,0.999998629,0.484383255,0.604639709,-0.319122314,0.999997675,0.442065537,0.602031529,-0.31651482,0.999999166,0.470768869,0.659809947,-0.361848056,0.999996305,0.458584785,0.658986688,-0.361117303,0.999995708,0.511643767,0.626787245,-0.193562418,0.99966234,0.403798282,0.635698795,-0.193983853,0.999912858,0.539314866,0.67302072,-0.114469185,0.949532092,0.363066494,0.705895126,-0.124868594,0.990506589,0.581221461,0.615936041,-0.104590997,0.961987495,0.329143703,0.637276173,-0.109019779,0.994867563,0.596652031,0.585410357,-0.093768671,0.90128392,0.31735602,0.61719811,-0.10296613,0.98173666,0.588285208,0.582743645,-0.118687533,0.91320622,0.321455151,0.609080911,-0.110542394,0.978439152,0.582874179,0.592086971,-0.113581918,0.902711332,0.326343119,0.615265667,-0.109471105,0.971775472,0.487032324,0.747497499,0.006524579,0.998288393,0.428088963,0.751217246,-0.006904088,0.999317765,0.556717336,0.775608301,-0.262801856,0.984305918,0.362826049,0.797798395,-0.25183785,0.995639145,0.530246556,0.912816525,-0.126137659,0.969150305,0.38841331,0.941016495,-0.144860119,0.994646132,0.517382622,0.938418925,-0.116176344,0.969937861,0.399021268,0.961721182,-0.138069049,0.97949636,0.552628279,0.976163387,-0.201039881,0.943261504,0.371331602,0.996565163,-0.219995767,0.980958283
0,0.454719841,0.205482721,-0.267077565,0.999999166,0.460363477,0.1833722,-0.250120193,0.999998629,0.463802397,0.183126539,-0.250160486,0.999998391,0.467554003,0.182960168,-0.250186652,0.999998093,0.448313653,0.182921156,-0.251959115,0.999998152,0.443439305,0.182418689,-0.251964211,0.999997735,0.439559788,0.182325572,-0.251905769,0.999997437,0.473006964,0.187484384,-0.126790449,0.999997437,0.433792204,0.187237889,-0.138576224,0.999997497,0.461360306,0.224191472,-0.219828457,0.999998629,0.446085125,0.222882614,-0.223235101,0.999998748,0.503813267,0.28864643,-0.040966809,0.999988317,0.400607497,0.289358675,-0.059186429,0.999981701,0.527230144,0.40806058,-0.15452224,0.993608475,0.365563244,0.407808185,-0.167613551,0.995861053,0.566982567,0.317331523,-0.408903599,0.997342765,0.322221756,0.311020672,-0.415798664,0.997646272,0.579889655,0.297258079,-0.455345631,0.991649389,0.310623556,0.291172415,-0.46085611,0.992797196,0.576091111,0.284424752,-0.460710913,0.991854012,0.313679934,0.277336657,-0.46714744,0.992984951,0.571203351,0.289199382,-0.418252796,0.989380002,0.318923026,0.283350855,-0.42531696,0.99071914,0.487442732,0.556619585,0.010873774,0.999750078,0.430346072,0.561908603,-0.010854473,0.999807835,0.513118386,0.746658862,0.054391839,0.997073114,0.413079649,0.765772581,-0.021805895,0.998739302,0.534065962,0.906753719,0.272510707,0.9944368,0.38830322,0.93601805,0.128292948,0.997319996,0.524607122,0.931265593,0.288192928,0.946500421,0.391233683,0.954703927,0.137557879,0.920029879,0.554440618,0.971576035,0.172734514,0.990040064,0.38103202,1.001686931,0.002928772,0.993435144
1,0.461060941,0.654873967,-0.393779755,0.999998987,0.467455864,0.636615992,-0.391252905,0.999999046,0.471370995,0.635101318,-0.391159475,0.999998868,0.475470245,0.632732272,-0.391290903,0.999997556,0.455304623,0.633945227,-0.3915295,0.999998569,0.451094925,0.630903959,-0.3915326,0.99999851,0.447537035,0.627476811,-0.391444504,0.999998331,0.482459158,0.61292243,-0.310537726,0.999997675,0.440661997,0.607413709,-0.311686128,0.999999046,0.466749817,0.6663872,-0.357457459,0.999996185,0.453688949,0.664379954,-0.357913136,0.999994814,0.509605944,0.63851285,-0.194178551,0.999704123,0.4013381,0.644301295,-0.190556288,0.999908507,0.538332701,0.680528402,-0.128499955,0.937742829,0.363737494,0.706498146,-0.10694959,0.982268035,0.583901525,0.626636326,-0.127321601,0.938828111,0.328293979,0.644903898,-0.07968875,0.988719821,0.607082546,0.60021174,-0.120532952,0.871318161,0.316519469,0.625947595,-0.072753742,0.968034029,0.597738981,0.590593696,-0.148759618,0.886367738,0.319863468,0.617159128,-0.083521232,0.962023914,0.591834068,0.59942323,-0.138169795,0.880982816,0.324908942,0.623432755,-0.081221759,0.954410017,0.486086369,0.75385946,0.005358556,0.998647749,0.426487535,0.758002222,-0.005650529,0.999523282,0.553331017,0.773911357,-0.260329694,0.990626156,0.362046361,0.800550222,-0.257777274,0.997371137,0.53007853,0.912811041,-0.121507503,0.976748049,0.38851127,0.941058457,-0.143213853,0.996048808,0.518650234,0.938169539,-0.112388149,0.971073151,0.399225295,0.961608231,-0.134771556,0.98255676,0.553331316,0.976193547,-0.19622992,0.949168622,0.370897353,0.991703808,-0.215150684,0.982478499
0,0.456559479,0.212332815,-0.252487928,0.999999464,0.461796761,0.191131338,-0.235956997,0.999998927,0.465466261,0.190189064,-0.236006975,0.999998808,0.468881041,0.189458847,-0.236037225,0.99999851,0.449446589,0.192009762,-0.237187237,0.999998569,0.445245594,0.191771358,-0.237186521,0.999998271,0.441561997,0.191552669,-0.237125784,0.999998033,0.473850816,0.192951307,-0.117129348,0.999997914,0.435817152,0.196204379,-0.125185937,0.999997973,0.463656902,0.230093405,-0.207029775,0.999998927,0.448469102,0.229841366,-0.209337905,0.999998927,0.506638587,0.292141169,-0.036978714,0.999991179,0.40275526,0.294584692,-0.046529047,0.99998492,0.531760454,0.403555602,-0.146151543,0.995637774,0.369071841,0.411601335,-0.144727349,0.996125281,0.571203768,0.313867956,-0.391769886,0.998119473,0.3272627,0.318836421,-0.379009783,0.997967422,0.582808137,0.293830901,-0.437100738,0.993692636,0.31575194,0.299205273,-0.421424329,0.9935835,0.578188956,0.281264633,-0.443093598,0.993893147,0.318232477,0.28657952,-0.429038376,0.993729413,0.573411942,0.286423147,-0.401067108,0.992000818,0.323626399,0.292345494,-0.388716012,0.991735935,0.490606368,0.557239592,0.006474655,0.999792576,0.434282124,0.563461363,-0.006472337,0.999848187,0.513888717,0.74670738,0.042871386,0.996690273,0.415489763,0.766771436,-0.011200057,0.998562872,0.533678174,0.908846557,0.237835005,0.994430065,0.390123367,0.935116827,0.128272817,0.997342229,0.524101794,0.934503019,0.250788599,0.948911607,0.394137442,0.954845071,0.135852173,0.927070916,0.556632638,0.971526861,0.13900122,0.990752339,0.379455358,0.99974215,0.008515094,0.993739188
1,0.466597736,0.663021445,-0.37537387,0.999999762,0.472733676,0.644904256,-0.376099139,0.999999702,0.476880491,0.643351376,-0.375968814,0.999999642,0.480923742,0.640954554,-0.376082718,0.999999583,0.460505635,0.641992509,-0.376579672,0.999999702,0.456161112,0.638761163,-0.376580536,0.999999642,0.452421606,0.635168016,-0.376486719,0.999999642,0.487449169,0.619394064,-0.302719593,0.999999583,0.444755644,0.613720596,-0.30449158,0.999999762,0.47207123,0.672656476,-0.340694219,0.999999404,0.459326178,0.671215296,-0.341228902,0.999999285,0.514165044,0.636428475,-0.176579818,0.999801159,0.405018628,0.643110812,-0.183750004,0.999968946,0.54311192,0.663514853,-0.078360848,0.906206846,0.364923954,0.708255529,-0.098375134,0.989022672,0.582395554,0.617269158,-0.042359825,0.939129472,0.329293877,0.649032235,-0.054092925,0.992729008,0.601356387,0.598406076,-0.027538216,0.895937443,0.317555189,0.630125344,-0.02883414,0.977753699,0.591721058,0.590956688,-0.054927133,0.91214931,0.322274595,0.620686948,-0.05061198,0.974649072,0.585530341,0.599143326,-0.051107913,0.905429006,0.327603042,0.626804531,-0.055023909,0.970261872,0.488669217,0.751917839,0.006927915,0.999079764,0.42979899,0.754267693,-0.007264201,0.999569476,0.555656552,0.779973924,-0.238908842,0.991902769,0.36080119,0.799010396,-0.225865796,0.99767971,0.529577136,0.914266288,-0.114168391,0.984358311,0.388509035,0.94202739,-0.137885809,0.997900605,0.517828584,0.939368248,-0.105798468,0.98208338,0.399520069,0.962315202,-0.131379053,0.990190983,0.553313136,0.976486981,-0.190351903,0.968176007,0.37214461,0.996670723,-0.214796975,0.991738081
0,0.456172556,0.192389533,-0.255729198,0.999999523,0.461728901,0.172100201,-0.236174062,0.999999344,0.464996248,0.172656849,-0.236215621,0.999999285,0.468622744,0.173025757,-0.236238688,0.999999166,0.448471695,0.170609012,-0.237888813,0.999999225,0.443602949,0.170583978,-0.237887621,0.999998987,0.439889044,0.1709387,-0.237815782,0.999998927,0.473045826,0.182270601,-0.112357475,0.999998927,0.434252352,0.182161465,-0.123392895,0.999998748,0.462818086,0.214676216,-0.209981486,0.999999344,0.447155565,0.214569882,-0.213216946,0.999999344,0.504618883,0.299768984,-0.036189947,0.999991596,0.400036275,0.300858259,-0.050701678,0.999982893,0.530728161,0.422399312,-0.154508188,0.994537234,0.366268307,0.423286915,-0.161732286,0.995404184,0.567121327,0.324876904,-0.404158741,0.997917712,0.322740614,0.327061743,-0.405042112,0.99757272,0.576674044,0.303768992,-0.44993186,0.993158519,0.310442388,0.307588905,-0.448433876,0.992674351,0.572989106,0.290823668,-0.45372647,0.993303001,0.311980963,0.295217693,-0.453865945,0.992798507,0.569154203,0.296000659,-0.412705898,0.991073012,0.317700565,0.300575316,-0.414366782,0.990635037,0.487976253,0.566002727,0.010744856,0.999854028,0.430541992,0.570834756,-0.010812571,0.999879658,0.512635767,0.754701555,0.055802964,0.997627378,0.413679421,0.773779869,-0.012255545,0.998957157,0.533298194,0.910741508,0.277384996,0.99524188,0.388923585,0.93708998,0.157528013,0.997372985,0.523394704,0.936288297,0.292862475,0.951285779,0.392395318,0.955621064,0.169078439,0.917941689,0.555295587,0.973761261,0.182671279,0.991578758,0.379438788,1.003278494,0.043557577,0.993813217
1,0.506318688,0.533898056,-0.49317956,0.999997675,0.509510636,0.512418032,-0.478369176,0.999995649,0.512318015,0.510987163,-0.478339612,0.999995828,0.514858127,0.509634376,-0.478471905,0.999992907,0.500001967,0.514555633,-0.482737243,0.999995947,0.495610148,0.514282882,-0.482862383,0.999996483,0.491083384,0.513827741,-0.482873589,0.999995112,0.515632272,0.508866429,-0.363008469,0.999994636,0.479529291,0.511884451,-0.38136977,0.999997735,0.510230899,0.547873855,-0.447580516,0.999997914,0.498609155,0.551084995,-0.453389347,0.999998748,0.543408751,0.584010184,-0.278724253,0.999921739,0.440889657,0.588614762,-0.297820747,0.999972939,0.579687595,0.679447412,-0.433576256,0.997026682,0.396255612,0.696028888,-0.43293786,0.998627067,0.597378135,0.578064978,-0.636276543,0.99545753,0.376704127,0.597179174,-0.623405457,0.997469664,0.601663649,0.552228272,-0.669772267,0.985470235,0.366369426,0.573127091,-0.657618582,0.990735114,0.597226381,0.542036414,-0.650501132,0.981622398,0.373290002,0.563459158,-0.645381868,0.987942338,0.594262242,0.552386105,-0.632968783,0.964753211,0.37824899,0.570079386,-0.622338414,0.976081073,0.515967607,0.760293484,0.009178005,0.999414623,0.45971489,0.765761495,-0.009217354,0.999734819,0.589407802,0.780667007,-0.307976604,0.993883133,0.421552837,0.79551059,-0.379970849,0.995285213,0.543627381,0.883220315,-0.017096562,0.973882616,0.439153194,0.903533518,-0.066658273,0.989205778,0.528816581,0.895125806,0.008409022,0.941935003,0.442127079,0.913075686,-0.038225148,0.947764933,0.553849399,0.963494301,-0.081213929,0.958456695,0.44478029,0.973743498,-0.132797509,0.973569512
0,0.494523048,0.148870572,-0.332834512,0.999997735,0.499596685,0.130029693,-0.314530671,0.999995291,0.502739668,0.130327344,-0.31454441,0.999995112,0.506718695,0.130880013,-0.314560354,0.999994218,0.487009108,0.130041391,-0.31318137,0.999992967,0.48246178,0.130304515,-0.313218355,0.99999249,0.478592396,0.130748376,-0.313194156,0.999992251,0.511713386,0.139262319,-0.184795886,0.999991357,0.47223419,0.1386365,-0.179864526,0.999988735,0.501316071,0.169238448,-0.283361942,0.999997973,0.485298723,0.168087825,-0.282205105,0.999997675,0.543654561,0.245618165,-0.09743692,0.999984384,0.438917875,0.242633283,-0.08273045,0.999950469,0.572525859,0.355203629,-0.243752196,0.996594429,0.397229314,0.359670937,-0.198750347,0.997326672,0.592608631,0.244665384,-0.521649122,0.997785628,0.373588502,0.251965672,-0.474367201,0.998497963,0.595987141,0.222129211,-0.573534787,0.992429316,0.36580497,0.223016933,-0.527411163,0.994950891,0.592426777,0.211565033,-0.570117474,0.992096961,0.371170491,0.210587397,-0.527223229,0.994831085,0.589677691,0.219788134,-0.5272035,0.988419116,0.375290751,0.220232874,-0.48173824,0.992510378,0.518562734,0.511819422,-0.003044703,0.999767542,0.461709499,0.513053596,0.00289825,0.999623179,0.528056741,0.706212997,-0.002089469,0.99736917,0.458087742,0.720496595,-0.000668811,0.995683849,0.539904833,0.883491516,0.25288409,0.993550718,0.440837562,0.893211722,0.23980923,0.987608314,0.53663528,0.903350651,0.272632062,0.852269471,0.440213859,0.91184032,0.257410347,0.790431082,0.545712113,0.96254909,0.132292554,0.990132093,0.448299229,0.970147431,0.115253903,0.982351959
1,0.510377765,0.529001892,-0.458821058,0.999998629,0.514337063,0.509174824,-0.444509655,0.999997616,0.517347693,0.507988632,-0.444479525,0.999997675,0.520182967,0.506860673,-0.444609404,0.999995947,0.504086852,0.509941876,-0.448512405,0.999997854,0.4995749,0.509211957,-0.44863683,0.999998212,0.495041311,0.508505881,-0.448645592,0.999997318,0.521493554,0.506847024,-0.334834874,0.999997079,0.483952224,0.50809443,-0.354165614,0.999999046,0.514504135,0.544701397,-0.415856987,0.999998569,0.502447426,0.546424985,-0.421561092,0.999999166,0.547347903,0.584136128,-0.25733605,0.99992162,0.445171267,0.585877597,-0.276625305,0.999976993,0.584712267,0.675729215,-0.403082222,0.997482479,0.401353598,0.690329671,-0.402582407,0.998691678,0.602906704,0.576225042,-0.595276415,0.995980203,0.381951213,0.596797764,-0.586632073,0.99778676,0.607307136,0.552817166,-0.627227485,0.98656112,0.371568888,0.570880651,-0.618819237,0.992124557,0.602254331,0.541747391,-0.608865857,0.982922614,0.379008293,0.560887396,-0.608060539,0.989780068,0.599045634,0.550248563,-0.592117369,0.968160629,0.383978188,0.567449152,-0.586037517,0.980005682,0.518970609,0.759034574,0.007795756,0.999448061,0.463483036,0.761452496,-0.007861724,0.999769807,0.594640017,0.791580558,-0.264367878,0.993579209,0.418633848,0.805501103,-0.329061151,0.995568454,0.543768525,0.883314848,0.01916017,0.965134263,0.43968907,0.903274119,-0.018978164,0.984324217,0.528765738,0.896107793,0.044176389,0.937787354,0.444760859,0.909729004,0.009390636,0.936284959,0.555064023,0.965282679,-0.032957606,0.942923665,0.444490492,0.973992765,-0.069379129,0.960488915
0,0.496330082,0.142639384,-0.340480119,0.99999702,0.502843857,0.124695398,-0.321960986,0.999993801,0.506367803,0.124912858,-0.321982414,0.999993563,0.509543002,0.125723228,-0.322021037,0.999992669,0.489673674,0.125366032,-0.321121514,0.99999088,0.485299051,0.125952467,-0.321160197,0.999990165,0.481494486,0.126733914,-0.321128935,0.999989569,0.515595615,0.135403648,-0.191878468,0.999988973,0.476320207,0.135171443,-0.189167291,0.999983251,0.504084468,0.16365993,-0.291198462,0.99999696,0.487549543,0.162800297,-0.290661097,0.999996305,0.548766315,0.246723741,-0.10161487,0.999976754,0.444244951,0.241713792,-0.09738417,0.999915957,0.582409859,0.351852685,-0.244642183,0.997391462,0.404348373,0.355104327,-0.216185421,0.995991766,0.598669589,0.241129786,-0.50962472,0.99800849,0.381356567,0.254664242,-0.493658602,0.997820914,0.601661265,0.217320979,-0.560932517,0.992638767,0.37479502,0.226472288,-0.547870517,0.993258893,0.597130418,0.207446992,-0.555627823,0.992262244,0.379085273,0.212946787,-0.548934639,0.993092537,0.594267666,0.215729401,-0.514189422,0.98872906,0.382320285,0.222541511,-0.501511931,0.990085483,0.519690335,0.51060921,0.000145503,0.999763012,0.462188423,0.512020707,-0.000281922,0.999560773,0.531675518,0.711298883,-0.006602606,0.997098446,0.459778875,0.718767226,-0.007483506,0.995741665,0.538722157,0.888761818,0.226858974,0.993238449,0.441692412,0.894796669,0.2083226,0.987873256,0.533367276,0.909087777,0.243555382,0.871098518,0.441045195,0.91659224,0.223364398,0.794779897,0.547748446,0.966552973,0.103938296,0.989519954,0.448284209,0.965026438,0.083002418,0.982294559
1,0.502342701,0.546667039,-0.495014578,0.999997616,0.507227778,0.525673151,-0.482419729,0.999995053,0.510314584,0.524136662,-0.482379854,0.999994993,0.513426602,0.522572577,-0.482522875,0.999991477,0.497050762,0.52626121,-0.484336466,0.999995053,0.492682546,0.525085807,-0.484460443,0.999995589,0.488111079,0.523664594,-0.484468758,0.999993503,0.516811728,0.519887507,-0.372264355,0.999994457,0.478670359,0.519478083,-0.381434172,0.999996841,0.506316304,0.561070979,-0.450973421,0.99999851,0.494203091,0.562204719,-0.453910917,0.999998868,0.545489371,0.59115535,-0.285018533,0.999931931,0.442123473,0.591929138,-0.292373359,0.999978006,0.581395268,0.69383353,-0.435783535,0.997668684,0.398973852,0.693772078,-0.424244344,0.99866271,0.599621654,0.590511084,-0.629176557,0.996162415,0.380142987,0.596205413,-0.605785489,0.997384429,0.605732799,0.565661848,-0.663260758,0.987335622,0.370365322,0.571201086,-0.638921916,0.990539551,0.599914908,0.552886546,-0.645108104,0.983668625,0.378396034,0.562387824,-0.62742579,0.987217486,0.595677435,0.562159538,-0.62618506,0.967936993,0.38321051,0.569631934,-0.604920328,0.975689411,0.516752362,0.762230277,0.004536956,0.999274611,0.463351011,0.766158819,-0.004578182,0.999676228,0.584610581,0.772089064,-0.320947468,0.99071753,0.416172981,0.77869314,-0.345210612,0.99232161,0.542290807,0.884931207,-0.046264611,0.969067216,0.439997017,0.9075858,-0.074452631,0.991253197,0.529157519,0.898111403,-0.022526139,0.931492209,0.447037131,0.921992719,-0.050557591,0.960997283,0.553239584,0.964028597,-0.118565522,0.951463878,0.444550425,0.974823058,-0.150207728,0.977402806
0,0.495716751,0.156409904,-0.364750355,0.999996781,0.501661181,0.13704823,-0.349401414,0.999993145,0.50494802,0.136919856,-0.349414468,0.999993026,0.508625984,0.136988327,-0.349452496,0.999991834,0.489007175,0.137360081,-0.348173559,0.999989748,0.484910667,0.136985227,-0.348231524,0.999988914,0.480927378,0.13671115,-0.348213434,0.999988496,0.513434529,0.143976778,-0.219789535,0.999989152,0.474766076,0.143307954,-0.21481809,0.999984562,0.502772868,0.175554305,-0.313520491,0.999997199,0.487010479,0.174511626,-0.312444776,0.999996781,0.546590388,0.24397184,-0.123590067,0.999988556,0.441556513,0.237692818,-0.109954298,0.999960959,0.576031744,0.355649441,-0.266595602,0.997773111,0.398685992,0.350969136,-0.222888559,0.997723579,0.594171882,0.244846195,-0.539486527,0.998346925,0.376726002,0.24986206,-0.497252375,0.99859935,0.59677428,0.220828503,-0.592600942,0.993856013,0.368684113,0.219943255,-0.551479876,0.995234907,0.592276454,0.21043779,-0.589478791,0.993529201,0.373716772,0.205675319,-0.552560449,0.995144188,0.589701891,0.218749389,-0.545160115,0.990354538,0.377894789,0.215862036,-0.505165875,0.992884815,0.52040571,0.51206696,-0.003832169,0.999676228,0.463760853,0.516158283,0.003736934,0.999561608,0.531009078,0.70571804,-0.001920046,0.996702015,0.459366143,0.715914845,-0.015739396,0.994733512,0.540274501,0.88494873,0.23225148,0.992209613,0.44139713,0.891619682,0.187892839,0.9875682,0.536762118,0.904786527,0.248759344,0.844864309,0.440834522,0.909358621,0.201526448,0.800392568,0.546540141,0.961206913,0.105498418,0.988215983,0.448814243,0.966346383,0.05169614,0.981765091
1,0.373943478,0.504201055,-0.18896839,0.998730659,0.379880279,0.485603839,-0.194905668,0.999341667,0.383009136,0.484624565,-0.194875404,0.999479651,0.386970639,0.483951956,-0.194951668,0.999459803,0.375147492,0.486180961,-0.171832666,0.998430192,0.374472886,0.485640556,-0.171826318,0.998408318,0.373715281,0.485024422,-0.171784759,0.99796176,0.404283673,0.48999247,-0.183078408,0.999301016,0.38623172,0.487816751,-0.079427168,0.998703778,0.380748689,0.522172034,-0.182854742,0.999318063,0.375429213,0.520448029,-0.152984425,0.998377025,0.433867991,0.575766027,-0.196197763,0.999167144,0.387773931,0.544486761,0.009737735,0.99248004,0.46706304,0.64635855,-0.362472117,0.860208154,0.376673937,0.553277314,0.155511707,0.034210864,0.448442608,0.57959336,-0.50939256,0.840899527,0.381751716,0.525115013,0.262189686,0.082638845,0.446205944,0.56018132,-0.548336148,0.831138849,0.379898071,0.536931157,0.281511694,0.130047753,0.451438248,0.551296592,-0.537239969,0.825564384,0.383439153,0.520326734,0.267452955,0.13609466,0.44372946,0.562095106,-0.509501696,0.746601939,0.385435522,0.525495648,0.259135127,0.145082518,0.481800646,0.755307078,-0.073601045,0.999967694,0.443625212,0.74237901,0.07386753,0.999801755,0.442121983,0.789479256,-0.346761048,0.996908784,0.359871507,0.725729048,-0.044652693,0.911668897,0.4822734,0.899965167,-0.193530679,0.990822852,0.42545408,0.853773355,0.071444944,0.930958629,0.493201733,0.910422742,-0.175838664,0.97689569,0.441291958,0.862956226,0.081785753,0.913395464,0.460930347,0.951222837,-0.216458037,0.986133158,0.398079097,0.90483737,0.046118051,0.936676562
0,0.381618172,0.151230723,-0.120650031,0.998742282,0.386024892,0.133382335,-0.136875108,0.998616934,0.388466269,0.132601097,-0.136936322,0.998928249,0.391295284,0.131768867,-0.137037486,0.998941183,0.382601112,0.134236723,-0.108002983,0.99824965,0.38249287,0.134214401,-0.107952379,0.998179257,0.38245818,0.134210527,-0.108008459,0.997915566,0.407813936,0.134766787,-0.145281285,0.998909652,0.394321501,0.138236612,-0.014912717,0.997932553,0.389137685,0.169097021,-0.118745781,0.998900354,0.385082662,0.170129836,-0.081653617,0.997676432,0.442501009,0.226510346,-0.164454386,0.999056101,0.39765197,0.246413648,0.105323493,0.995928288,0.472207248,0.340003073,-0.221626073,0.914900839,0.404794067,0.364060581,0.152581498,0.076631203,0.443844408,0.278773367,-0.197798938,0.660346687,0.393183649,0.395034879,0.082444154,0.121467233,0.432539225,0.260320634,-0.209959388,0.59644413,0.389417231,0.41191411,0.076849006,0.144337296,0.433755487,0.242625654,-0.206180185,0.580814362,0.389897585,0.399592519,0.051497471,0.149259582,0.437984079,0.250219882,-0.192919135,0.505072415,0.391515672,0.393781483,0.067609757,0.140539721,0.44383359,0.494801581,-0.088676535,0.999020875,0.410489619,0.506162703,0.088815458,0.998014569,0.464595854,0.692508817,-0.109401748,0.992258847,0.4310112,0.688661695,0.170596331,0.955299854,0.489804208,0.89585799,-0.077643856,0.995852172,0.441614926,0.865046382,0.292562336,0.97625643,0.497462124,0.927910447,-0.081934936,0.96768707,0.457632691,0.891260028,0.29774344,0.93415451,0.45432955,0.946825087,-0.201311037,0.993448853,0.400940508,0.911017597,0.235219643,0.978985727
1,0.36861828,0.501657248,-0.192482442,0.998523831,0.372377068,0.48156026,-0.204805404,0.999156535,0.37507239,0.480061412,-0.204785779,0.999203861,0.378213674,0.478616118,-0.204901502,0.999262631,0.368225694,0.483092934,-0.177100778,0.998620093,0.367751598,0.482716441,-0.177141473,0.998645067,0.367185056,0.482148618,-0.177116796,0.99849385,0.398144633,0.483969957,-0.216225743,0.999301016,0.381410301,0.482735217,-0.090963319,0.998805404,0.376917899,0.519198477,-0.193696648,0.999448836,0.371976882,0.519553423,-0.157866761,0.998988271,0.430647373,0.579837561,-0.218186289,0.998727441,0.390798569,0.542124331,-0.001365797,0.995660365,0.474702269,0.671835959,-0.290913045,0.712611139,0.395768255,0.564308524,0.162832662,0.025425836,0.441423237,0.624028087,-0.317960262,0.456536561,0.392947882,0.529956698,0.297284812,0.034462411,0.432284653,0.609231174,-0.351237565,0.451614529,0.389671534,0.522105753,0.321312159,0.054810841,0.431670755,0.593283653,-0.347430825,0.448244005,0.395604819,0.523628175,0.305056244,0.058361568,0.43284899,0.602096021,-0.317531496,0.383975446,0.397205651,0.529173553,0.294437885,0.067337126,0.481598377,0.767326415,-0.073510416,0.999936879,0.441437185,0.749306917,0.073798656,0.99973923,0.44076553,0.799401343,-0.369368225,0.995569408,0.360511929,0.729791403,-0.057740044,0.863372147,0.485813528,0.898138523,-0.177628338,0.982255399,0.426460266,0.843026757,0.060977876,0.89490217,0.497722805,0.907548368,-0.154824868,0.960483611,0.440399647,0.858121514,0.072331503,0.876756847,0.461387694,0.948257625,-0.184246093,0.973953903,0.396444052,0.9079234,0.03789388,0.908133924
0,0.392243028,0.146760255,-0.176341832,0.998708665,0.397333831,0.130094916,-0.188090533,0.998583913,0.399793565,0.129757717,-0.188164786,0.998829484,0.402442127,0.129507169,-0.188280329,0.998823643,0.393617898,0.130170554,-0.161805883,0.998438239,0.393256485,0.12985675,-0.161795169,0.998381436,0.392885506,0.129526272,-0.161877424,0.99824208,0.416912407,0.134442925,-0.186025172,0.998773098,0.403103203,0.134361282,-0.054016709,0.99795711,0.398546934,0.163972855,-0.16729252,0.998782933,0.393425286,0.164167091,-0.133311138,0.997733712,0.45145002,0.221090153,-0.188604414,0.998020828,0.407159895,0.232465535,0.0820475,0.995247126,0.479378611,0.341954112,-0.227154046,0.854011357,0.402704567,0.30907461,0.182346806,0.112986051,0.45556736,0.282419354,-0.205647618,0.455392271,0.389820039,0.264886171,0.175550848,0.154799893,0.446423113,0.265126646,-0.212972641,0.420499951,0.386107504,0.257481933,0.178774849,0.169525072,0.44837442,0.253888994,-0.214695692,0.413240612,0.386291325,0.245327443,0.163986742,0.174097031,0.450814009,0.261027128,-0.202650741,0.343293428,0.388669699,0.249204874,0.167194799,0.163630679,0.461708367,0.490669429,-0.09174417,0.998684406,0.427218586,0.500752866,0.09193223,0.997471869,0.465850741,0.692683876,-0.109371915,0.989257813,0.435558081,0.684163213,0.164112419,0.944024861,0.487463534,0.898480833,-0.069016479,0.995189428,0.442379415,0.858789384,0.30150336,0.970362961,0.497143805,0.928466737,-0.072486684,0.962345839,0.452060282,0.884373486,0.308257163,0.922737181,0.454760462,0.957874894,-0.193904281,0.992823541,0.399863541,0.909009039,0.239782929,0.974910259
1,0.3775855,0.521302998,-0.187332675,0.999579787,0.380693108,0.5018484,-0.203166291,0.999746859,0.383714944,0.499902904,-0.203144819,0.999742448,0.387513459,0.497529775,-0.203216627,0.999778807,0.37574023,0.503893554,-0.177030534,0.99959141,0.374770492,0.503607333,-0.177080169,0.999568641,0.373674542,0.502996385,-0.177033454,0.999551654,0.408668846,0.496716172,-0.224403292,0.999751866,0.386996329,0.501473427,-0.109175242,0.999426007,0.387143463,0.535487294,-0.192415118,0.999729931,0.381675512,0.536269188,-0.158636957,0.999478102,0.438113064,0.587218761,-0.239964515,0.999513924,0.406337202,0.55973047,-0.02414546,0.997751057,0.458609015,0.707460999,-0.224911332,0.788981736,0.429357916,0.614285052,0.097939238,0.036841959,0.451876104,0.742725194,-0.13913019,0.447729021,0.430689663,0.626192749,0.176306516,0.03155113,0.452390134,0.749371231,-0.15313299,0.382538021,0.430546105,0.630337358,0.191136524,0.045110218,0.450063169,0.741772294,-0.159168586,0.37222904,0.430333704,0.630315125,0.173207909,0.047425844,0.449272782,0.741304457,-0.139902294,0.341617525,0.431123495,0.631849885,0.170940489,0.05471481,0.492525637,0.755796909,-0.071952596,0.999974966,0.455078274,0.728387952,0.07208845,0.999911547,0.437887996,0.771127582,-0.303083539,0.981902182,0.370013475,0.701453686,-0.012090748,0.784326196,0.474668115,0.886169016,-0.135303929,0.974714816,0.425666809,0.832116008,0.070534043,0.862397373,0.489224344,0.882827222,-0.116010115,0.942426801,0.43564707,0.852559984,0.078492194,0.835431874,0.450315535,0.944728494,-0.140677527,0.975886583,0.3931427,0.892196,0.063102163,0.897344649
0,0.387901813,0.157515094,-0.162623867,0.997688174,0.391382396,0.139321193,-0.171304792,0.997589886,0.393642366,0.13841252,-0.171393767,0.998050213,0.396174133,0.13753292,-0.171538264,0.998045444,0.387764096,0.140396431,-0.147107303,0.997019351,0.387449086,0.140275642,-0.147087887,0.996671259,0.387181342,0.140233785,-0.147185937,0.996283412,0.410960197,0.138672844,-0.150482163,0.997914314,0.398041785,0.142099991,-0.041244429,0.995947242,0.395709425,0.173711374,-0.150637358,0.997523189,0.391417384,0.175591022,-0.119350567,0.995447099,0.454239041,0.228243589,-0.149078667,0.997180104,0.399675876,0.239698648,0.080570221,0.992358387,0.479494244,0.35265708,-0.230636448,0.85882318,0.392523497,0.295211673,0.158484966,0.181619316,0.44795385,0.281499743,-0.260199487,0.4910945,0.383610427,0.198190421,0.161746457,0.18855989,0.438688993,0.24486199,-0.278268546,0.434728265,0.390292943,0.192191735,0.162447497,0.179200187,0.443247616,0.227871493,-0.274787217,0.423000157,0.391534626,0.185123309,0.15316911,0.177043825,0.444954008,0.239403665,-0.257517308,0.341707706,0.39295429,0.193584234,0.155618355,0.165942207,0.464227766,0.488844037,-0.082002789,0.998741567,0.426257461,0.50166297,0.0822879,0.997729003,0.468943775,0.691379189,-0.125721112,0.988117397,0.437009156,0.685245275,0.136711657,0.943003953,0.486246049,0.896195829,-0.093398385,0.995109022,0.444266021,0.863001347,0.263401568,0.971034348,0.492183268,0.927414,-0.097539641,0.96915406,0.453745604,0.888434768,0.268460035,0.919336498,0.45796752,0.953013301,-0.222272918,0.992929399,0.398925483,0.910776854,0.186839372,0.974050462
0,0.483515114,0.12061432,-0.227752596,0.999983788,0.487960041,0.105425559,-0.207891867,0.999986589,0.491590321,0.106479563,-0.207889155,0.999982655,0.495614141,0.10768798,-0.207907632,0.99998641,0.477038532,0.103900775,-0.209892958,0.99997592,0.472558111,0.104339041,-0.209839106,0.999970496,0.468179286,0.105001703,-0.209760219,0.999972224,0.500465631,0.119024105,-0.089434698,0.999984026,0.46075815,0.115254804,-0.095930681,0.999957502,0.490130812,0.144380435,-0.184118465,0.999989986,0.476520389,0.140346691,-0.186223596,0.999982178,0.524411798,0.233341664,-0.088513963,0.999644101,0.434338003,0.221491963,-0.10676153,0.998794019,0.551060081,0.24229221,-0.408269256,0.948143065,0.425024688,0.245493025,-0.404130608,0.966985226,0.543103337,0.200764447,-0.706747234,0.947513461,0.425408065,0.199361011,-0.672633827,0.939675748,0.545438468,0.193605721,-0.769840062,0.926974058,0.421703905,0.191126972,-0.733297706,0.910837352,0.540034652,0.185808375,-0.757111132,0.922074139,0.426276267,0.185481608,-0.7255193,0.907931745,0.537124038,0.192763984,-0.712223649,0.909604609,0.429947942,0.192103535,-0.680410683,0.894243062,0.511127949,0.514854848,0.003941194,0.999831855,0.452272654,0.517152548,-0.004222774,0.999660611,0.533754289,0.715534747,-0.058564521,0.996700048,0.440106064,0.730297148,-0.017492129,0.996963739,0.52896142,0.895707428,0.16912964,0.993147433,0.430903196,0.897340417,0.175905928,0.992461324,0.522454858,0.913851678,0.179850459,0.800444484,0.432675302,0.913916349,0.188238576,0.772305667,0.535374939,0.970646679,0.045924567,0.98651731,0.430280864,0.972244501,0.062086917,0.98579675
1,0.488164335,0.457702935,-0.061999191,0.999996662,0.493755639,0.441507816,-0.041565396,0.999996662,0.497351795,0.441601932,-0.041557793,0.999996483,0.500748038,0.442035556,-0.041636426,0.999996841,0.481163323,0.442009062,-0.042662047,0.999994278,0.476332366,0.442729771,-0.042674206,0.99999404,0.47220093,0.443780005,-0.04263347,0.999994516,0.506623447,0.454055071,0.044695891,0.999996066,0.467252403,0.455154032,0.040947288,0.999992609,0.494717658,0.479337513,-0.03208869,0.999994576,0.480463177,0.478585601,-0.033576462,0.999992251,0.533988357,0.549550235,0.066367805,0.99988097,0.44012928,0.551112056,0.044048361,0.999722064,0.564290881,0.650047481,-0.008101976,0.985518634,0.432140291,0.656963348,-0.051408011,0.968016148,0.542728066,0.537561774,-0.065814033,0.993525088,0.438072383,0.543016732,-0.155989766,0.993195713,0.544790149,0.513953567,-0.07330139,0.978010595,0.431031406,0.524656236,-0.17655772,0.980702043,0.543890476,0.507450819,-0.052452534,0.973215342,0.429837763,0.517932296,-0.163707718,0.975938678,0.541659594,0.518512845,-0.057895772,0.963301778,0.433222055,0.527490973,-0.15393351,0.962320387,0.509116828,0.74994874,0.007805293,0.999940336,0.451953232,0.751579285,-0.007712373,0.999931812,0.576112151,0.780154407,-0.24846375,0.998301506,0.40378657,0.781397164,-0.303518206,0.998997092,0.53248477,0.892101467,-0.035213191,0.987636924,0.428950638,0.908003092,-0.084424391,0.99667871,0.519680977,0.903015554,-0.014746046,0.951342523,0.442752987,0.916621923,-0.061426468,0.965411961,0.536923587,0.970892489,-0.081787512,0.98419112,0.430641592,0.979552269,-0.133807108,0.993145943
0,0.485507727,0.106168315,-0.124001801,0.999975741,0.491437018,0.090432666,-0.101574674,0.999974906,0.495438904,0.091367096,-0.101590559,0.999969542,0.498103231,0.092483267,-0.101602316,0.999974966,0.478763491,0.089620158,-0.105262123,0.999956965,0.474410534,0.090114318,-0.105246626,0.999947786,0.469965875,0.091129862,-0.105209567,0.99995023,0.504118919,0.105505995,0.016982745,0.999964774,0.463626623,0.103896387,0.001487596,0.999912143,0.493664682,0.130642608,-0.080460489,0.999977052,0.477505147,0.12751174,-0.085358359,0.999959588,0.530300498,0.220585018,0.027913149,0.999768853,0.434850365,0.210188553,7.71E-05,0.998856604,0.555862129,0.266627997,-0.218777224,0.968572617,0.434600025,0.265922934,-0.227375239,0.956746638,0.54209125,0.179214433,-0.455761135,0.978184521,0.435455382,0.175624877,-0.449849844,0.965244174,0.542900443,0.161202371,-0.50377512,0.956383288,0.431469679,0.155221194,-0.499147356,0.93703872,0.540973604,0.153891876,-0.486869812,0.952364922,0.432614714,0.152554452,-0.490764707,0.934247792,0.538993716,0.162728876,-0.456592321,0.940814734,0.436786175,0.161731556,-0.454837263,0.920459926,0.513541043,0.496484458,0.00234763,0.999849558,0.453003317,0.49826932,-0.002527673,0.999644876,0.517769694,0.704458237,-0.031942897,0.996408224,0.450780541,0.711020172,-0.029832939,0.993446827,0.526089549,0.895051003,0.150130153,0.989609897,0.429958999,0.892494977,0.145355523,0.982433856,0.523170412,0.913625777,0.161412343,0.755560815,0.429887623,0.910196662,0.155875102,0.695936918,0.531339347,0.972616315,0.025941517,0.981238246,0.431293428,0.974526882,0.024711912,0.971372545
1,0.482534796,0.473443806,-0.077131413,0.99999696,0.487704992,0.455950081,-0.058205672,0.999996722,0.491058111,0.455963433,-0.058185063,0.999996483,0.49437207,0.456314772,-0.05824272,0.99999702,0.474877894,0.456763744,-0.059889875,0.99999392,0.470073551,0.457086474,-0.059899621,0.999992907,0.466195494,0.457607865,-0.059836902,0.999993503,0.499576867,0.466460109,0.028894057,0.999995887,0.460502148,0.467351705,0.021883735,0.99999088,0.488587439,0.492906779,-0.045960478,0.999994934,0.473562866,0.493252575,-0.048385367,0.999991953,0.526365697,0.553310752,0.056312293,0.999917567,0.434564531,0.558444917,0.03898013,0.999771833,0.552776217,0.663688779,-0.027129183,0.982911229,0.427208483,0.668967545,-0.044164907,0.963250935,0.531701028,0.547656953,-0.10012456,0.993681729,0.432924181,0.549198627,-0.132594824,0.991774976,0.533893347,0.528462291,-0.110391818,0.980216563,0.423808396,0.53195256,-0.149818465,0.977897882,0.533568561,0.519610405,-0.084410571,0.975631535,0.422347009,0.527093828,-0.139660269,0.972456157,0.530772805,0.529892683,-0.09123712,0.965252995,0.42637378,0.534627855,-0.131021693,0.958269298,0.506108165,0.750766337,0.005645856,0.999941349,0.450127214,0.757029116,-0.005542965,0.999930859,0.572206736,0.771333218,-0.256496131,0.998913229,0.399696708,0.778322458,-0.301158518,0.999160171,0.531597733,0.89257586,-0.055157423,0.992463589,0.430279076,0.906884611,-0.100844145,0.997114658,0.51929152,0.904642582,-0.03606046,0.95343703,0.438059866,0.915759981,-0.080858991,0.965479076,0.5377509,0.971884906,-0.108193241,0.988759279,0.431088448,0.981296301,-0.159133583,0.993937552
0,0.48644799,0.114540957,-0.201643616,0.999970555,0.492529869,0.097272649,-0.179852903,0.999969304,0.495390803,0.098107986,-0.179847643,0.999958694,0.499241978,0.099461749,-0.179858863,0.999966621,0.479875177,0.097125739,-0.184766144,0.999952495,0.47476393,0.09776476,-0.184743375,0.999942899,0.470673263,0.098817542,-0.1846627,0.99995029,0.505471289,0.112650923,-0.056178439,0.999961615,0.462995231,0.110545352,-0.075253054,0.999922931,0.493538201,0.138732046,-0.155895278,0.99998033,0.478494227,0.13631615,-0.161688656,0.999967515,0.526874244,0.22400704,-0.04108132,0.999719679,0.434678257,0.218871221,-0.083567187,0.998936772,0.557572961,0.244503126,-0.31661278,0.969067574,0.433503062,0.266142011,-0.344546348,0.971633255,0.54134351,0.163653567,-0.580229163,0.951321542,0.439039469,0.171207592,-0.587072551,0.971113086,0.538456082,0.158087343,-0.634995043,0.907577276,0.435363472,0.153767854,-0.644687057,0.945230305,0.534758449,0.154785156,-0.612612128,0.897325814,0.436181366,0.150954455,-0.632536948,0.941823125,0.53416431,0.161102131,-0.580571055,0.880111337,0.439670384,0.159238353,-0.591585815,0.92623961,0.510576963,0.497129828,0.005983358,0.999873757,0.451597631,0.500051618,-0.006216648,0.999670386,0.520458162,0.703742683,-0.045823418,0.996358097,0.44971031,0.71383673,-0.039478477,0.994296789,0.527432561,0.892006934,0.150971919,0.988962233,0.430716097,0.892163336,0.155472532,0.981451988,0.524733782,0.911754787,0.163574383,0.7401582,0.432336152,0.90999788,0.167639017,0.690498114,0.532290816,0.971082449,0.019953346,0.980207026,0.431356281,0.972370565,0.035565782,0.970489919
1,0.482978642,0.484873414,-0.133422986,0.999988019,0.488898665,0.466861993,-0.11525552,0.999987304,0.492093176,0.466624826,-0.115248486,0.999986708,0.495324045,0.46644485,-0.115346566,0.999987841,0.47589618,0.468080908,-0.116377391,0.999978483,0.471125543,0.468402594,-0.116404511,0.999977767,0.467698663,0.468901873,-0.1163707,0.999979198,0.500517547,0.474665463,-0.022777863,0.999986947,0.462613583,0.476942271,-0.025683608,0.999970138,0.48934117,0.502858341,-0.099153355,0.999988496,0.474956989,0.503670692,-0.100493118,0.999982119,0.529301167,0.557861924,0.0188519,0.999819756,0.438380808,0.564434409,0.000689578,0.999676228,0.560783207,0.659271181,-0.097425997,0.985654533,0.428043753,0.674838543,-0.107028484,0.963625848,0.5350371,0.551144719,-0.203852847,0.993011057,0.437026411,0.559758782,-0.233359098,0.991372406,0.537672877,0.527549148,-0.220145389,0.976436496,0.427334607,0.540363789,-0.257741749,0.974858105,0.535834014,0.52211982,-0.196199328,0.970882237,0.426222622,0.53505975,-0.243041962,0.968193829,0.533314824,0.532599032,-0.195844457,0.957850218,0.431182206,0.544441044,-0.230534226,0.948926926,0.508503079,0.753386915,0.00638282,0.999909759,0.454452902,0.757212043,-0.006270158,0.999899268,0.570598304,0.766230106,-0.307691127,0.99846375,0.403040111,0.758944631,-0.326882601,0.998670757,0.531341434,0.897459269,-0.105182275,0.989280343,0.4281241,0.910716176,-0.147253364,0.997922003,0.519651413,0.911490977,-0.086179391,0.960216343,0.434906244,0.927216768,-0.130090207,0.979480863,0.536958873,0.973897219,-0.172585219,0.987068534,0.427128881,0.981091738,-0.227472931,0.995583534
0,0.48385781,0.118918948,-0.219709799,0.999973238,0.489646912,0.100538075,-0.200673103,0.999973655,0.493454069,0.100896113,-0.200681493,0.999966621,0.496339411,0.101518661,-0.200683236,0.999972999,0.477099419,0.100609526,-0.201870963,0.999954641,0.472679198,0.100920886,-0.201830104,0.999945045,0.468592703,0.101285659,-0.201752752,0.999948919,0.502400756,0.111987837,-0.08345563,0.999968708,0.461865276,0.112651043,-0.085612878,0.999919534,0.491740793,0.14283967,-0.175978839,0.999980927,0.476038992,0.140874341,-0.177208334,0.999969363,0.525525153,0.216729671,-0.085301116,0.999732435,0.433917105,0.210705206,-0.0890036,0.998734176,0.549241006,0.228774756,-0.39809677,0.955814123,0.424455404,0.240069225,-0.390260488,0.96296221,0.536780715,0.174741387,-0.686951339,0.946857631,0.429063231,0.193375289,-0.672762752,0.92794615,0.537057281,0.173947662,-0.749174953,0.919607937,0.426823795,0.18235454,-0.735439181,0.88744688,0.532417774,0.167276278,-0.738601327,0.912858009,0.431641728,0.179910913,-0.722425401,0.882166147,0.530003965,0.172845095,-0.692707181,0.895186067,0.435740799,0.186805576,-0.678592443,0.861991823,0.510080218,0.495145112,-3.17E-05,0.999823213,0.45164457,0.498468012,-0.000211408,0.999572992,0.519207597,0.707072258,-0.03007352,0.996852517,0.448893785,0.708861053,-0.016001446,0.996038854,0.52767694,0.894548178,0.151823044,0.992745101,0.429698527,0.893217146,0.133155122,0.990818679,0.524109185,0.912912428,0.160702288,0.761513591,0.431120306,0.910522282,0.14031741,0.74843967,0.532649636,0.972795963,0.01145073,0.985668659,0.430476964,0.97462517,0.002225748,0.983042359
1,0.399983048,0.476343781,-0.17110078,0.999780357,0.411172092,0.454563767,-0.178814337,0.999882221,0.414091527,0.454232454,-0.178701431,0.999898851,0.417268932,0.454709172,-0.178730771,0.999905646,0.408840179,0.451998144,-0.158070281,0.999793649,0.409377873,0.451006532,-0.158147365,0.999786675,0.409488112,0.450533122,-0.158140078,0.999797702,0.431477785,0.467923522,-0.170959815,0.999868572,0.417491585,0.459072381,-0.080467865,0.99984169,0.402557462,0.495759547,-0.167382643,0.999632001,0.398699403,0.497510076,-0.141839623,0.999521613,0.439799488,0.561200798,-0.192225009,0.999934196,0.395429999,0.545887947,-0.017840773,0.999624133,0.396786422,0.651679933,-0.19588016,0.937868059,0.353102684,0.592525125,-0.094213262,0.410111994,0.405435711,0.542497873,-0.122567534,0.676034629,0.394353032,0.525615215,-0.200041816,0.240225807,0.412004799,0.524687171,-0.134848803,0.596758783,0.407828629,0.519584417,-0.210540846,0.207916632,0.418940932,0.51183641,-0.143327445,0.590071023,0.41859287,0.509914219,-0.196051881,0.200319126,0.421594709,0.52608043,-0.123434171,0.55990988,0.41699329,0.513655365,-0.195929095,0.201686963,0.495110214,0.740511179,-0.072042398,0.999980986,0.460679203,0.722229362,0.071958825,0.999947727,0.418448627,0.761930108,-0.29841277,0.995674729,0.381170452,0.701234937,0.011143233,0.648272336,0.479093254,0.895139456,-0.242820188,0.989697576,0.427946389,0.82162112,0.051900554,0.7168383,0.494883478,0.909795463,-0.235844895,0.966395199,0.437510431,0.848854899,0.055827774,0.724107742,0.446125984,0.948707581,-0.285940617,0.983843148,0.406768262,0.889113843,0.027204942,0.780307829
0,0.418797672,0.139174059,-0.099361852,0.998964727,0.429190636,0.122119904,-0.100653931,0.99902308,0.432347953,0.124065451,-0.100642525,0.999308586,0.435983419,0.126393721,-0.100657009,0.999305785,0.423815012,0.118442439,-0.080788478,0.998576164,0.423064947,0.117756113,-0.080735393,0.998404026,0.422341287,0.117583729,-0.080783248,0.998241782,0.45028156,0.139761508,-0.074399397,0.999088585,0.431155503,0.130275458,0.013670377,0.998328745,0.424561977,0.161611035,-0.088909306,0.997510374,0.417659342,0.157220364,-0.063891158,0.996875226,0.455515683,0.241561383,-0.117432669,0.999519885,0.405049562,0.230776131,0.097482495,0.995120525,0.397328138,0.281413347,-0.160075173,0.940750599,0.35540086,0.261383533,0.072311722,0.698289275,0.418440908,0.204236522,-0.101370119,0.835011542,0.405687481,0.186467305,0.043133065,0.495233566,0.429472357,0.176476687,-0.114626005,0.778621018,0.42631951,0.145814687,0.036847439,0.326335907,0.438856125,0.176723644,-0.12249808,0.769932151,0.434222519,0.164432943,0.060422637,0.3103984,0.43389076,0.188027024,-0.102443039,0.714415193,0.428679168,0.175565124,0.048867784,0.299988806,0.466369212,0.491268158,-0.080087103,0.999682367,0.428727001,0.501305878,0.080132663,0.999435127,0.473909914,0.688250661,-0.1332376,0.990192652,0.439039171,0.680962861,0.167480737,0.874341249,0.484103739,0.886739612,-0.147446826,0.992533803,0.44264698,0.847179949,0.301386446,0.920314968,0.491681665,0.92391479,-0.154873654,0.948045075,0.452274948,0.869417071,0.309355319,0.831665754,0.447790951,0.94679445,-0.27671355,0.990973115,0.404504061,0.904308498,0.244348362,0.946542978
1,0.404850811,0.472227424,-0.123972073,0.999955237,0.414563268,0.45562765,-0.129535496,0.999973297,0.4171516,0.456943244,-0.129413918,0.999978364,0.419990063,0.458571494,-0.129415929,0.999977887,0.411162049,0.451545209,-0.11003188,0.999954283,0.411162853,0.450056285,-0.110120401,0.999955773,0.411204487,0.448771596,-0.110102072,0.99995625,0.43413505,0.469206482,-0.116337441,0.999980509,0.420444638,0.456905067,-0.03085975,0.999969184,0.407536179,0.493153691,-0.119931795,0.999940991,0.402579933,0.49205026,-0.096041471,0.999916852,0.445403427,0.557745636,-0.15154922,0.999970376,0.398304224,0.553009093,0.026480589,0.999863625,0.399585366,0.65259403,-0.147305727,0.969905913,0.34986636,0.60777235,-0.065832369,0.673820138,0.406166255,0.554634154,-0.054769505,0.797228217,0.392966419,0.53824228,-0.176253706,0.393491089,0.40842858,0.525714517,-0.064117156,0.713895559,0.404459625,0.519563735,-0.186107844,0.297240645,0.418144703,0.519200861,-0.072800234,0.706241488,0.415363848,0.508383512,-0.167522743,0.283080697,0.415644079,0.53173095,-0.055068217,0.677885711,0.413903087,0.513668358,-0.171051398,0.27738297,0.499317706,0.737583518,-0.073925517,0.999986947,0.468385875,0.722234368,0.073821068,0.999972224,0.420692623,0.75485605,-0.301097155,0.99710083,0.381858885,0.700425029,0.04580136,0.712144554,0.476730734,0.896566272,-0.273209989,0.993571103,0.432488263,0.830133319,0.052024357,0.764969289,0.491521209,0.913579822,-0.268524677,0.977977216,0.441730171,0.858815491,0.052557915,0.762739599,0.445177138,0.947129726,-0.318668991,0.990241885,0.401115954,0.886512756,0.02044842,0.818715692
0,0.420563638,0.142260969,-0.109848596,0.999605,0.431956202,0.122010939,-0.110818721,0.999597251,0.435592711,0.1239696,-0.110834897,0.999712884,0.439847529,0.127413824,-0.110869631,0.9997136,0.426325798,0.119410016,-0.093763314,0.999409914,0.425662041,0.119073644,-0.093693346,0.99926722,0.424911976,0.119546168,-0.093773223,0.999198794,0.454447687,0.142985702,-0.084184483,0.999621153,0.433688313,0.134022817,-0.003217799,0.999256909,0.427185446,0.167435125,-0.096862204,0.998825133,0.419847012,0.162556797,-0.074764758,0.998566449,0.461656243,0.2432414,-0.119839609,0.999579668,0.409074128,0.230307877,0.085774586,0.996399999,0.400709927,0.276515484,-0.175302431,0.949702084,0.35739392,0.251768231,0.123905286,0.696097553,0.424077898,0.195410743,-0.140570074,0.860995054,0.407629311,0.183712915,0.192295939,0.526337028,0.438108683,0.174556896,-0.154845208,0.820815027,0.426694006,0.14740549,0.194252074,0.368919671,0.446830601,0.17480582,-0.165738627,0.814820588,0.434550375,0.15163593,0.213397294,0.353523076,0.441728532,0.189356789,-0.144043624,0.769569159,0.431376755,0.159273654,0.197856203,0.343840957,0.457846731,0.502922058,-0.077993587,0.999566495,0.421158731,0.513395667,0.078006342,0.999448836,0.466921508,0.699786842,-0.098581687,0.98796922,0.435762554,0.688983321,0.151586324,0.915557623,0.483229816,0.886424005,-0.083638251,0.992180288,0.442126811,0.847366273,0.282825023,0.947534144,0.492971092,0.926963747,-0.088198982,0.943954468,0.4491404,0.870566905,0.290249348,0.882631421,0.443136275,0.950700998,-0.210516408,0.991630971,0.405127108,0.902587473,0.222056717,0.96583873
1,0.404470384,0.50545615,-0.075566515,0.99981004,0.410598606,0.489003837,-0.078918807,0.999880373,0.413715214,0.487457186,-0.078811683,0.999895811,0.416631073,0.488595545,-0.078826092,0.999895811,0.407343924,0.485482574,-0.06213212,0.999824941,0.406646669,0.484112769,-0.062165201,0.999828756,0.405930936,0.482997626,-0.062165745,0.999833643,0.429657549,0.491935432,-0.061657675,0.999882162,0.409597397,0.49461627,0.012816176,0.999868512,0.411795288,0.521066844,-0.068763211,0.999763191,0.406182528,0.522370994,-0.047768507,0.999719441,0.448793262,0.569705248,-0.094204634,0.999876678,0.398109257,0.565805495,0.058226965,0.999636948,0.415145725,0.654931962,-0.109057948,0.898081064,0.357160598,0.62053442,-0.050867826,0.469752014,0.412848711,0.57108742,-0.03566765,0.639685988,0.405142009,0.543233454,-0.180820569,0.337976962,0.417244434,0.561189115,-0.041421145,0.54973495,0.418589175,0.528754354,-0.197164744,0.281219423,0.422241926,0.546262205,-0.048546452,0.536393285,0.426954508,0.518628895,-0.177777976,0.264634222,0.424460173,0.557499766,-0.035797123,0.512613833,0.426531136,0.527340651,-0.175895408,0.253480822,0.496985018,0.737032652,-0.067566156,0.999965668,0.465487063,0.742149115,0.067372121,0.999935925,0.421372712,0.737215161,-0.265452564,0.993307471,0.38223502,0.692931652,0.005118585,0.677019,0.478139341,0.893157721,-0.270129859,0.987544298,0.431773573,0.828119576,-0.011386468,0.738539219,0.493320763,0.913891375,-0.269592166,0.958315074,0.445877373,0.85465157,-0.014283037,0.73215723,0.443042278,0.951751709,-0.322729468,0.98295933,0.403330654,0.893711686,-0.042744569,0.813201129
0,0.42906028,0.14772521,-0.098579124,0.99916178,0.438168913,0.130945146,-0.105659783,0.99922663,0.441257954,0.132011324,-0.105670795,0.999386668,0.444599926,0.133856148,-0.105704084,0.999423146,0.432654798,0.129097968,-0.084453411,0.998930156,0.431720078,0.128836349,-0.084428713,0.998626947,0.430721283,0.129362956,-0.084500007,0.998709619,0.457178026,0.145515203,-0.099377617,0.999160409,0.439895779,0.143460393,-0.001391239,0.998632848,0.434393495,0.171370149,-0.0926819,0.997463286,0.42797932,0.168104917,-0.064790718,0.997422695,0.462818801,0.246910349,-0.139587447,0.999079049,0.424678177,0.244084597,0.096160695,0.994570136,0.396431863,0.256516278,-0.179906517,0.931391478,0.374282807,0.247229844,0.151397437,0.530020118,0.431207478,0.183086157,-0.113305554,0.715072095,0.41305384,0.189096346,0.214559227,0.277521551,0.440661609,0.149267718,-0.123496771,0.656452417,0.426303059,0.167224675,0.219523743,0.188686669,0.450688034,0.155877039,-0.134907112,0.649784923,0.434521437,0.170654953,0.230251461,0.1817469,0.446205854,0.172628999,-0.116645671,0.597422421,0.431681454,0.176880553,0.216267392,0.181150347,0.461075634,0.510005891,-0.087074064,0.999341786,0.428736597,0.513556898,0.087134331,0.998979032,0.465235233,0.70088774,-0.121122979,0.981536806,0.439320147,0.686985075,0.156977773,0.840582073,0.48219189,0.889359534,-0.1170239,0.991380811,0.43943572,0.848944783,0.274983466,0.92414397,0.492472649,0.925790489,-0.12297523,0.947772563,0.44532457,0.870443881,0.281188905,0.861390293,0.441807926,0.9526124,-0.23624602,0.990697384,0.399380326,0.8999331,0.221885443,0.954348743
0,0.503960848,0.154927239,-0.042191375,0.999994278,0.511439502,0.139552712,-0.026055243,0.999988437,0.515735924,0.140081882,-0.026034329,0.999986053,0.520179093,0.140818879,-0.026020348,0.999988973,0.500040412,0.138204008,-0.02098896,0.999987245,0.496553481,0.137795016,-0.020969853,0.999982715,0.493551075,0.13803786,-0.02095524,0.999986947,0.527508497,0.148041889,0.068561941,0.999973893,0.492061049,0.145293295,0.090595901,0.999978542,0.511945605,0.176378861,-0.00644301,0.999977291,0.497326046,0.17462264,-0.000620937,0.999981344,0.554187357,0.243040785,0.086204126,0.999957323,0.466071188,0.235286027,0.119168088,0.999949813,0.572639227,0.297943741,-0.087893121,0.99292028,0.43711561,0.31029588,0.025174286,0.970064998,0.550528944,0.18863894,-0.289480448,0.997111917,0.449481338,0.3518897,-0.139794618,0.968746662,0.546700716,0.162940845,-0.337658942,0.99268949,0.454994828,0.380616605,-0.176753059,0.934719503,0.545305073,0.161198944,-0.331045568,0.992119193,0.462654769,0.371344119,-0.182388753,0.934014857,0.544543445,0.172291696,-0.292682588,0.986641943,0.463765681,0.364233792,-0.146709889,0.920171618,0.535120368,0.473781288,-0.009502658,0.999898911,0.476357847,0.473721832,0.009395992,0.999890804,0.551642597,0.6820696,-0.065097019,0.997476816,0.463161409,0.678878486,-0.042424969,0.997406662,0.568446398,0.875603914,-0.018170515,0.996191204,0.445548594,0.869973004,0.007394234,0.996025681,0.561230719,0.904458165,-0.020822691,0.872371256,0.449984401,0.896198213,0.004887448,0.890507221,0.572152019,0.959066629,-0.163786545,0.992846429,0.432146877,0.947657526,-0.124725841,0.990926147
1,0.500662386,0.432460159,-0.219556838,0.999995232,0.50775218,0.415327191,-0.202081114,0.999991477,0.511751652,0.414888054,-0.202097327,0.999992132,0.515193701,0.414573133,-0.202153921,0.999990404,0.495239913,0.414058417,-0.202365428,0.999987483,0.4915286,0.412375212,-0.20239386,0.999987662,0.488269269,0.410568148,-0.202392295,0.999984145,0.521330178,0.417120486,-0.097045712,0.999989092,0.484755993,0.412548542,-0.100866362,0.999988675,0.50839746,0.449688345,-0.18015258,0.999996543,0.492477268,0.446107656,-0.181218013,0.999996722,0.546836495,0.498610675,-0.068114236,0.999935865,0.454914987,0.497711986,-0.060931534,0.999887049,0.561849713,0.589956462,-0.253577501,0.993937492,0.438343823,0.562480509,-0.219032884,0.962938607,0.547686934,0.47590965,-0.455887496,0.997769117,0.43798843,0.574103355,-0.432871968,0.952195823,0.545940757,0.442824513,-0.501297116,0.994893074,0.434138298,0.593934774,-0.474920988,0.921266735,0.544656873,0.437048227,-0.483865976,0.994207919,0.443149477,0.58905071,-0.472769082,0.915536582,0.542941809,0.447153568,-0.45441252,0.98860091,0.446607828,0.5842067,-0.438365996,0.885489225,0.532424748,0.709585547,-0.00103651,0.999832988,0.475438267,0.709940135,0.001147753,0.999811172,0.588586211,0.731462717,-0.348348022,0.99833715,0.42649278,0.725833237,-0.360212862,0.997753143,0.567212045,0.88203752,-0.173603669,0.992555201,0.441354454,0.881377518,-0.171963841,0.994285643,0.555732012,0.899149656,-0.161544949,0.954823911,0.450079441,0.896515667,-0.157671794,0.960605681,0.574138045,0.964108765,-0.28276068,0.98823303,0.431593239,0.962618113,-0.273256093,0.98780185
0,0.501877546,0.166015357,-0.066138968,0.999992907,0.509202242,0.150334179,-0.053026564,0.999990225,0.51369226,0.150599614,-0.053031832,0.999988258,0.517877281,0.151004449,-0.053013284,0.999991179,0.497008324,0.149479121,-0.046996079,0.999985933,0.493218422,0.149128556,-0.047002677,0.99997896,0.490134567,0.148881719,-0.046991155,0.999980092,0.525819778,0.154373541,0.039766308,0.999986351,0.488067299,0.15291959,0.06640321,0.999966979,0.51152432,0.185643882,-0.030142928,0.999979436,0.495451748,0.182169616,-0.023203639,0.999971151,0.554636955,0.238065213,0.036927834,0.999894023,0.465067208,0.242385045,0.069828391,0.999872029,0.565955758,0.283172876,-0.228889108,0.988919735,0.455112696,0.264298916,-0.1637775,0.872261763,0.547368288,0.186441153,-0.454584658,0.99686259,0.452295244,0.268073946,-0.444130659,0.92617023,0.545060098,0.15867658,-0.502292991,0.994266629,0.451671839,0.284567654,-0.496946633,0.895022273,0.544589281,0.158800676,-0.492526054,0.993719995,0.463375002,0.283910871,-0.491865456,0.896217287,0.543423414,0.170414343,-0.45675236,0.989640951,0.467494965,0.283044577,-0.452054352,0.882235944,0.536851227,0.484071434,-0.006038377,0.999909818,0.479016453,0.480745792,0.005874277,0.999906957,0.548511803,0.678868175,-0.042101219,0.99744755,0.46655196,0.671560049,-0.059838194,0.998271406,0.568124056,0.874853253,-0.004425453,0.995452523,0.446797431,0.877749741,-0.015684675,0.997097731,0.56128633,0.900558054,-0.008426873,0.879993796,0.450973332,0.905329823,-0.019137813,0.902343333,0.573449492,0.961339653,-0.143970385,0.992833912,0.431052059,0.956909716,-0.149588794,0.994337916
1,0.492954403,0.451035738,-0.208467916,0.999994516,0.499512583,0.432670563,-0.191212356,0.999991059,0.503423095,0.431782663,-0.191244423,0.999992013,0.506709933,0.430786729,-0.191294938,0.99998951,0.487317324,0.43308121,-0.192821056,0.999987006,0.483344316,0.432260394,-0.192851871,0.999987721,0.480057299,0.431426078,-0.192850798,0.999982476,0.512323439,0.431506276,-0.088181987,0.999987483,0.476186901,0.433941871,-0.096732788,0.999988735,0.500397921,0.468801081,-0.169818237,0.999996185,0.485073149,0.468779027,-0.172608107,0.999996781,0.540566444,0.512765944,-0.064910352,0.999926865,0.444916099,0.520758212,-0.065110445,0.999888241,0.552809596,0.604653537,-0.254467547,0.991301596,0.437506527,0.61462909,-0.214584023,0.949337602,0.537952542,0.48891148,-0.459277779,0.997649252,0.438028038,0.624047935,-0.414803207,0.947419643,0.534969509,0.457423151,-0.507437885,0.995426953,0.436147749,0.646432042,-0.456751049,0.92666769,0.533852339,0.452257931,-0.492503792,0.99489665,0.444639623,0.641064227,-0.459538788,0.924442828,0.532913566,0.46314761,-0.459326744,0.990513682,0.447530091,0.63486284,-0.421632349,0.899164021,0.526361227,0.728115439,0.000828878,0.999857783,0.470340073,0.732330561,-0.00066445,0.99983573,0.58297199,0.721429944,-0.342212737,0.998640358,0.425928921,0.717667699,-0.34292379,0.997810662,0.566891372,0.880062938,-0.194419235,0.994162202,0.441146374,0.885641038,-0.190313086,0.995478392,0.556033552,0.897451341,-0.184307516,0.966693461,0.45004946,0.904285669,-0.17904599,0.968345046,0.573948085,0.965994537,-0.302692711,0.990990758,0.429583132,0.964932323,-0.294964373,0.990599632
0,0.503006518,0.164411306,-0.066520341,0.999983311,0.510247588,0.149373829,-0.053525321,0.99997741,0.514739513,0.14937304,-0.053577386,0.999975026,0.518578172,0.149318323,-0.053602807,0.999982238,0.498317659,0.149302572,-0.046065331,0.999964476,0.494828641,0.149304703,-0.046054386,0.999947727,0.491306067,0.149431974,-0.046067432,0.999949872,0.526952028,0.153525338,0.038286302,0.999972701,0.489108413,0.153334454,0.072436474,0.999916136,0.51274389,0.183115751,-0.030637052,0.999953866,0.496941894,0.181462184,-0.021684848,0.999928832,0.558329999,0.238202557,0.038861357,0.999882042,0.468574345,0.245672211,0.098714642,0.999764562,0.566143155,0.283271313,-0.214709371,0.987616837,0.461780965,0.269335687,-0.078472391,0.776149213,0.547430456,0.17991288,-0.440506279,0.996186078,0.45500356,0.253854036,-0.333097249,0.867666662,0.544780016,0.154555753,-0.487810761,0.993054211,0.45281449,0.271421671,-0.378950208,0.831287801,0.545074344,0.152517244,-0.478297532,0.992433488,0.463834435,0.270773828,-0.38327387,0.833822131,0.544035852,0.162778646,-0.442500263,0.98720628,0.468099117,0.269070596,-0.344181716,0.813916266,0.539641619,0.481104165,-0.008600536,0.999902844,0.48229003,0.477093279,0.008514525,0.999886513,0.549412966,0.670937717,-0.051972944,0.996798277,0.469754219,0.665703714,-0.082490608,0.997773349,0.56772846,0.876762331,-0.014741543,0.994499207,0.446264118,0.876372337,-0.04085061,0.996315539,0.560324967,0.90466392,-0.018980537,0.849312723,0.447923362,0.90231359,-0.04463033,0.882468641,0.572355866,0.963860929,-0.162773207,0.991004884,0.434094906,0.957520962,-0.182631105,0.993170857
1,0.49980244,0.459083527,-0.216131449,0.999992132,0.507058561,0.441217244,-0.197595492,0.999985695,0.510976255,0.440812767,-0.197631016,0.999987781,0.514361978,0.440481097,-0.197678879,0.999982119,0.495013148,0.440844208,-0.200251013,0.999980271,0.491288602,0.439952582,-0.20028618,0.999982417,0.487885296,0.43889153,-0.200291246,0.99997288,0.519929528,0.442455322,-0.09106876,0.999976695,0.484215796,0.441802084,-0.105898999,0.999984324,0.507133067,0.477622181,-0.176525697,0.999994576,0.491762072,0.47606355,-0.181108385,0.999995947,0.548000872,0.525000453,-0.066094287,0.999894738,0.451659143,0.52800262,-0.075081661,0.999874473,0.557351053,0.625564337,-0.248377085,0.990882218,0.440854788,0.626164019,-0.216829583,0.947299957,0.54596746,0.501372278,-0.455957562,0.997475743,0.442444474,0.638949096,-0.413143814,0.946561873,0.543179989,0.46846059,-0.50394094,0.994860947,0.439678043,0.662382424,-0.453343391,0.925738454,0.542669117,0.462380677,-0.487703979,0.994267821,0.448343694,0.657435536,-0.456371725,0.922982454,0.541483402,0.47411859,-0.455480397,0.989059031,0.451413453,0.650837541,-0.419221818,0.893926859,0.530008733,0.737923086,0.003426535,0.999823749,0.474643886,0.739079118,-0.003253352,0.999799907,0.586189389,0.724750876,-0.338974714,0.998117328,0.431254625,0.719725907,-0.360245585,0.99704653,0.567593932,0.887093544,-0.178939015,0.992404461,0.441650927,0.879989386,-0.17538467,0.992640376,0.554917455,0.90419662,-0.167351097,0.966599464,0.448951006,0.89192456,-0.16100572,0.956898928,0.573978961,0.967382312,-0.279108077,0.988794088,0.434705168,0.965919077,-0.272484034,0.985579312
0,0.502434552,0.163295463,-0.074838154,0.999981582,0.509795964,0.148922727,-0.061650485,0.999978185,0.51384896,0.14903532,-0.061712753,0.999977112,0.517184317,0.14932242,-0.061747111,0.999984324,0.498146474,0.148770317,-0.054752689,0.999960601,0.494313776,0.148807034,-0.054713707,0.999943137,0.491193205,0.14897792,-0.054698657,0.999940574,0.525589347,0.155255005,0.025899446,0.999973536,0.487253904,0.157005191,0.054684658,0.9999035,0.511147022,0.182716504,-0.042028733,0.999958396,0.495455801,0.180354908,-0.034107596,0.999927402,0.553707123,0.246210501,0.010108731,0.99991411,0.463989079,0.253989547,0.082042441,0.999546468,0.562325537,0.282092512,-0.248514146,0.98724854,0.463439882,0.280813396,-0.079968855,0.685465991,0.54528898,0.17534548,-0.482802689,0.996448398,0.458064884,0.277605593,-0.308840334,0.768787563,0.543926835,0.152023494,-0.5324983,0.993988514,0.457162529,0.292133451,-0.34977904,0.740551174,0.544475377,0.148488179,-0.526069641,0.993544817,0.46588093,0.290175974,-0.355460048,0.746799529,0.54319489,0.156860486,-0.486742646,0.989118934,0.469203055,0.28797245,-0.320039481,0.72780937,0.539090812,0.4857198,-0.011124335,0.999911487,0.481503963,0.484796107,0.011057316,0.999843836,0.549656093,0.68262589,-0.02941734,0.996577144,0.469292313,0.675209999,-0.041641366,0.997571886,0.567767024,0.875536859,0.016738962,0.993952572,0.442758232,0.872159421,0.017835109,0.994918406,0.561151147,0.900808692,0.013015565,0.803258777,0.444582224,0.89371264,0.015967824,0.833890915,0.572732925,0.961879492,-0.128743321,0.988583148,0.43345803,0.959108472,-0.114548288,0.990222454
0,0.453447193,0.126632333,-0.06867823,0.999957919,0.462229103,0.112910226,-0.086151689,0.999922693,0.465767086,0.113694571,-0.08615423,0.99993521,0.469590485,0.114225492,-0.086109519,0.99991709,0.456116736,0.109883301,-0.056651473,0.999909401,0.455093533,0.108736984,-0.056645501,0.999901235,0.45407176,0.107531123,-0.056731336,0.999903202,0.486180007,0.124356844,-0.109517381,0.999874711,0.463117898,0.115156643,0.025854189,0.999924481,0.460544407,0.151529327,-0.07234896,0.999880314,0.453720182,0.148315132,-0.033488475,0.999875903,0.513542473,0.239150941,-0.146931455,0.999921739,0.436175019,0.203231394,0.103592657,0.99993819,0.451467186,0.248912543,-0.288198948,0.976676047,0.382228822,0.268081933,0.136175364,0.69804126,0.47369343,0.143151611,-0.373144805,0.966067612,0.320199668,0.315453976,0.054748841,0.770913601,0.47487846,0.118213937,-0.405824125,0.946774364,0.299413234,0.330825478,0.047256529,0.675145686,0.485936463,0.119802445,-0.403408438,0.942377329,0.301683754,0.329464108,0.017732291,0.691184759,0.484027147,0.128813237,-0.375003904,0.912221432,0.309414029,0.327726126,0.038153127,0.694583237,0.442842573,0.472900093,-0.080809951,0.999701262,0.397613466,0.453803986,0.080575518,0.999672592,0.408106476,0.664025426,-0.085200682,0.996383309,0.365095079,0.640701175,0.145411268,0.963932455,0.39675498,0.872824013,-0.045651641,0.997919559,0.347732127,0.816494226,0.254852623,0.980536401,0.402705133,0.916748881,-0.048799925,0.95674032,0.355240017,0.84913677,0.25981769,0.931053519,0.343491226,0.933773696,-0.179462999,0.997171521,0.300628752,0.860772848,0.18105787,0.98727715
1,0.368528724,0.413794249,-0.198533654,0.999965191,0.375006497,0.395988077,-0.212101907,0.999969959,0.378702074,0.394626707,-0.21202679,0.999975264,0.382726759,0.393152624,-0.212040901,0.99996978,0.369034827,0.397109598,-0.188002616,0.999913514,0.367970377,0.396609277,-0.188032538,0.999907851,0.367015719,0.395960957,-0.188018918,0.999895871,0.397144854,0.394958109,-0.210807845,0.999958038,0.37393567,0.396290302,-0.100224093,0.999950588,0.378925025,0.432513207,-0.193201482,0.999973595,0.37200138,0.431761891,-0.161987081,0.999951959,0.435464948,0.499482304,-0.235071465,0.999967873,0.365421593,0.45765093,-0.025120685,0.999942899,0.367781699,0.593330741,-0.378065556,0.965711832,0.289102226,0.499418646,-0.040424332,0.963450432,0.379288435,0.459430218,-0.505183399,0.993995368,0.207576305,0.51449734,-0.141350135,0.967323959,0.383962214,0.432168156,-0.553776324,0.992742777,0.186383203,0.521839976,-0.153866202,0.947149038,0.394474745,0.425193906,-0.560059488,0.992909014,0.181703836,0.521971405,-0.187599733,0.954820514,0.39308843,0.434926063,-0.513567865,0.988364518,0.190489382,0.5219962,-0.160872385,0.96061039,0.429920137,0.723305523,-0.077983558,0.999973595,0.387065023,0.683933496,0.07780569,0.999929726,0.343052208,0.70312655,-0.292765915,0.99563396,0.289036214,0.655388534,0.04312709,0.880454719,0.380773515,0.877946615,-0.114355363,0.992513537,0.333602905,0.810475349,0.159842983,0.909244716,0.395254165,0.903995514,-0.095676802,0.980247915,0.348825663,0.840768695,0.170346901,0.900897443,0.344655544,0.944131136,-0.129345208,0.987519264,0.289108455,0.860312223,0.148815289,0.919753015
0,0.45307526,0.138344094,-0.049420394,0.999923646,0.461203903,0.122306749,-0.066845752,0.999890447,0.464284807,0.122359827,-0.066849254,0.999894619,0.467835099,0.122240938,-0.066793591,0.9998824,0.456457138,0.12071424,-0.03753211,0.999859691,0.455916464,0.119863681,-0.037546866,0.999834538,0.455578327,0.119002461,-0.037672251,0.999863446,0.4838292,0.1267737,-0.094848923,0.999772131,0.464677721,0.124250971,0.037443943,0.999892056,0.460475296,0.158962339,-0.055710964,0.999760747,0.454583585,0.158705354,-0.017264003,0.99974066,0.518235803,0.229564264,-0.13057515,0.999867439,0.443099797,0.212956488,0.111413822,0.999888539,0.451494277,0.248897254,-0.259463459,0.969377339,0.373966485,0.246851072,0.151937753,0.844676137,0.478618532,0.143774197,-0.357571304,0.977193892,0.30190891,0.244795412,0.065427728,0.931820452,0.484267473,0.122334152,-0.392453849,0.966235757,0.277531594,0.247945145,0.060536046,0.876858234,0.490205675,0.120636709,-0.393853545,0.963443339,0.276027143,0.250237435,0.026732812,0.889486432,0.4885934,0.129652187,-0.362138778,0.943649232,0.285306156,0.251987129,0.046534821,0.89564234,0.469143242,0.48109147,-0.074990891,0.999658883,0.42330116,0.463109076,0.074864052,0.999617159,0.427672684,0.674768686,-0.104617015,0.993285298,0.385054767,0.643141329,0.119491197,0.924681604,0.392306626,0.87938267,-0.090788975,0.99598217,0.345270097,0.828767478,0.201053381,0.957063317,0.396580875,0.918255925,-0.096557096,0.952858627,0.349237978,0.857906401,0.203162163,0.889388978,0.339070261,0.936409235,-0.214408875,0.995045602,0.293511778,0.866696835,0.127810925,0.97330147
1,0.365570754,0.417904794,-0.180096135,0.999934494,0.373217404,0.40055418,-0.196264446,0.999934137,0.376124501,0.399851918,-0.196202531,0.999950469,0.379312664,0.39914012,-0.196206659,0.999934614,0.368674815,0.400082737,-0.168186516,0.999816358,0.367988139,0.398942947,-0.16820538,0.99982363,0.367296726,0.397635102,-0.168216348,0.999795556,0.39474377,0.403803647,-0.204248622,0.999925733,0.374771208,0.401260048,-0.07716541,0.999912977,0.37643373,0.43623817,-0.179891557,0.99995321,0.371295869,0.434190363,-0.142978176,0.999919474,0.433494151,0.505619943,-0.239406511,0.999964774,0.367136031,0.465119094,0.009745759,0.99993819,0.367116153,0.598629832,-0.386257559,0.964104652,0.289415747,0.510834157,-0.000762396,0.960529268,0.37747255,0.468662649,-0.504922271,0.994649112,0.215690657,0.534009814,-0.105494596,0.97127533,0.382757992,0.442659676,-0.553106725,0.993647337,0.19452253,0.545823574,-0.117098376,0.952429175,0.39105916,0.437156141,-0.559826314,0.993638813,0.191183209,0.549296379,-0.150932342,0.959065914,0.390840143,0.446843386,-0.51297605,0.988915026,0.19882603,0.547596335,-0.125328586,0.963414073,0.429218054,0.732314646,-0.083729737,0.999973357,0.386401087,0.690144479,0.083548829,0.999930203,0.344309777,0.700158834,-0.310746938,0.996769965,0.290057808,0.65131259,0.038718916,0.909257054,0.381044805,0.87811017,-0.126680642,0.99491924,0.333364189,0.809809089,0.139967591,0.929242671,0.393655568,0.901821673,-0.108299479,0.984152138,0.347577095,0.837545633,0.148080498,0.931485713,0.343352735,0.946098149,-0.148297757,0.991613865,0.288492531,0.859221876,0.122111514,0.944912314
0,0.461562455,0.13374041,-0.039662682,0.999902248,0.47072354,0.117021762,-0.056866933,0.999866724,0.473877847,0.117104508,-0.056886423,0.999869823,0.477355659,0.117045335,-0.056842305,0.999862731,0.466083586,0.115372814,-0.027868915,0.999836326,0.465625048,0.114450701,-0.027890846,0.99980396,0.465374559,0.113460667,-0.028026318,0.999841034,0.491389453,0.122726686,-0.085812941,0.999740601,0.473044336,0.118852898,0.046047509,0.999864459,0.469266802,0.152704731,-0.045934226,0.999660611,0.46341151,0.151802301,-0.007778244,0.999632001,0.521552265,0.228808492,-0.131971449,0.999828637,0.451236248,0.208390549,0.128261879,0.99983263,0.455414236,0.243074119,-0.272320956,0.96004802,0.380363852,0.242341995,0.173297897,0.806046486,0.481266737,0.134641051,-0.369633257,0.971128821,0.308460504,0.234024659,0.082411386,0.920442283,0.48571986,0.112401538,-0.406107962,0.958837569,0.283528715,0.232263774,0.077688158,0.866299808,0.494239181,0.111559458,-0.406824052,0.955377281,0.281205237,0.233351871,0.042926762,0.879691601,0.492670596,0.121103831,-0.373940647,0.93215704,0.290636599,0.236749291,0.062965795,0.884486735,0.472871393,0.482617646,-0.081263736,0.999694049,0.426841825,0.46297729,0.081134453,0.999616802,0.42925334,0.67485702,-0.102707267,0.994021297,0.386924535,0.643562138,0.14849934,0.933394313,0.392229021,0.878562152,-0.089475341,0.996701062,0.345283359,0.826318264,0.241557166,0.964818478,0.39660868,0.918448389,-0.095351145,0.960583389,0.34797886,0.855651438,0.245022133,0.904779851,0.340922654,0.938348472,-0.215558052,0.996100724,0.291806906,0.866173148,0.173493147,0.978566289
1,0.372150838,0.423478097,-0.113315925,0.999955595,0.378458291,0.407962024,-0.130951256,0.999967873,0.381060451,0.40729782,-0.130891487,0.999972761,0.383765399,0.406539798,-0.130855411,0.999966681,0.374386609,0.407134473,-0.099711351,0.999924362,0.374130309,0.40578407,-0.099750362,0.999924302,0.373940527,0.403914601,-0.099805631,0.999914646,0.401488215,0.411592185,-0.154767245,0.999956906,0.384811014,0.405184984,-0.015607725,0.999954522,0.382201076,0.441801667,-0.120184138,0.999971211,0.377502561,0.439237118,-0.079808503,0.999955654,0.438053548,0.517181337,-0.203646496,0.999957204,0.376324952,0.476787865,0.067725256,0.999929607,0.370510995,0.613037884,-0.32622993,0.952960789,0.296945214,0.526999772,0.084567152,0.929136693,0.379469514,0.48184067,-0.420735538,0.993711948,0.222171158,0.552071154,-0.024323683,0.957704246,0.384301573,0.455330878,-0.464928687,0.992024541,0.20028241,0.566214919,-0.033559807,0.934590995,0.393382132,0.446269661,-0.473099887,0.99190104,0.198062435,0.571099341,-0.069474593,0.943083942,0.393539965,0.456532836,-0.428522915,0.98664403,0.206255957,0.56885457,-0.044663411,0.950147569,0.433077425,0.757881999,-0.087697878,0.999980092,0.392569363,0.710593164,0.08745952,0.999948263,0.343962103,0.701761246,-0.322464287,0.996524572,0.291340351,0.643881142,0.071558028,0.8699615,0.383107394,0.881130993,-0.131202534,0.992150664,0.332578689,0.807828963,0.145020843,0.884140968,0.398164213,0.907125235,-0.110148445,0.976105869,0.347637326,0.832679331,0.151651174,0.886774004,0.341233224,0.944651008,-0.143563554,0.987914562,0.287368625,0.856532395,0.126641929,0.911985934
0,0.46893993,0.129387498,-0.0491229,0.999877691,0.477036953,0.113040343,-0.065987885,0.999840081,0.479770511,0.113086,-0.066012189,0.999835491,0.482827425,0.113167644,-0.065965682,0.99983418,0.473721802,0.112168662,-0.037198745,0.999813795,0.473743528,0.111704722,-0.037222892,0.999773741,0.473883152,0.111258805,-0.037359975,0.999826372,0.497068942,0.120511398,-0.093150467,0.999625087,0.482020766,0.118232071,0.037804998,0.999819994,0.475311697,0.148406699,-0.055115648,0.999551952,0.471173376,0.146940872,-0.017127473,0.999540925,0.524116993,0.228727877,-0.138866469,0.999755919,0.455867946,0.216923445,0.117800459,0.999789834,0.446258008,0.243127316,-0.248004586,0.934571207,0.388350636,0.252572417,0.155128732,0.688706577,0.475189209,0.132751644,-0.312501222,0.947850585,0.315129817,0.254595906,0.052843384,0.856076896,0.478987783,0.106120743,-0.347097605,0.933172166,0.292792499,0.258647293,0.04410743,0.79673475,0.489514649,0.105864674,-0.351061761,0.928634524,0.291490495,0.257674307,0.007522922,0.813865423,0.484450251,0.114572868,-0.31734103,0.896282196,0.30052042,0.259092867,0.032417625,0.821448565,0.478088945,0.486614048,-0.07636901,0.999724329,0.431142241,0.466495782,0.076246001,0.999675274,0.432181537,0.681512415,-0.087124243,0.993140161,0.391370416,0.644979298,0.16076079,0.934715509,0.391368687,0.878045499,-0.06482546,0.996375144,0.345769048,0.822207212,0.275840133,0.965528667,0.392941296,0.914449453,-0.070063673,0.95688796,0.3501921,0.851925492,0.281759083,0.895574629,0.339142144,0.938134432,-0.188605428,0.995726287,0.292044222,0.867715299,0.21305351,0.978761852
0,0.518192291,0.154043436,-0.314061224,0.999950469,0.523319781,0.135807782,-0.304799765,0.999909997,0.526052058,0.134281576,-0.304819614,0.999915361,0.529146731,0.132347137,-0.304864228,0.999893129,0.512833595,0.135377735,-0.30290556,0.999880433,0.509178162,0.133834437,-0.302949041,0.999874711,0.506144941,0.132548034,-0.302977502,0.99986136,0.533467412,0.128103569,-0.205594614,0.999882758,0.499917924,0.1290268,-0.195686787,0.999797463,0.524625599,0.167078838,-0.272537619,0.999949515,0.51186049,0.166747227,-0.270051658,0.999938905,0.562480927,0.204725578,-0.128691941,0.999905348,0.472126067,0.207633629,-0.109140337,0.999821246,0.570813835,0.330331922,-0.223705769,0.985133708,0.461096764,0.327835292,-0.20890896,0.977439344,0.533201993,0.257980615,-0.394222379,0.977603018,0.503756881,0.25793615,-0.398434758,0.953764617,0.526724398,0.230142385,-0.427768707,0.938304782,0.510300934,0.230467528,-0.435913563,0.882340491,0.526555538,0.218998149,-0.420611084,0.933735073,0.510039747,0.217957735,-0.423985004,0.865956962,0.527706265,0.226803362,-0.393684447,0.894979656,0.509201705,0.225856274,-0.39710027,0.80906117,0.54437077,0.405101299,-0.004099688,0.999216616,0.494732231,0.407382756,0.004052734,0.999109447,0.552111089,0.56411314,-0.039644592,0.995451689,0.494778723,0.564238727,-0.019611295,0.994669855,0.560757339,0.689359128,0.157797605,0.992809474,0.486765921,0.695264757,0.158027858,0.992333055,0.56067121,0.704692483,0.171973392,0.894512475,0.489750147,0.710481346,0.170535579,0.871153533,0.55868715,0.745968878,0.058728624,0.988079607,0.485275447,0.754433095,0.056786846,0.986159921
1,0.521881521,0.309326231,-0.272992343,0.999541581,0.526878715,0.291996747,-0.263366282,0.999617934,0.529412746,0.291127354,-0.26339522,0.99956584,0.532133937,0.290262938,-0.263458252,0.999528408,0.517329097,0.292450935,-0.262167007,0.999579966,0.514030576,0.291565061,-0.262213141,0.9995116,0.511197865,0.290308177,-0.262250602,0.99947077,0.53668052,0.289865613,-0.175629243,0.999337733,0.506724238,0.291168332,-0.169266209,0.99933964,0.527945399,0.320397019,-0.236744687,0.999770224,0.516131759,0.320861518,-0.23517637,0.999745429,0.562057853,0.356075823,-0.121473692,0.999803364,0.482028544,0.358622998,-0.109772958,0.99984479,0.571459413,0.456820011,-0.232890487,0.9841398,0.467853695,0.457774282,-0.205558807,0.987502337,0.532020688,0.382542193,-0.401992381,0.983993828,0.508001447,0.384863704,-0.352128416,0.972921252,0.52551657,0.361640096,-0.432389885,0.962150216,0.51264745,0.361760914,-0.380736589,0.922967613,0.526405334,0.353607833,-0.418577969,0.957828581,0.512158573,0.353078872,-0.363405198,0.908701658,0.528006673,0.360309929,-0.398822784,0.931713641,0.512066483,0.360064238,-0.347203225,0.868991196,0.546950936,0.535250127,0.003567014,0.999950707,0.498842001,0.538681388,-0.003651376,0.999919593,0.570073128,0.688870609,-0.087316126,0.980236232,0.487051547,0.692793727,-0.094193429,0.975399375,0.558258951,0.697793305,0.215875834,0.525694788,0.490696818,0.706823707,0.208117276,0.400811583,0.552692771,0.694060385,0.24659583,0.320285559,0.492440075,0.703858018,0.238859534,0.202958152,0.557361007,0.750868678,0.207520679,0.523074329,0.488828003,0.7643677,0.197788417,0.408175707
0,0.521619439,0.163448378,-0.339396566,0.999934793,0.526584148,0.144112751,-0.334702641,0.999873996,0.529106498,0.142650947,-0.334719121,0.999881268,0.532196403,0.140534803,-0.334766001,0.999847054,0.517234385,0.142548651,-0.332832128,0.999832332,0.513406217,0.140248626,-0.332879454,0.999821782,0.509917378,0.137810513,-0.332910806,0.999803603,0.535769999,0.131284401,-0.234266087,0.999854147,0.502446771,0.128495365,-0.22451815,0.999761999,0.527286649,0.173311472,-0.29470402,0.999940574,0.51543808,0.170786679,-0.292393357,0.999930799,0.563227296,0.190917417,-0.139994144,0.99994272,0.473242581,0.196424231,-0.118713662,0.999910176,0.570115387,0.319253951,-0.230068922,0.983607531,0.461470902,0.318091065,-0.207513765,0.983775079,0.535399854,0.253795892,-0.420071304,0.971615553,0.505494893,0.250076026,-0.403279543,0.967047513,0.527683079,0.228175804,-0.456354797,0.92246294,0.512257099,0.224593431,-0.440523386,0.909741282,0.527678668,0.216586053,-0.450841039,0.917247832,0.511806965,0.212199479,-0.431509793,0.897487998,0.529324889,0.224644348,-0.420355082,0.871398151,0.510683239,0.219609275,-0.40272069,0.846529126,0.545713782,0.396558762,-0.005744419,0.999254465,0.496907413,0.399874747,0.005750589,0.999166906,0.550765276,0.556933701,-0.031521615,0.993935645,0.495216608,0.555128574,-0.001284956,0.99343127,0.559997797,0.692997336,0.155852884,0.990907431,0.486765862,0.69506067,0.165021941,0.99044311,0.559347153,0.709389806,0.16905345,0.900960922,0.488886923,0.71093303,0.176347524,0.884418011,0.557151794,0.749539971,0.052440632,0.987080991,0.483823448,0.750970125,0.059287924,0.985316932
1,0.521136999,0.340557933,-0.320098877,0.999629855,0.525425076,0.32346037,-0.310506493,0.999779999,0.52826798,0.322397083,-0.310526222,0.999737799,0.531044364,0.321542948,-0.310608983,0.999695063,0.516884863,0.322537392,-0.310395837,0.99974364,0.51349771,0.321016699,-0.310455024,0.999688745,0.510385394,0.319842041,-0.310501754,0.9996382,0.535955191,0.319442004,-0.220700473,0.999604642,0.504507363,0.317659736,-0.220192045,0.999579191,0.526392639,0.351211518,-0.283579499,0.999833882,0.515257657,0.351996064,-0.28373459,0.999812245,0.560963333,0.38429904,-0.15970628,0.999801219,0.479467303,0.384044647,-0.174722195,0.999863386,0.566909909,0.48535496,-0.281758189,0.976272762,0.468236208,0.482713878,-0.289000452,0.980292797,0.532625854,0.410774499,-0.44926852,0.97687757,0.510956407,0.409390181,-0.430431455,0.961130917,0.527505457,0.385677457,-0.478006601,0.948661447,0.514619648,0.386410654,-0.459651768,0.896433115,0.527932048,0.379235685,-0.465455145,0.944549918,0.513577163,0.378118843,-0.442281961,0.881495893,0.528706968,0.384481132,-0.447095782,0.9151932,0.513186514,0.38375783,-0.42561993,0.838337064,0.544515729,0.557923436,0.008187304,0.999970078,0.49684602,0.559840977,-0.008350667,0.999938965,0.568429291,0.718455493,-0.035327561,0.977219641,0.482871234,0.72416985,-0.036782566,0.978008926,0.553705394,0.686438382,0.261332601,0.330342114,0.48858723,0.684173465,0.2670663,0.246624753,0.548951268,0.675244451,0.295165122,0.236082762,0.489515454,0.672630072,0.302306294,0.144406423,0.552798152,0.724078298,0.304244459,0.361466497,0.490686029,0.715373397,0.317651808,0.263816267
0,0.520896435,0.177718371,-0.353142917,0.999965847,0.525919795,0.158943191,-0.351057082,0.999941111,0.528948009,0.157151237,-0.351047575,0.999941587,0.531967759,0.154859081,-0.351081759,0.999926329,0.516093314,0.157120198,-0.349484503,0.999925375,0.512266815,0.154167369,-0.349545509,0.99992013,0.508706808,0.151080191,-0.349586397,0.999914765,0.536082089,0.141930014,-0.25542146,0.999933898,0.501634777,0.13915208,-0.247000486,0.999912918,0.526627064,0.185858637,-0.309445649,0.999973953,0.515105009,0.184167653,-0.307475895,0.999971211,0.562239468,0.195193842,-0.152640849,0.999959886,0.472441763,0.198802799,-0.142293572,0.999953926,0.569458842,0.322189212,-0.237038583,0.985276341,0.462023497,0.321095824,-0.229141638,0.990525186,0.534116566,0.255247951,-0.423780918,0.971529186,0.504127443,0.253682613,-0.413351685,0.975819826,0.525906324,0.229685292,-0.458446205,0.918379903,0.511954963,0.229236707,-0.448381603,0.925770342,0.525516629,0.217519552,-0.452751696,0.912076235,0.511053801,0.215607688,-0.439146906,0.914424539,0.527284682,0.225577205,-0.42383188,0.862561941,0.509830832,0.222803101,-0.412034452,0.866713226,0.545966983,0.393265247,-0.002379179,0.999390006,0.496333271,0.396443307,0.002387165,0.999385774,0.552250028,0.557227969,-0.032757238,0.995298862,0.494162381,0.556705475,-0.003477112,0.995412529,0.559737802,0.695439935,0.13716273,0.991580129,0.486015171,0.697906077,0.145541206,0.9904688,0.558289647,0.712659121,0.14831306,0.902531147,0.488654077,0.711866736,0.154880121,0.871563494,0.557223856,0.751859784,0.03285658,0.987185895,0.48342672,0.754446268,0.040580221,0.984211802
1,0.520118833,0.363725275,-0.312276125,0.999493659,0.525247931,0.345980972,-0.303850293,0.999687076,0.52744019,0.345016897,-0.303868771,0.999610424,0.530087888,0.343764395,-0.303947747,0.999588549,0.51567018,0.345421076,-0.303477466,0.999673903,0.512202919,0.344026923,-0.303513259,0.999573946,0.509200335,0.342511356,-0.303563058,0.999556065,0.534567773,0.340873599,-0.220021456,0.999381006,0.504524946,0.339878857,-0.21738784,0.999469042,0.525807858,0.37417832,-0.277497709,0.999717295,0.514196277,0.375969708,-0.276904821,0.999689937,0.560378015,0.401913583,-0.168243542,0.999665201,0.479408443,0.402295589,-0.180198938,0.999854267,0.566200137,0.500409245,-0.294192344,0.976202786,0.466936052,0.496500522,-0.295996875,0.982901633,0.531505942,0.424868643,-0.445719957,0.972802162,0.50898397,0.42297405,-0.418820858,0.956739664,0.526446581,0.402477801,-0.471934855,0.938732505,0.512953997,0.403296232,-0.445240825,0.882239819,0.527024925,0.396409065,-0.458498567,0.933100641,0.513198733,0.395497501,-0.428339303,0.866099417,0.528041542,0.40154013,-0.443087518,0.901670575,0.512982011,0.400705844,-0.41409722,0.827933013,0.544582784,0.579234064,0.006546069,0.999958992,0.496259689,0.581648111,-0.006719934,0.999938428,0.571061373,0.734713912,-0.045369517,0.967293561,0.482321978,0.74088788,-0.052846055,0.965276182,0.551914513,0.674893975,0.231735855,0.173666432,0.495527446,0.677763462,0.237488791,0.106043935,0.549123883,0.655512571,0.265124023,0.140167609,0.498286098,0.664081752,0.272233546,0.079681128,0.548584998,0.694712937,0.286952555,0.221733138,0.499758333,0.694865048,0.300065964,0.136538655
0,0.51638478,0.183887526,-0.358239472,0.999945283,0.522234321,0.166613951,-0.358416259,0.999889731,0.525045574,0.165116549,-0.358414918,0.999898016,0.528204143,0.163091019,-0.358455241,0.999860644,0.51160723,0.16499193,-0.356340706,0.999855161,0.507722497,0.161797971,-0.356409699,0.9998492,0.504203737,0.158116058,-0.356457531,0.999827743,0.533123851,0.147580609,-0.265800893,0.999896288,0.498370737,0.142160624,-0.254881859,0.999841869,0.52315259,0.194616377,-0.314499319,0.99996227,0.509854913,0.193096295,-0.311992824,0.99995631,0.560628593,0.195254326,-0.161340848,0.999961078,0.469423234,0.199037001,-0.145175382,0.999958575,0.566456914,0.32422024,-0.245587319,0.984706223,0.458943605,0.321097106,-0.229749039,0.9868747,0.531225443,0.252182335,-0.431959778,0.96729809,0.501359105,0.249057606,-0.421071768,0.970713258,0.524635732,0.227187514,-0.466832489,0.910208583,0.507740855,0.226792485,-0.45749554,0.915905833,0.524861276,0.215593934,-0.460561514,0.903487802,0.507382989,0.213868529,-0.448801219,0.904578984,0.525971234,0.222411245,-0.431677103,0.851029515,0.506245315,0.220124349,-0.420389473,0.854894161,0.542492151,0.398008674,-0.0052312,0.999410927,0.493094027,0.401792258,0.005255313,0.999448359,0.549214721,0.557732701,-0.029414868,0.994306862,0.493228495,0.55892837,-0.005574792,0.994285464,0.559455276,0.691084266,0.153829336,0.990284681,0.485331953,0.697562337,0.155559421,0.9909392,0.559330046,0.706405997,0.166185439,0.892069876,0.487681538,0.71399653,0.166253909,0.890047252,0.557198882,0.748007119,0.051461376,0.986011028,0.482109159,0.752545595,0.050198723,0.986090124
0,0.519171119,0.136293858,-0.209736437,0.999995828,0.52331835,0.117178015,-0.225308254,0.999995053,0.526605248,0.115452163,-0.225310996,0.999996185,0.529811621,0.113413006,-0.225372031,0.999994397,0.517398357,0.118401736,-0.197912008,0.999992847,0.515960038,0.118020587,-0.197901577,0.999991953,0.514625907,0.117309339,-0.197870418,0.999987423,0.543647289,0.111694507,-0.224254519,0.999997973,0.525639176,0.1138831,-0.101060651,0.999985754,0.529022098,0.148025647,-0.203859404,0.999995768,0.521913171,0.149125993,-0.168686241,0.999989927,0.58637774,0.201081276,-0.225372866,0.999972701,0.534213543,0.199043125,0.018650616,0.999906778,0.575003743,0.332094789,-0.197095171,0.980481684,0.518537521,0.315253258,-0.032320414,0.377365768,0.536260068,0.241528913,-0.080721997,0.954392612,0.52181828,0.263616741,-0.214012533,0.570976973,0.528892338,0.221738726,-0.078053877,0.917063475,0.522687495,0.246320188,-0.237158865,0.52764827,0.532443821,0.213991508,-0.078648403,0.916448176,0.524857819,0.235596269,-0.231408477,0.511312664,0.535343647,0.217003837,-0.073641278,0.882270932,0.525613129,0.241068944,-0.218481392,0.486788243,0.586982787,0.416359782,-0.075181432,0.99985975,0.549721599,0.421624869,0.075062007,0.999830246,0.604586065,0.584225237,-0.041291181,0.99802953,0.564527631,0.578264773,0.211441249,0.980307758,0.631289363,0.72900629,0.059303392,0.998585761,0.584210396,0.690054536,0.40273571,0.988521099,0.64258945,0.751788557,0.06373705,0.973787487,0.596005797,0.70359093,0.41731596,0.952239454,0.613840342,0.794531703,-0.041332003,0.998426139,0.565096736,0.744906366,0.366348177,0.993528008
1,0.592384636,0.323670506,-0.087115385,0.999979079,0.598338485,0.310268193,-0.099241786,0.999990761,0.601264119,0.310204089,-0.099242561,0.999991238,0.604496062,0.309711874,-0.099327751,0.9999879,0.592945576,0.309116453,-0.075194299,0.999983311,0.591882646,0.308394551,-0.075180441,0.99998194,0.590826213,0.307759821,-0.075206615,0.999981582,0.616643012,0.311427385,-0.107190609,0.999994874,0.598332942,0.309943914,0.003687265,0.999976099,0.598857164,0.338304192,-0.086533293,0.999987483,0.592488468,0.338642597,-0.05505529,0.999972284,0.641870022,0.407207161,-0.126289159,0.999988377,0.587562978,0.374676168,0.072334953,0.999929249,0.602562129,0.496673048,-0.141296595,0.979477704,0.546715736,0.470406502,-0.025800198,0.510227621,0.586374402,0.403483063,-0.093444832,0.971012831,0.564930379,0.417936832,-0.224629283,0.652405798,0.581362903,0.38301149,-0.100152776,0.935282111,0.568535924,0.397749543,-0.245237276,0.588295519,0.585273623,0.376380384,-0.088215932,0.92901206,0.573194146,0.386411071,-0.242055327,0.565774739,0.587991595,0.380890608,-0.084012806,0.89343667,0.57486403,0.392559141,-0.229468033,0.550035536,0.581645668,0.585662544,-0.059928734,0.99998951,0.546188056,0.560238063,0.059904449,0.99998045,0.545525491,0.739936829,-0.137526378,0.995861053,0.497514635,0.702379763,0.067458048,0.920292497,0.6217888,0.737100959,0.068036035,0.820976734,0.567429483,0.683603406,0.24479945,0.508198321,0.632597089,0.723230004,0.093293987,0.707925737,0.578701735,0.670155108,0.267228216,0.438168198,0.623275876,0.788434148,0.127885059,0.823438168,0.587360859,0.729488432,0.301976889,0.535153985
0,0.516373992,0.151902363,-0.144319072,0.999979198,0.518345237,0.13226597,-0.163674548,0.999976397,0.520955205,0.129803225,-0.163691193,0.999980867,0.52390635,0.127029881,-0.163735837,0.999972701,0.513302207,0.134656191,-0.133866176,0.999965072,0.512252808,0.134019136,-0.133854777,0.999960601,0.511372149,0.133307591,-0.133854449,0.999943733,0.537074447,0.11860089,-0.187043011,0.999987364,0.521494508,0.125498533,-0.053175408,0.999943733,0.52672857,0.161310434,-0.148398608,0.999981105,0.520621061,0.165374264,-0.109870389,0.999959528,0.587823987,0.197239861,-0.196538717,0.999983013,0.53328383,0.191940308,0.043803211,0.999909461,0.574601054,0.322887391,-0.185494691,0.986054242,0.517594576,0.301256001,-0.006731569,0.346769601,0.535848498,0.239574343,-0.069866151,0.955225348,0.512736678,0.268200964,-0.177582622,0.422857106,0.526687801,0.219322801,-0.068787746,0.915387154,0.509175301,0.263687104,-0.192740947,0.393037915,0.530127406,0.210212693,-0.062807187,0.914839387,0.511590123,0.252017558,-0.192809373,0.388210535,0.533386707,0.213426992,-0.060844161,0.862749457,0.514928222,0.251463205,-0.183984697,0.368046552,0.583862603,0.411000192,-0.076268986,0.999831796,0.546707571,0.413322031,0.076256014,0.999719918,0.601742625,0.579225481,-0.098100327,0.998353601,0.564939499,0.5705356,0.197850496,0.972069502,0.627190232,0.725147426,-0.062908165,0.998617768,0.580535769,0.69101727,0.376187742,0.986614943,0.635105252,0.753957212,-0.065256357,0.975113153,0.588349342,0.712356746,0.389208138,0.950910151,0.609483838,0.777474523,-0.171613321,0.998148024,0.557365298,0.744705021,0.336356759,0.991127968
1,0.591904402,0.335105687,-0.081220299,0.999977469,0.598049462,0.319369674,-0.093042254,0.999990761,0.601221025,0.318478763,-0.093044132,0.999991715,0.604660332,0.317437917,-0.093145408,0.999988079,0.591442227,0.319001734,-0.068915159,0.999981821,0.590124249,0.318356186,-0.068896577,0.999980569,0.588960767,0.317716599,-0.068902448,0.999980092,0.616119862,0.316427559,-0.103381768,0.999995828,0.596618235,0.316797554,0.011792397,0.999974787,0.59928596,0.347080648,-0.08011882,0.999986053,0.591961563,0.350425094,-0.048327394,0.999967515,0.642959476,0.408096611,-0.120255336,0.99999088,0.587221324,0.379719555,0.078293815,0.999927938,0.605625808,0.504314482,-0.132345736,0.974418521,0.546295464,0.474216461,-0.021398976,0.528173983,0.587616384,0.411706209,-0.071144536,0.947317183,0.569767058,0.422946721,-0.211742848,0.569383204,0.583435118,0.39035061,-0.075728841,0.887363553,0.574669719,0.402845263,-0.231616855,0.489153564,0.588420928,0.383914411,-0.063954443,0.876639485,0.578602076,0.391614407,-0.226806194,0.462323695,0.590391219,0.388646692,-0.061617266,0.827242553,0.579489708,0.398365945,-0.21594879,0.448396325,0.582222402,0.584581375,-0.06060208,0.999988317,0.547617555,0.559802473,0.060612023,0.999979198,0.545896649,0.737754285,-0.142264456,0.99599421,0.49613601,0.694630384,0.060046017,0.925886571,0.621608555,0.738009453,0.064887173,0.832521498,0.566744328,0.688132405,0.241450757,0.585523307,0.630968869,0.724062622,0.090259261,0.699649215,0.57912153,0.673084021,0.264508665,0.500392318,0.619386971,0.790770411,0.117238402,0.835186005,0.581875861,0.734701514,0.293840647,0.597029388
0,0.51673609,0.166315496,-0.121140599,0.999958873,0.516939104,0.145164534,-0.14058134,0.999958456,0.519274712,0.142097488,-0.140603662,0.999966145,0.521850228,0.138525337,-0.140655488,0.999952614,0.513090968,0.148538798,-0.111378588,0.999934912,0.512397885,0.148214906,-0.111358464,0.999924958,0.511847615,0.147742525,-0.111362979,0.999896109,0.534663916,0.126098558,-0.167664573,0.999979019,0.522465527,0.135883465,-0.03476388,0.999904394,0.527529478,0.172387272,-0.126193598,0.99996537,0.522810638,0.177742466,-0.088265136,0.99992007,0.58707124,0.197930172,-0.178867608,0.999983191,0.534569502,0.194391415,0.04957404,0.999875247,0.576935947,0.324788451,-0.168665633,0.977613628,0.525152504,0.299580753,-0.007342835,0.244769126,0.538207173,0.245371267,-0.047839396,0.910058081,0.521921933,0.259872377,-0.163917348,0.232010752,0.528517425,0.224874809,-0.043473162,0.85222888,0.518578351,0.252708256,-0.175799653,0.221328795,0.532431483,0.214364365,-0.035537675,0.851778507,0.521489263,0.233431801,-0.172062591,0.215838194,0.535490036,0.218498081,-0.037828248,0.775324047,0.523958385,0.235116109,-0.168348312,0.209139585,0.584298253,0.407845765,-0.073248103,0.999837577,0.547404766,0.410353929,0.073264256,0.999675512,0.602200389,0.578507304,-0.10385289,0.998583496,0.562924683,0.571331561,0.190674633,0.973561049,0.626252055,0.725810468,-0.086640082,0.998484969,0.580587566,0.690138698,0.370055884,0.984999597,0.634177864,0.754459381,-0.090477683,0.967249036,0.588416457,0.708834529,0.383345902,0.936696708,0.60959971,0.778374493,-0.197746605,0.997959554,0.559392452,0.745759308,0.331134021,0.989839792
1,0.591347396,0.358261436,-0.031519137,0.99998945,0.597794235,0.341567457,-0.045203701,0.999995947,0.601149857,0.340864152,-0.045220219,0.999995947,0.604570985,0.340116531,-0.045312926,0.999994695,0.591730058,0.341297746,-0.018947717,0.999992251,0.590590417,0.340508729,-0.018916318,0.999991119,0.589480281,0.339707643,-0.018942861,0.999991417,0.616371274,0.340085059,-0.065242097,0.999997735,0.597064078,0.338977754,0.054476984,0.999989748,0.598813176,0.371012568,-0.03586733,0.999993324,0.591425836,0.373943061,-0.001750967,0.999985933,0.641654491,0.432869226,-0.103525415,0.999995112,0.592527092,0.395523876,0.119679734,0.999969125,0.603779376,0.519084096,-0.120728038,0.982440174,0.558073223,0.484840691,0.045912888,0.331778973,0.589821875,0.425939143,-0.045847379,0.970522881,0.551423192,0.466454566,-0.121339418,0.434856266,0.585109532,0.404475331,-0.050598521,0.941552997,0.546788514,0.460913301,-0.132901341,0.414033771,0.590006232,0.398677021,-0.03765304,0.935736537,0.551146209,0.45985201,-0.137728602,0.404168189,0.592437327,0.403427511,-0.035911091,0.897175431,0.555578351,0.458485067,-0.129087299,0.418446869,0.581937909,0.602290809,-0.064023927,0.999995112,0.548336387,0.576921523,0.063959621,0.999991119,0.545315623,0.754765213,-0.139080748,0.99688828,0.493497521,0.713883698,0.056145739,0.909819603,0.619764686,0.73632592,0.04978133,0.820120573,0.568621159,0.698451161,0.217113212,0.426861018,0.629809022,0.721859574,0.073715106,0.68972522,0.586402595,0.680579066,0.237843126,0.389481127,0.622051597,0.789038837,0.121517882,0.840227485,0.58570987,0.744743109,0.283841014,0.476756513
0,0.511102676,0.176232263,-0.140758842,0.999921024,0.511200666,0.153789774,-0.161773309,0.999912798,0.513673484,0.150710821,-0.161780566,0.999937057,0.516463399,0.146968752,-0.161830857,0.999908924,0.506774962,0.156309515,-0.13334471,0.999854624,0.505874455,0.155281097,-0.133330375,0.999844491,0.505154252,0.154220313,-0.133348718,0.99979043,0.529332638,0.132390961,-0.192741424,0.999957442,0.514264643,0.141244039,-0.062656023,0.999839664,0.521751761,0.184776455,-0.146261141,0.999926925,0.516408086,0.188753188,-0.109154843,0.999853015,0.579954445,0.198045596,-0.197593242,0.999983907,0.529042602,0.18980217,0.025897006,0.999910831,0.564605832,0.322543681,-0.193371981,0.969133735,0.514734983,0.300215006,0.029134993,0.289187014,0.531943917,0.235185057,-0.089253113,0.903599739,0.513023973,0.252631813,-0.048636992,0.315299213,0.52309674,0.213821009,-0.084712997,0.853184402,0.511110663,0.238750055,-0.05000443,0.29392162,0.52739042,0.20556058,-0.079228312,0.849558949,0.513923049,0.222310007,-0.045924146,0.285061806,0.530552685,0.209489778,-0.080906704,0.777752042,0.516378641,0.2259413,-0.050603461,0.275951356,0.578997731,0.41075778,-0.070137106,0.999767542,0.542242348,0.412379593,0.07015571,0.999697983,0.598362327,0.582526088,-0.078196749,0.998458743,0.561031699,0.573519111,0.183910206,0.98420012,0.627394795,0.721097112,-0.040235676,0.998175204,0.578690827,0.689544082,0.355307639,0.987978518,0.634310007,0.742754221,-0.041428965,0.956993461,0.587553382,0.707442045,0.367744386,0.93816483,0.610274673,0.784233928,-0.145182222,0.997605979,0.559029341,0.744579256,0.313683212,0.990886867
0,0.502591729,0.215608403,-0.273274124,0.999590456,0.510056853,0.194541365,-0.257838398,0.999359369,0.513796687,0.193672642,-0.257916927,0.999309003,0.517329454,0.192905337,-0.257972211,0.999182045,0.495704561,0.194419309,-0.25596723,0.999279678,0.491341203,0.193331003,-0.255985171,0.99922061,0.487601608,0.192398071,-0.255999684,0.999164879,0.522603393,0.195924446,-0.146286279,0.998894095,0.483246982,0.196337238,-0.134383604,0.998719931,0.510469317,0.234663948,-0.229235411,0.99955678,0.493912369,0.2358661,-0.226251334,0.999518752,0.554149449,0.294341415,-0.100139186,0.99959141,0.447048426,0.292874694,-0.061021991,0.999326706,0.553997517,0.404890597,-0.211245507,0.815565288,0.443794638,0.40667361,-0.148424819,0.821911097,0.51902473,0.418518841,-0.416703612,0.557020009,0.474341005,0.420539975,-0.358063519,0.511334181,0.50826025,0.427193284,-0.461973488,0.499967396,0.484423161,0.433373868,-0.403775632,0.420204639,0.509028077,0.405004889,-0.467015207,0.499249101,0.486603171,0.415602654,-0.406985044,0.407603085,0.510508955,0.403123975,-0.422812551,0.433896422,0.485703379,0.41033715,-0.364706308,0.354177028,0.528747261,0.532808125,-0.005812813,0.999388635,0.468710363,0.532349765,0.005831514,0.999336541,0.550107241,0.69453913,-0.002668164,0.993950248,0.447327614,0.69649905,0.034270726,0.995802164,0.566836715,0.827478468,0.248987108,0.992084801,0.425087452,0.825345159,0.25491336,0.994905412,0.56450212,0.84610492,0.267592251,0.825780094,0.428403616,0.841350198,0.270795643,0.875880778,0.573100328,0.88811028,0.136233434,0.980213463,0.413748592,0.890841365,0.142900914,0.986350596
1,0.489961952,0.437501878,-0.602613866,0.999982774,0.495701253,0.420922607,-0.580585778,0.999930501,0.498969376,0.420777977,-0.58057344,0.999944031,0.502152324,0.42059499,-0.580670059,0.999838352,0.484007746,0.420251131,-0.584056854,0.999944568,0.479731619,0.419707745,-0.584194541,0.999970615,0.475934029,0.419380277,-0.584232807,0.999937713,0.506834626,0.424312294,-0.443341166,0.999869466,0.470313132,0.422622651,-0.459946543,0.999976695,0.495165735,0.455717623,-0.550878942,0.999982536,0.482482731,0.45604679,-0.555994749,0.99999094,0.53055346,0.516831815,-0.349123031,0.997811317,0.439409882,0.518750489,-0.357831568,0.999723434,0.535580039,0.616613805,-0.484433025,0.756435871,0.435743898,0.616451442,-0.495130599,0.918064177,0.518671036,0.646657705,-0.689230144,0.145477965,0.466639221,0.656307757,-0.696830451,0.419605881,0.51307267,0.656521022,-0.737404943,0.177583426,0.472418636,0.665516734,-0.744849145,0.417770714,0.512187421,0.647695184,-0.731424928,0.145715803,0.473614365,0.655109525,-0.742244661,0.359999448,0.509790063,0.642807901,-0.691903889,0.080989912,0.473532498,0.646562338,-0.70016247,0.210730448,0.520850301,0.637159407,0.000557619,0.999479413,0.457865715,0.643041968,-0.00054059,0.999623775,0.56191653,0.695500672,-0.393164814,0.980381966,0.423923433,0.707280457,-0.366917014,0.980719149,0.56463933,0.829471767,-0.11142987,0.98519063,0.423201978,0.831681728,-0.092748798,0.993510544,0.557939291,0.850338638,-0.092880115,0.912371397,0.430265903,0.84814918,-0.075560838,0.943238735,0.57709676,0.887256444,-0.241164759,0.9590711,0.407985508,0.884859562,-0.22480388,0.972018659
0,0.49893856,0.20867537,-0.478473336,0.999909222,0.506346583,0.187396601,-0.460359037,0.999853671,0.510555804,0.18716076,-0.460383177,0.999863684,0.514204204,0.18719849,-0.460440338,0.999813318,0.492226213,0.187216416,-0.458917677,0.999857545,0.487642109,0.186963141,-0.45902428,0.999884129,0.483878046,0.187094331,-0.459056139,0.999861002,0.51999867,0.19217357,-0.331021428,0.999738038,0.478712946,0.19296284,-0.324799061,0.999847889,0.506022751,0.228887722,-0.428382397,0.999888599,0.490900934,0.22872369,-0.427110374,0.99991715,0.550429165,0.30285126,-0.254157722,0.999443769,0.443149626,0.298798829,-0.233003736,0.999733806,0.548306823,0.41327557,-0.371977091,0.870725214,0.439550787,0.398826391,-0.32285744,0.823353767,0.521194637,0.458464295,-0.579486012,0.44659254,0.468820244,0.447221667,-0.527753532,0.403379202,0.512727797,0.47444886,-0.631742358,0.402508229,0.477255017,0.468469232,-0.579975128,0.353579581,0.512627482,0.460082978,-0.641836107,0.393379301,0.481746435,0.453085452,-0.588374913,0.340423614,0.512814641,0.453621089,-0.588484943,0.315275669,0.480243623,0.44501102,-0.536517918,0.280454099,0.524703622,0.522167444,-0.006845265,0.99968493,0.463958412,0.520863175,0.006787554,0.99978894,0.545342982,0.689862013,0.033968475,0.995840192,0.4498218,0.685781121,0.015971787,0.997523785,0.565245986,0.829369545,0.271990627,0.995674133,0.424623251,0.828992486,0.241641372,0.997601628,0.563411295,0.849240541,0.286630571,0.868538141,0.42886728,0.850404024,0.256235659,0.924907804,0.573423624,0.888687193,0.138913482,0.988304555,0.408787072,0.890237927,0.111872353,0.993663967
1,0.489943266,0.458318383,-0.549395561,0.999908447,0.495665401,0.442105114,-0.52961266,0.999689281,0.498940051,0.44214803,-0.529610336,0.999697864,0.502071738,0.442285329,-0.529711366,0.999377728,0.483817875,0.441031277,-0.532453716,0.999749124,0.479471594,0.440525085,-0.532579601,0.999845982,0.476202875,0.440322489,-0.532622218,0.999734402,0.507115066,0.445944726,-0.407209635,0.999158323,0.471354783,0.444490314,-0.421128184,0.99976486,0.495173305,0.476798177,-0.503580749,0.999851704,0.482606024,0.476523668,-0.507859826,0.999909759,0.530263543,0.53718859,-0.317489296,0.989482462,0.442455709,0.538736105,-0.32545343,0.997418225,0.538323581,0.637802362,-0.40580225,0.713665485,0.440825462,0.644720137,-0.413373768,0.882436693,0.51250267,0.656542838,-0.552815557,0.144832775,0.468682617,0.665241301,-0.556176245,0.396394134,0.504100859,0.664559126,-0.590034723,0.154385462,0.475365549,0.673031926,-0.592620671,0.365241379,0.503439248,0.652693331,-0.584581733,0.127250403,0.475059032,0.657904327,-0.591810763,0.317929417,0.501651049,0.646750748,-0.553849638,0.084383212,0.474611193,0.652749956,-0.558406889,0.210387304,0.517777205,0.654211879,0.001260771,0.999551654,0.459469736,0.65650624,-0.001286192,0.999510169,0.565677166,0.696195364,-0.353649825,0.980221093,0.428170502,0.709952772,-0.324232996,0.969875157,0.56591332,0.837543905,-0.115279272,0.983486474,0.422786146,0.830798864,-0.09469261,0.991516232,0.559307694,0.859230399,-0.099437498,0.934334099,0.428795248,0.849740863,-0.080100559,0.945656776,0.578262031,0.892216742,-0.229212672,0.963446558,0.406982601,0.884279191,-0.21464245,0.971261263
0,0.496109962,0.20908758,-0.414265305,0.999845505,0.502457559,0.188469991,-0.397697419,0.999755204,0.506650507,0.188214317,-0.397727102,0.999754131,0.5101524,0.188256979,-0.397795886,0.999689162,0.489395946,0.188492671,-0.396614254,0.999765575,0.484806716,0.188370153,-0.396708906,0.999794364,0.480914056,0.188661888,-0.396743536,0.999765635,0.515798688,0.193460107,-0.27543804,0.999479175,0.475652218,0.194642872,-0.271210641,0.999723732,0.502848506,0.228780702,-0.367695093,0.999821544,0.488316536,0.229076192,-0.366903573,0.999870837,0.546903968,0.300626099,-0.201398641,0.999202311,0.441199929,0.302394211,-0.184109733,0.99967587,0.548344374,0.408739924,-0.293513358,0.830191016,0.438495547,0.398820609,-0.255176544,0.783636749,0.524981618,0.450018227,-0.494687378,0.388152361,0.465133846,0.447633445,-0.449897468,0.297823966,0.518017411,0.464749187,-0.543696046,0.350044459,0.472343147,0.468604356,-0.499140441,0.259228945,0.517234027,0.451024413,-0.554954112,0.348200828,0.477780014,0.4547337,-0.508929789,0.253804117,0.517012894,0.445570409,-0.503955543,0.28191337,0.476598263,0.446293712,-0.458626658,0.215655133,0.52428329,0.522518277,-0.00257865,0.999593019,0.464253366,0.523549974,0.002522001,0.999732912,0.546432257,0.686985254,0.039645102,0.99520117,0.449812561,0.686841726,0.011018702,0.997542918,0.565673113,0.827008128,0.271539629,0.994980216,0.423569053,0.827323914,0.218651861,0.997303069,0.562709689,0.84758234,0.286568642,0.868824542,0.427398294,0.848668218,0.231643513,0.913888276,0.574523568,0.884797692,0.144561529,0.986065686,0.408163458,0.888467729,0.08810401,0.992430389
1,0.488687903,0.46631974,-0.502483487,0.999681115,0.494481564,0.450943321,-0.483170927,0.998906016,0.497708887,0.451032728,-0.483172029,0.998914778,0.500919938,0.451267362,-0.48326689,0.997799993,0.482916296,0.450104088,-0.48660931,0.999129951,0.478555143,0.449288994,-0.486724764,0.999404311,0.475334555,0.448634714,-0.486750752,0.998991549,0.505747795,0.455418527,-0.365885615,0.996569276,0.470332384,0.453419,-0.382673562,0.999189079,0.49435991,0.484314859,-0.458512545,0.999587297,0.481808752,0.483783633,-0.463522106,0.999788702,0.529449642,0.547834396,-0.277074635,0.982352376,0.442227274,0.552463591,-0.289763808,0.995345354,0.537246764,0.645393372,-0.317534417,0.664332747,0.436096758,0.649903893,-0.337251037,0.871296287,0.514728189,0.6722368,-0.405104071,0.107591875,0.466005266,0.68209523,-0.437002182,0.325846255,0.509129226,0.68351841,-0.432756364,0.118524782,0.472546637,0.691771567,-0.467252076,0.303370774,0.506739736,0.675813794,-0.434016615,0.098292537,0.474020809,0.676227748,-0.470237911,0.260333866,0.505269825,0.670132756,-0.407190889,0.071341559,0.473635495,0.674015164,-0.439825356,0.17759414,0.516758204,0.662829697,0.002355023,0.999309063,0.458696902,0.667334676,-0.002308103,0.9993276,0.566016972,0.687613308,-0.32311058,0.964757383,0.425500065,0.701743424,-0.310366005,0.95734936,0.56545198,0.832603276,-0.119599923,0.975571334,0.421780765,0.830956042,-0.112353921,0.989390671,0.558218718,0.854962349,-0.106110834,0.925002158,0.428732872,0.852560163,-0.099900275,0.94688803,0.577971041,0.885972083,-0.228072211,0.948015511,0.404394329,0.883221626,-0.226724103,0.964250326
0,0.493296623,0.21104987,-0.455623448,0.99993068,0.499680102,0.190861166,-0.437377691,0.999877751,0.503620684,0.190897644,-0.437433422,0.999884605,0.507029176,0.191149101,-0.437501281,0.99983573,0.486988872,0.189931229,-0.436888456,0.999887288,0.482177258,0.189396366,-0.436977774,0.999906659,0.477919757,0.189261332,-0.437005848,0.999879658,0.511827111,0.196057633,-0.307017863,0.999772012,0.471943557,0.194517791,-0.304467231,0.999894142,0.499165207,0.230822116,-0.40623647,0.99993211,0.485191196,0.229952812,-0.406098992,0.999952555,0.542852759,0.298453599,-0.231431603,0.999717295,0.436547756,0.304530621,-0.199719816,0.999834657,0.546784759,0.413031548,-0.34092918,0.932039738,0.434665263,0.406620204,-0.258900464,0.823018849,0.515712798,0.435818136,-0.56875658,0.66601336,0.45878011,0.47292611,-0.472904772,0.407388538,0.505692065,0.446795106,-0.624907494,0.613758504,0.464640141,0.498871654,-0.525469184,0.36642471,0.505193591,0.427377582,-0.631162763,0.60688597,0.471184194,0.484758407,-0.538988352,0.361472458,0.506048262,0.423782378,-0.576458573,0.488475919,0.470975101,0.473964185,-0.48346132,0.299061865,0.520798266,0.519511878,-0.008010627,0.999694347,0.460635483,0.521402359,0.008011086,0.999761522,0.541636527,0.681980193,0.018126065,0.996126115,0.445430189,0.685819268,-0.007642599,0.997217953,0.565633357,0.824291587,0.251707911,0.995958865,0.42345643,0.826262474,0.211080357,0.997424185,0.563660979,0.842587769,0.265603721,0.85474807,0.42885536,0.849511027,0.224331811,0.929023683,0.573419392,0.882275224,0.112587668,0.987792432,0.406307042,0.888467312,0.073373251,0.993643045
1,0.440082163,0.394101411,-0.310722679,0.999999404,0.448173285,0.377084851,-0.316883355,0.999999583,0.452378571,0.376964778,-0.316797465,0.999999583,0.457047045,0.376800328,-0.316870242,0.999999583,0.441438824,0.37504369,-0.289963633,0.999999523,0.44026798,0.37423107,-0.290066689,0.999999523,0.439141899,0.373291492,-0.290029377,0.999999464,0.471595585,0.383047909,-0.287637681,0.999999583,0.450159609,0.377687931,-0.170120284,0.999999523,0.448393971,0.413809597,-0.297961742,0.999999523,0.439511299,0.414543062,-0.264254957,0.999999344,0.504237771,0.489401847,-0.287387609,0.999995768,0.457400173,0.464492381,-0.037614208,0.99995786,0.462664902,0.6149984,-0.257474482,0.987281561,0.43497172,0.544480264,-0.082034566,0.29906553,0.455679029,0.50842613,-0.127445579,0.927494228,0.444232374,0.515640974,-0.190773875,0.207640931,0.448744208,0.485818446,-0.137415141,0.865769267,0.445625931,0.493002623,-0.187979966,0.171299517,0.453919649,0.477713555,-0.137533143,0.866149008,0.451917112,0.486878723,-0.18252264,0.164093837,0.458607674,0.484416336,-0.121886648,0.8172369,0.454851687,0.494424224,-0.18890886,0.16703862,0.573584199,0.621768236,-0.086963549,0.999995828,0.531261086,0.608524084,0.087210573,0.999987066,0.508568704,0.71066761,-0.389805496,0.997034252,0.44656235,0.656221747,0.000400875,0.831037819,0.545956671,0.8942343,-0.346016198,0.995834589,0.470709175,0.800041974,0.118602216,0.855961978,0.562089384,0.92217499,-0.343818665,0.98047781,0.483251333,0.832327127,0.127056584,0.835074782,0.510554671,0.945008159,-0.443364531,0.994832277,0.427416891,0.83718431,0.081381194,0.891893089
0,0.349972814,0.159207359,-0.231755286,0.99997437,0.352234751,0.135978341,-0.256906539,0.999986649,0.354640245,0.134859338,-0.256889403,0.999988973,0.357304394,0.133730233,-0.256963015,0.999989152,0.349149644,0.136124328,-0.219125226,0.999979854,0.348945081,0.135360122,-0.21915932,0.999975979,0.348672092,0.134619966,-0.219169334,0.999975204,0.37786895,0.13428925,-0.295787573,0.999985874,0.363040984,0.136089027,-0.128129944,0.999961257,0.360938311,0.184633464,-0.240846723,0.99996537,0.356503606,0.184065372,-0.192571253,0.999942541,0.420893133,0.251166761,-0.332166553,0.999923825,0.381982416,0.246240914,0.019336555,0.999186695,0.372388005,0.398432851,-0.282417744,0.916030288,0.357490152,0.348932534,0.101258814,0.140193254,0.360023797,0.275636166,-0.09860684,0.82741648,0.341312647,0.28829363,0.106145337,0.146489322,0.349098504,0.240537345,-0.103294507,0.790787578,0.327985644,0.244768277,0.109243393,0.149904683,0.362267256,0.226859629,-0.115134433,0.794441938,0.343693286,0.243268833,0.11173147,0.144733146,0.36724788,0.234139606,-0.09656965,0.723900259,0.350497097,0.247905523,0.104949974,0.140895188,0.473919779,0.504902363,-0.11252252,0.999979794,0.446208715,0.508572757,0.112687811,0.999908686,0.505266786,0.699472368,-0.078052096,0.994245768,0.455925137,0.669888437,0.394357383,0.832174242,0.551264346,0.885064423,-0.041897617,0.998175979,0.477343947,0.790826082,0.670857668,0.893481433,0.567738652,0.91351676,-0.042044654,0.986559451,0.491813093,0.827369928,0.697067082,0.772350013,0.512889802,0.95377475,-0.15024735,0.9982481,0.430866957,0.840160429,0.687759578,0.962050974
1,0.446111679,0.413272232,-0.29236719,0.999999523,0.454757303,0.398350179,-0.298770964,0.999999583,0.459074318,0.39903149,-0.298684895,0.999999583,0.46381706,0.39967981,-0.298751175,0.999999583,0.447773367,0.395992458,-0.272188067,0.999999583,0.446568727,0.395016491,-0.272298723,0.999999583,0.44544372,0.394006431,-0.272255003,0.999999523,0.477722079,0.409955889,-0.273067534,0.999999762,0.456406683,0.399886489,-0.157480359,0.999999583,0.453573614,0.434767455,-0.281677604,0.999999583,0.445169121,0.433805346,-0.248507544,0.999999583,0.508812368,0.512851,-0.27732569,0.999997377,0.462221324,0.487740457,-0.030874744,0.999965549,0.471036345,0.637447417,-0.257584244,0.981171727,0.442037672,0.563588679,-0.077190652,0.148809701,0.461780369,0.531982958,-0.149662465,0.89271152,0.452876419,0.53929013,-0.188214794,0.101524375,0.456490368,0.508615136,-0.161453158,0.814342141,0.452577055,0.522614479,-0.186979979,0.089705534,0.462353796,0.500025749,-0.160975754,0.814825714,0.458789498,0.51360184,-0.182353526,0.085467629,0.464902639,0.506993294,-0.145153657,0.755824029,0.462707043,0.518678606,-0.187165618,0.092076629,0.577533185,0.640652001,-0.085180804,0.999996543,0.535992801,0.626980424,0.085417397,0.999987006,0.510451496,0.710270882,-0.383443236,0.996372581,0.45001784,0.653945744,-0.017938063,0.780724168,0.548602223,0.894684911,-0.334217876,0.995051622,0.47187382,0.795689285,0.087148808,0.819434762,0.563828468,0.925893128,-0.33064881,0.97759974,0.486041218,0.819236577,0.095010065,0.825220883,0.511173129,0.947247982,-0.425395548,0.994583189,0.428269714,0.830835044,0.049302761,0.866095841
0,0.347257853,0.160928637,-0.236021489,0.999987662,0.350043893,0.138560638,-0.259216756,0.999993742,0.352559865,0.137605086,-0.259198576,0.999994755,0.355434626,0.136664689,-0.259261549,0.999994516,0.346628904,0.138821363,-0.221986815,0.999990582,0.346330434,0.13817066,-0.222016618,0.999988854,0.345954627,0.137541085,-0.222025841,0.9999879,0.376540512,0.138288274,-0.289072633,0.999993682,0.360331178,0.139708638,-0.123639822,0.999981582,0.359274715,0.186245933,-0.241842464,0.999981701,0.353899091,0.185025513,-0.19430919,0.99996984,0.418767542,0.251073122,-0.316021025,0.999936104,0.380750179,0.244260728,0.02079979,0.999293447,0.374055803,0.39816919,-0.283335358,0.927617192,0.355154425,0.347835243,0.06746459,0.13687022,0.367014259,0.270113677,-0.119251706,0.84846741,0.342828095,0.283686548,0.023236891,0.150018677,0.360154122,0.231195047,-0.124054536,0.81019038,0.33139962,0.251191765,0.022585297,0.153460085,0.370471299,0.220712528,-0.132253021,0.815659881,0.348601043,0.250213295,0.026952434,0.147808924,0.372980058,0.227267623,-0.115950823,0.752931058,0.354191363,0.259295285,0.02222549,0.142617315,0.47233063,0.503021896,-0.110344432,0.999979496,0.444520861,0.50831759,0.110517286,0.999916434,0.508665442,0.697080791,-0.097194329,0.996247351,0.456465334,0.663778245,0.382570595,0.867833257,0.551706076,0.88465476,-0.078788444,0.998647034,0.47727108,0.7855497,0.665818393,0.912905633,0.567857563,0.91320765,-0.081554338,0.988181531,0.491988569,0.82111156,0.692206979,0.790998578,0.515912533,0.952774405,-0.200269982,0.998585224,0.43137604,0.837049246,0.673583567,0.968057036
1,0.445667416,0.406887174,-0.288452089,0.999999285,0.456095845,0.392740875,-0.296803743,0.999999583,0.46054554,0.393983006,-0.296716541,0.999999583,0.465261698,0.39540571,-0.296774209,0.999999583,0.448789299,0.389108986,-0.271853656,0.999999344,0.44766292,0.387972087,-0.271971464,0.999999523,0.446629286,0.386763036,-0.271933556,0.999999344,0.478709072,0.410086602,-0.283893764,0.999999583,0.460122287,0.396017045,-0.172437012,0.999999344,0.452470005,0.428285271,-0.280770719,0.999999523,0.444449246,0.427103251,-0.249451399,0.999999225,0.506653666,0.507612824,-0.287953436,0.999996901,0.459909052,0.484594077,-0.053595763,0.999964833,0.46636495,0.628972173,-0.26664564,0.980225444,0.43794927,0.558846056,-0.085009933,0.302323341,0.460393012,0.520305574,-0.16200614,0.890161216,0.45159173,0.531008542,-0.164596111,0.214174241,0.457114786,0.495391369,-0.176967233,0.813837051,0.454419076,0.51017487,-0.159257933,0.179299548,0.460883439,0.490418106,-0.176556647,0.815469027,0.459626913,0.503850698,-0.156479806,0.175067261,0.463861853,0.499658108,-0.158136815,0.761770189,0.46200937,0.512523174,-0.163106471,0.180058151,0.578495443,0.629621506,-0.086546198,0.999997258,0.536991179,0.61592418,0.086809114,0.999989152,0.513996243,0.711517334,-0.387961984,0.997392893,0.451004684,0.649229288,-0.019522008,0.787677169,0.548583865,0.89551872,-0.345115691,0.99674809,0.47129631,0.794740736,0.093322799,0.819895267,0.563098371,0.928474188,-0.342478752,0.982527971,0.485709667,0.816817582,0.102054752,0.794395924,0.51017344,0.942018151,-0.443529844,0.995834947,0.428443819,0.83130306,0.054737799,0.861939192
0,0.503289104,0.207830697,-0.429329634,0.999995828,0.508965313,0.189919621,-0.423272282,0.999993742,0.513228536,0.190389886,-0.423235416,0.999991715,0.517028153,0.190053791,-0.423345655,0.999991655,0.497295797,0.184369028,-0.423284382,0.999992251,0.492787361,0.181571022,-0.423343241,0.999989927,0.488384187,0.178749323,-0.42330575,0.999991477,0.523016393,0.17838192,-0.294448197,0.99998796,0.481061608,0.170852795,-0.293048918,0.999993026,0.509875953,0.221586093,-0.372553676,0.999996543,0.495042861,0.218852028,-0.372001737,0.999996722,0.556081593,0.250310421,-0.156386077,0.999986827,0.444922775,0.249945909,-0.161094487,0.999988973,0.598542809,0.369694471,-0.286660552,0.995760798,0.403431714,0.377943754,-0.253514826,0.99860841,0.590371966,0.242459655,-0.548580706,0.992380202,0.401700795,0.244996056,-0.465273321,0.996863306,0.585728347,0.210695222,-0.596022844,0.971972883,0.402780384,0.213482052,-0.508786201,0.985667348,0.580279708,0.199920088,-0.583257318,0.968399584,0.408970594,0.203247666,-0.499848992,0.983858824,0.579093814,0.211548313,-0.550032437,0.952503264,0.41126889,0.215286449,-0.46686998,0.975701392,0.536725938,0.531423211,0.001919807,0.999871731,0.474125236,0.5379076,-0.002050225,0.999855161,0.572253525,0.740092874,-0.089648157,0.997092426,0.444444805,0.753010988,-0.08380425,0.997857332,0.57190305,0.918073297,0.146317154,0.992605746,0.430919349,0.919737577,0.152562886,0.991575956,0.562801957,0.939648032,0.164141119,0.915162504,0.435638368,0.93940419,0.17173411,0.890615106,0.583332181,0.989777684,0.036918931,0.986653149,0.418501467,0.988333702,0.052643359,0.983907998
1,0.498613983,0.454320401,-0.611580551,0.999996066,0.506157398,0.434231997,-0.606351733,0.999993801,0.510021985,0.43208155,-0.606292367,0.999993384,0.513734996,0.429469645,-0.606480896,0.999989986,0.492946059,0.432393819,-0.605330408,0.999992609,0.488001168,0.429326028,-0.605436385,0.999992311,0.483272463,0.425933808,-0.605413318,0.999991775,0.518420815,0.413629144,-0.4787817,0.99999392,0.474326998,0.410349786,-0.473938406,0.999997377,0.505124927,0.463600188,-0.554882288,0.999995291,0.489301831,0.463145882,-0.553914726,0.999997318,0.549356282,0.460958004,-0.314094007,0.999968171,0.43763572,0.465989143,-0.315679997,0.99998492,0.592155099,0.576055825,-0.438173443,0.996256292,0.391757786,0.587581575,-0.399805397,0.998833299,0.586816609,0.458271503,-0.665059805,0.992761552,0.399043322,0.469912946,-0.583528101,0.997203648,0.583407044,0.426693439,-0.710396647,0.972524881,0.399704039,0.439035535,-0.619137526,0.986499846,0.578061938,0.417831004,-0.694405973,0.966628909,0.405170351,0.432075322,-0.608181059,0.982574403,0.575729191,0.427585602,-0.663658202,0.932503819,0.407202333,0.441952586,-0.581061721,0.965452611,0.525448859,0.655198812,0.004178808,0.999786198,0.461060584,0.658877969,-0.004122487,0.999869704,0.599915385,0.750716925,-0.326095581,0.995205998,0.414210975,0.77860254,-0.350990236,0.997092187,0.572416067,0.911979735,-0.063845232,0.989087164,0.427808702,0.928377688,-0.085402682,0.99684006,0.558125854,0.931155384,-0.044867977,0.961948395,0.436913162,0.946365356,-0.064920656,0.977110386,0.588745475,0.984990835,-0.177497953,0.976452708,0.415000379,0.989433944,-0.200055838,0.989568651
0,0.500156283,0.154936165,-0.417531967,0.999997139,0.506640196,0.134033412,-0.403259188,0.999995351,0.510280013,0.133428276,-0.403242171,0.999994338,0.514582992,0.133002073,-0.403321922,0.999993742,0.493596643,0.133880541,-0.40264073,0.999994814,0.488976806,0.133267313,-0.402701706,0.99999392,0.48475647,0.132544652,-0.402667582,0.999994397,0.520645142,0.137338385,-0.267141938,0.999990642,0.478355736,0.134835601,-0.265217006,0.999994159,0.507922888,0.172572464,-0.362649858,0.999997199,0.491605341,0.17123504,-0.362499952,0.999997675,0.555319905,0.232745588,-0.157732382,0.999982595,0.442478955,0.230677858,-0.161507621,0.999982059,0.597596169,0.356370002,-0.323175371,0.997559488,0.398917139,0.363267899,-0.314364403,0.998038411,0.58876282,0.226499826,-0.600199699,0.996522009,0.401127279,0.228047431,-0.598477781,0.996946573,0.585356951,0.195454508,-0.655722737,0.985678375,0.402372271,0.19593966,-0.65604341,0.988423645,0.580252647,0.187301472,-0.642996192,0.984200239,0.407964557,0.18844454,-0.645566881,0.987107098,0.5784899,0.197147861,-0.601775408,0.975087702,0.410204798,0.199831814,-0.601376891,0.980317056,0.529789329,0.525001049,0.004322873,0.99973917,0.467938989,0.531763673,-0.004449892,0.999778748,0.553404808,0.732148647,-0.000478991,0.996963561,0.45154348,0.74952358,-0.01959626,0.997466147,0.571205854,0.915770531,0.251298189,0.994045198,0.432142168,0.922729075,0.21227622,0.994057,0.564005435,0.939900517,0.269700378,0.918725669,0.434293419,0.940339148,0.229273677,0.883433223,0.585252643,0.986334801,0.133680254,0.989293873,0.424541056,0.990327895,0.089316919,0.987309754
1,0.504936397,0.390371203,-0.561946988,0.999999225,0.509938598,0.368350595,-0.543105006,0.999998689,0.513220906,0.36788395,-0.543065727,0.999998569,0.51593411,0.367340684,-0.543209434,0.999997854,0.497667402,0.368608147,-0.544661701,0.99999845,0.492099524,0.368153095,-0.544781804,0.99999851,0.487328202,0.367741317,-0.544779301,0.999998033,0.518569589,0.369778186,-0.404316664,0.999998391,0.478455454,0.368864894,-0.412505239,0.999998987,0.509656429,0.40905109,-0.507903576,0.999999166,0.495411456,0.410531372,-0.510568023,0.999999344,0.54766202,0.453998834,-0.291560411,0.999965966,0.439217567,0.45690614,-0.30157426,0.999972165,0.59128046,0.574112654,-0.478898138,0.997551858,0.393529832,0.582894623,-0.482944191,0.998229086,0.58417356,0.45108676,-0.735993266,0.996179819,0.401174396,0.455370545,-0.736314237,0.997011244,0.578411877,0.421014369,-0.783517838,0.985104084,0.40190357,0.425007939,-0.783255875,0.988045633,0.574209809,0.413100779,-0.754227042,0.980444133,0.407749087,0.419160962,-0.763493598,0.983537197,0.572915554,0.423217565,-0.729471445,0.954252064,0.410169661,0.428548694,-0.733673453,0.964023829,0.522955596,0.657069504,0.005562624,0.999739707,0.457394212,0.660690367,-0.005675112,0.999816179,0.593144059,0.74983412,-0.38427043,0.997000635,0.4133977,0.777320683,-0.380870968,0.997240484,0.571230829,0.913250983,-0.068792477,0.993597448,0.427539438,0.92598325,-0.078973636,0.998109758,0.556809306,0.933995664,-0.045248285,0.969080269,0.436349243,0.944772422,-0.056444008,0.977527797,0.587463498,0.982005239,-0.181374744,0.985254765,0.413962305,0.987232447,-0.200296044,0.992601573
0,0.50303179,0.131096125,-0.41337052,0.999997556,0.50897944,0.110939629,-0.395928711,0.999996126,0.512347758,0.11081896,-0.39591974,0.999995112,0.516662717,0.111071937,-0.395991325,0.999994874,0.495550454,0.112155862,-0.396101683,0.999995708,0.490778208,0.112601638,-0.396161258,0.999995112,0.486492723,0.113061525,-0.39612931,0.999995589,0.521628797,0.119718149,-0.250597537,0.999991655,0.479512453,0.120676912,-0.257153898,0.999994338,0.509706378,0.153128266,-0.357135862,0.999997437,0.494086325,0.152502805,-0.35889098,0.999997854,0.554907441,0.23123686,-0.143439829,0.999967337,0.44349438,0.23045072,-0.154005736,0.999966145,0.597954988,0.357777745,-0.306425512,0.997638404,0.400020778,0.366223305,-0.303472698,0.997413218,0.589102745,0.227092475,-0.586660922,0.99712193,0.400639713,0.230362236,-0.58968842,0.997221529,0.583667636,0.195820808,-0.642464519,0.988197744,0.402750432,0.201045975,-0.646610022,0.990348935,0.579038501,0.187388375,-0.629226685,0.986944199,0.408196986,0.191579372,-0.638102651,0.989434302,0.57764411,0.198510811,-0.588070333,0.979501963,0.409978479,0.202316687,-0.5928756,0.983913362,0.531911492,0.518449008,0.004282259,0.999617815,0.468667328,0.522891343,-0.004411169,0.999673665,0.554172397,0.731886387,0.009123039,0.996382058,0.451949686,0.747382522,-0.017073931,0.996599555,0.571437299,0.916222274,0.238525316,0.992222905,0.433380753,0.926861763,0.184561402,0.99272722,0.564477503,0.940501153,0.254372358,0.891624451,0.436233222,0.944618464,0.198063716,0.856815875,0.587224305,0.985722244,0.114853382,0.987292647,0.424827814,0.994622111,0.049556829,0.984950244
1,0.511964381,0.398756862,-0.609341025,0.999999344,0.516985893,0.375593871,-0.589013398,0.999998748,0.51997745,0.374810636,-0.588980496,0.999998748,0.523294568,0.373947442,-0.589136004,0.999998033,0.505301416,0.376014233,-0.591127574,0.999998391,0.499980927,0.375337988,-0.591255307,0.999998569,0.494723886,0.374790519,-0.591249347,0.999997973,0.525559247,0.37544319,-0.441298485,0.999998689,0.483940363,0.375464976,-0.451289892,0.999999166,0.516231239,0.417402238,-0.551930606,0.999999285,0.502828479,0.418268532,-0.555202603,0.999999464,0.554546416,0.460467279,-0.316956192,0.999972224,0.445987403,0.463978797,-0.324671894,0.999968529,0.596074104,0.578111112,-0.510389924,0.997944653,0.400865883,0.588222861,-0.511181295,0.998360217,0.593330264,0.461548448,-0.788446486,0.996773958,0.407822192,0.462511539,-0.787656426,0.997098267,0.589168251,0.429221272,-0.840522647,0.987781167,0.408675432,0.432552963,-0.838743031,0.988865197,0.584429801,0.419869989,-0.814662158,0.984032094,0.414564669,0.425727963,-0.821075618,0.984741926,0.582333982,0.429988176,-0.784058988,0.961347461,0.41690588,0.435279578,-0.78652215,0.966114044,0.527165353,0.656137228,0.004223143,0.999711812,0.462451458,0.656659842,-0.004261166,0.999797165,0.595988691,0.745554805,-0.392574161,0.996622026,0.416845709,0.765524387,-0.390805602,0.997161984,0.571762502,0.911226988,-0.080334932,0.992347479,0.427042723,0.926789105,-0.097160399,0.997686327,0.557634175,0.9307338,-0.058372416,0.964148283,0.436370522,0.946291864,-0.07689137,0.97491914,0.585368812,0.981212199,-0.204071909,0.98165673,0.413024187,0.990950882,-0.231536061,0.990629673
0,0.504000783,0.126346111,-0.426180452,0.999997377,0.509882212,0.105524413,-0.408172041,0.999995589,0.513272345,0.105644003,-0.408159167,0.999994397,0.517549872,0.106020302,-0.408232778,0.99999392,0.496735424,0.106225207,-0.40927276,0.99999553,0.491751015,0.106649719,-0.409341395,0.999994934,0.487390101,0.107068285,-0.409308344,0.99999547,0.522623479,0.114668161,-0.264236838,0.999989331,0.480186045,0.114987731,-0.271026075,0.999994457,0.510423899,0.148976415,-0.369867414,0.999996781,0.494450271,0.148159802,-0.3722049,0.999997556,0.556855202,0.228427291,-0.156119421,0.999957919,0.442919672,0.224831924,-0.16890499,0.999972522,0.599052072,0.355790466,-0.332608402,0.997616053,0.398572415,0.360401362,-0.328310698,0.997703373,0.588568747,0.221618906,-0.618450582,0.99690944,0.400371015,0.224395096,-0.619921088,0.997276306,0.58369863,0.191350952,-0.67656064,0.987034023,0.402403742,0.193877816,-0.679286122,0.990214288,0.578940511,0.183667928,-0.659990668,0.985755444,0.40760693,0.183782041,-0.669177353,0.989207149,0.5777601,0.194349825,-0.618973196,0.977359176,0.409433186,0.194557503,-0.622766614,0.98339361,0.531704724,0.521542966,0.005633238,0.999654233,0.468347877,0.526041389,-0.005762623,0.99976629,0.553915381,0.733064413,0.023209339,0.996523678,0.452557653,0.745229006,-0.02225046,0.9973014,0.572187185,0.917950273,0.278699994,0.994051158,0.434152752,0.924882412,0.197366863,0.995393038,0.564547896,0.94285959,0.296892494,0.923915684,0.438042104,0.943323851,0.212313205,0.895623505,0.590154409,0.988073587,0.157651946,0.990254402,0.422853142,0.993093789,0.059486944,0.990404248
1,0.503864169,0.39716351,-0.606263578,0.999999523,0.508741498,0.375482291,-0.58671993,0.999999106,0.511904359,0.374960124,-0.586680889,0.999998927,0.515185237,0.374388814,-0.586830735,0.999998212,0.496861219,0.375369251,-0.589302838,0.999998868,0.49139896,0.374542266,-0.589426875,0.999998927,0.48612079,0.373862594,-0.589409769,0.99999851,0.51758635,0.375534773,-0.437374264,0.999998748,0.476039261,0.374699652,-0.451176405,0.999999344,0.508527637,0.415803701,-0.547850013,0.999999344,0.49437204,0.416717142,-0.552160621,0.999999523,0.544877529,0.458275437,-0.311609834,0.999975562,0.436626852,0.461945891,-0.321159691,0.999982417,0.587400675,0.57811439,-0.506200671,0.99744004,0.389578134,0.583995402,-0.509340405,0.998773456,0.582174718,0.457087964,-0.793013334,0.996041954,0.399213642,0.461018711,-0.784439385,0.997134268,0.578246951,0.426386058,-0.846016705,0.984993577,0.399741679,0.431410223,-0.835315228,0.987862468,0.572833121,0.419228613,-0.819351554,0.980269074,0.405727684,0.424583256,-0.816216171,0.983072221,0.571189761,0.428799689,-0.788664162,0.951022804,0.408050686,0.433875352,-0.782029033,0.961770058,0.523355246,0.652386248,0.005906705,0.999775767,0.457588017,0.657383204,-0.005961886,0.999838829,0.595950007,0.742740035,-0.392159402,0.99609983,0.414587498,0.767760277,-0.418303639,0.99710995,0.572167993,0.910564244,-0.101326764,0.992545664,0.427629411,0.926265657,-0.122577384,0.997617543,0.558037102,0.931997776,-0.08132495,0.9657408,0.43668133,0.943701267,-0.101367071,0.975274086,0.58719629,0.982062459,-0.230330586,0.982707858,0.41677323,0.987208366,-0.254746377,0.990786433
0,0.503237605,0.137440383,-0.416820228,0.999998331,0.508683085,0.117328614,-0.399079651,0.999997556,0.512660861,0.117473885,-0.399066955,0.999996781,0.515986502,0.117648803,-0.399142057,0.999996722,0.496593773,0.116165467,-0.401391834,0.999997258,0.491193116,0.115420669,-0.401449144,0.999996662,0.4864223,0.115166716,-0.40140897,0.999997079,0.520316422,0.124616742,-0.251845896,0.999995291,0.478325933,0.120998986,-0.264808774,0.99999696,0.509143472,0.159236044,-0.358810246,0.99999851,0.494442135,0.157020107,-0.362841547,0.999998748,0.551854074,0.229783475,-0.142000869,0.999984503,0.439087331,0.227912098,-0.158264354,0.999982417,0.591938913,0.356324732,-0.309478343,0.99735409,0.392169565,0.361520976,-0.315316468,0.998198867,0.585828006,0.229093418,-0.604169726,0.996880889,0.395284712,0.227999032,-0.610012531,0.99764508,0.581302285,0.197999105,-0.664253116,0.987557948,0.397318602,0.197587252,-0.669731736,0.991095662,0.576934159,0.188964888,-0.651599824,0.986088157,0.402358681,0.188074261,-0.659943879,0.989947915,0.575519204,0.199783027,-0.606410444,0.977198482,0.404105961,0.197286457,-0.612611055,0.983792603,0.526446939,0.517537236,0.006253442,0.999832213,0.461338222,0.52283442,-0.006405379,0.999838471,0.556674778,0.730935693,-0.016519759,0.997721016,0.446451277,0.750687003,-0.040052898,0.997814715,0.571843386,0.916148067,0.247378632,0.994716227,0.431664795,0.925337791,0.197580948,0.994433641,0.563790083,0.939885259,0.266899467,0.928646445,0.437447965,0.942917824,0.216340035,0.900971949,0.58902818,0.984926164,0.128881291,0.990546882,0.420540154,0.994789362,0.070971884,0.987699032
1,0.498613983,0.454320401,-0.611580551,0.999996066,0.506157398,0.434231997,-0.606351733,0.999993801,0.510021985,0.43208155,-0.606292367,0.999993384,0.513734996,0.429469645,-0.606480896,0.999989986,0.492946059,0.432393819,-0.605330408,0.999992609,0.488001168,0.429326028,-0.605436385,0.999992311,0.483272463,0.425933808,-0.605413318,0.999991775,0.518420815,0.413629144,-0.4787817,0.99999392,0.474326998,0.410349786,-0.473938406,0.999997377,0.505124927,0.463600188,-0.554882288,0.999995291,0.489301831,0.463145882,-0.553914726,0.999997318,0.549356282,0.460958004,-0.314094007,0.999968171,0.43763572,0.465989143,-0.315679997,0.99998492,0.592155099,0.576055825,-0.438173443,0.996256292,0.391757786,0.587581575,-0.399805397,0.998833299,0.586816609,0.458271503,-0.665059805,0.992761552,0.399043322,0.469912946,-0.583528101,0.997203648,0.583407044,0.426693439,-0.710396647,0.972524881,0.399704039,0.439035535,-0.619137526,0.986499846,0.578061938,0.417831004,-0.694405973,0.966628909,0.405170351,0.432075322,-0.608181059,0.982574403,0.575729191,0.427585602,-0.663658202,0.932503819,0.407202333,0.441952586,-0.581061721,0.965452611,0.525448859,0.655198812,0.004178808,0.999786198,0.461060584,0.658877969,-0.004122487,0.999869704,0.599915385,0.750716925,-0.326095581,0.995205998,0.414210975,0.77860254,-0.350990236,0.997092187,0.572416067,0.911979735,-0.063845232,0.989087164,0.427808702,0.928377688,-0.085402682,0.99684006,0.558125854,0.931155384,-0.044867977,0.961948395,0.436913162,0.946365356,-0.064920656,0.977110386,0.588745475,0.984990835,-0.177497953,0.976452708,0.415000379,0.989433944,-0.200055838,0.989568651
0,0.501053751,0.161742955,-0.429965496,0.999997258,0.507253468,0.140781462,-0.417030334,0.999995589,0.511203825,0.140031353,-0.417018324,0.999994516,0.515363216,0.139340654,-0.417109668,0.99999398,0.494579643,0.139749005,-0.4179627,0.999995053,0.489653051,0.137987003,-0.418024302,0.999994159,0.485454381,0.136554062,-0.417988122,0.999994636,0.52076447,0.139689803,-0.27754727,0.999991119,0.478361189,0.136025444,-0.282843888,0.999994636,0.508289993,0.179325655,-0.372409791,0.999997258,0.492361724,0.177391559,-0.374323428,0.999997675,0.555277944,0.232167691,-0.158908859,0.999984086,0.44244343,0.230357572,-0.170959175,0.999983728,0.59760201,0.35707736,-0.322511286,0.997493088,0.398925126,0.363228649,-0.321016252,0.998064876,0.588779151,0.226316035,-0.601990402,0.996353924,0.400950193,0.227854043,-0.601748586,0.996880233,0.585283399,0.194787323,-0.657327116,0.984834433,0.402205884,0.195591733,-0.657793522,0.988011837,0.5802387,0.186574951,-0.644379973,0.983232796,0.407821715,0.18815273,-0.647075891,0.986615121,0.578499496,0.196739152,-0.603503406,0.973500729,0.410148948,0.199580401,-0.603806257,0.979407251,0.529924095,0.523020744,0.004697273,0.999735415,0.468456179,0.530842304,-0.004810909,0.999773979,0.553464174,0.731094599,-0.006345402,0.996823072,0.451594502,0.749167621,-0.028379694,0.997415483,0.571197689,0.915865779,0.240234256,0.99385196,0.432161391,0.924377859,0.199093759,0.994030237,0.563766062,0.940030396,0.258405179,0.922620595,0.433714062,0.942273974,0.21590817,0.886484802,0.585829735,0.986477852,0.124357603,0.989028692,0.424120128,0.991155386,0.076355159,0.987157643
1,0.504847169,0.390035003,-0.578262627,0.999999106,0.509729922,0.368012488,-0.559138179,0.99999851,0.513001621,0.367534906,-0.559094071,0.999998391,0.515752017,0.366984427,-0.559237599,0.999997556,0.497616291,0.368209213,-0.560163915,0.999998212,0.492103517,0.367763013,-0.560287774,0.999998331,0.487324864,0.367395371,-0.560285449,0.999997735,0.518404663,0.369497985,-0.418721288,0.999998152,0.478389502,0.368697643,-0.424286216,0.999998868,0.509417117,0.40879932,-0.523670554,0.999999046,0.4953354,0.410222173,-0.525571465,0.999999225,0.547930419,0.453954577,-0.30255273,0.999963939,0.439241111,0.457487315,-0.31250602,0.999969244,0.591017663,0.574185252,-0.494123757,0.997568965,0.393256038,0.583357871,-0.499105453,0.998235166,0.58361268,0.450598896,-0.752063334,0.996351004,0.40060854,0.456112415,-0.753184617,0.997060478,0.577598274,0.420819342,-0.79956758,0.985563099,0.401703745,0.425683051,-0.800360501,0.988000154,0.573447049,0.412959844,-0.769072235,0.980978489,0.407436788,0.419689298,-0.779137135,0.983362794,0.572308123,0.42317158,-0.745055556,0.95540452,0.409662873,0.429396152,-0.750012696,0.963539004,0.522298515,0.656783879,0.005707436,0.999725819,0.457146794,0.660212457,-0.005821163,0.999802053,0.593123794,0.749591053,-0.380717456,0.996876597,0.413603067,0.777296007,-0.383112788,0.997082353,0.571242452,0.913878381,-0.060034104,0.993206024,0.427050173,0.926424563,-0.077312708,0.997945547,0.556776881,0.934017241,-0.035728309,0.967538893,0.435677707,0.944551766,-0.053764127,0.975762784,0.587510824,0.982550144,-0.171326444,0.984280884,0.41497311,0.987784743,-0.198477238,0.991973102
0,0.503026605,0.128138855,-0.409681886,0.999997616,0.509339213,0.106790572,-0.391583979,0.999996424,0.512637377,0.106753625,-0.391573936,0.999995351,0.517123163,0.106875829,-0.391646683,0.999995232,0.495838702,0.107612401,-0.39241612,0.999996126,0.490887582,0.108266249,-0.392477691,0.99999547,0.486581236,0.109257452,-0.392441094,0.999995947,0.522341788,0.115055911,-0.246926755,0.999992609,0.479776323,0.117135651,-0.252233267,0.999995053,0.509830773,0.14926365,-0.353120029,0.999997795,0.49406153,0.149369597,-0.35511288,0.999998093,0.555999398,0.227427796,-0.139452621,0.999967694,0.444211632,0.225692734,-0.152766377,0.999968588,0.598514318,0.353743374,-0.316469938,0.997602761,0.400429666,0.360975057,-0.315262049,0.997589886,0.589351237,0.223392189,-0.605913103,0.996858597,0.401590288,0.22719866,-0.613096714,0.997402251,0.583633065,0.19357954,-0.664408326,0.987207115,0.403295577,0.196899921,-0.674041629,0.990869999,0.578968465,0.186080486,-0.648962379,0.985663891,0.408597171,0.187622324,-0.664004147,0.989885628,0.577827096,0.19625929,-0.606781006,0.977482259,0.410621941,0.197460771,-0.616095424,0.98447758,0.5305053,0.518113613,0.005248397,0.999709845,0.466826528,0.523151934,-0.005389968,0.999733686,0.554981887,0.732589185,0.007490091,0.99690038,0.44945541,0.747961938,-0.019552818,0.997104585,0.570809782,0.914540112,0.277116001,0.992552519,0.432981551,0.924713731,0.217353851,0.992930591,0.562988639,0.936562836,0.297219872,0.897925735,0.436582744,0.943017244,0.234289974,0.865593731,0.587147295,0.984531462,0.158173591,0.987352431,0.423124939,0.994402051,0.085652277,0.985001504
1,0.511964381,0.398756862,-0.609341025,0.999999344,0.516985893,0.375593871,-0.589013398,0.999998748,0.51997745,0.374810636,-0.588980496,0.999998748,0.523294568,0.373947442,-0.589136004,0.999998033,0.505301416,0.376014233,-0.591127574,0.999998391,0.499980927,0.375337988,-0.591255307,0.999998569,0.494723886,0.374790519,-0.591249347,0.999997973,0.525559247,0.37544319,-0.441298485,0.999998689,0.483940363,0.375464976,-0.451289892,0.999999166,0.516231239,0.417402238,-0.551930606,0.999999285,0.502828479,0.418268532,-0.555202603,0.999999464,0.554546416,0.460467279,-0.316956192,0.999972224,0.445987403,0.463978797,-0.324671894,0.999968529,0.596074104,0.578111112,-0.510389924,0.997944653,0.400865883,0.588222861,-0.511181295,0.998360217,0.593330264,0.461548448,-0.788446486,0.996773958,0.407822192,0.462511539,-0.787656426,0.997098267,0.589168251,0.429221272,-0.840522647,0.987781167,0.408675432,0.432552963,-0.838743031,0.988865197,0.584429801,0.419869989,-0.814662158,0.984032094,0.414564669,0.425727963,-0.821075618,0.984741926,0.582333982,0.429988176,-0.784058988,0.961347461,0.41690588,0.435279578,-0.78652215,0.966114044,0.527165353,0.656137228,0.004223143,0.999711812,0.462451458,0.656659842,-0.004261166,0.999797165,0.595988691,0.745554805,-0.392574161,0.996622026,0.416845709,0.765524387,-0.390805602,0.997161984,0.571762502,0.911226988,-0.080334932,0.992347479,0.427042723,0.926789105,-0.097160399,0.997686327,0.557634175,0.9307338,-0.058372416,0.964148283,0.436370522,0.946291864,-0.07689137,0.97491914,0.585368812,0.981212199,-0.204071909,0.98165673,0.413024187,0.990950882,-0.231536061,0.990629673
0,0.503387392,0.123582229,-0.419596106,0.999997377,0.50976938,0.103077643,-0.402166754,0.999995708,0.513070345,0.103290826,-0.402162462,0.999994576,0.517281353,0.103776045,-0.402231783,0.999994159,0.496074349,0.104618907,-0.402242124,0.99999547,0.491252422,0.105350822,-0.402307272,0.999994814,0.486782551,0.105940521,-0.402275145,0.999995351,0.522613645,0.112848714,-0.259586543,0.999990344,0.479860455,0.113920391,-0.261535615,0.999994218,0.51037401,0.146126732,-0.363631994,0.999996841,0.494016081,0.145429969,-0.364680052,0.999997556,0.556499124,0.226462811,-0.149441034,0.999961734,0.443237215,0.224175751,-0.159065321,0.999967694,0.598422766,0.353579223,-0.322367847,0.997505963,0.399106264,0.359084249,-0.31661123,0.997494042,0.589004874,0.221325681,-0.609188974,0.996976078,0.400295645,0.223706231,-0.610883594,0.997215867,0.584223747,0.190969333,-0.66606915,0.987557232,0.40222016,0.193663299,-0.670284986,0.990106225,0.579641998,0.183382288,-0.649444938,0.986322761,0.407226324,0.183887437,-0.660616517,0.989096403,0.578365326,0.193811059,-0.609321594,0.978181183,0.408890784,0.19418788,-0.613968015,0.983145118,0.53103745,0.519040525,0.005402888,0.999677718,0.467793941,0.521972477,-0.005527238,0.999745131,0.554113269,0.731943071,0.020229248,0.996585488,0.452252448,0.743416786,-0.020649452,0.997107983,0.571748316,0.919687808,0.265655488,0.993727744,0.434010804,0.924865067,0.192595646,0.994562268,0.564057529,0.944449425,0.282717675,0.917814791,0.437560976,0.943933129,0.206745744,0.887480617,0.58974874,0.988366365,0.141082868,0.989639342,0.422601759,0.991214752,0.052252553,0.988592148
1,0.503782928,0.39678666,-0.617627382,0.999999523,0.508538723,0.375058025,-0.597269714,0.999999106,0.511585712,0.374517649,-0.597239554,0.999998927,0.514891565,0.373935491,-0.597391725,0.999998212,0.496838272,0.37487784,-0.599776387,0.999998868,0.491402,0.374192268,-0.599903405,0.999998927,0.486110032,0.373538762,-0.599893153,0.99999851,0.517336905,0.375168025,-0.445318282,0.999998748,0.475889206,0.374401122,-0.458698273,0.999999344,0.508383214,0.415487379,-0.558324873,0.999999344,0.494343221,0.416338742,-0.562550724,0.999999523,0.544711709,0.458081573,-0.317605913,0.999975741,0.436301708,0.461885065,-0.328198135,0.999983013,0.58733958,0.578449249,-0.518029153,0.997454882,0.389453351,0.583881021,-0.521149755,0.998848498,0.582718611,0.456871748,-0.808961034,0.99608022,0.39892,0.461491704,-0.800104618,0.99719882,0.57812798,0.426327944,-0.862337768,0.985153198,0.399673998,0.431583077,-0.851131618,0.987979889,0.572774589,0.418913573,-0.835530281,0.980334818,0.405579388,0.425140887,-0.830139279,0.983072162,0.571352839,0.42848599,-0.804449081,0.95081991,0.407878071,0.434441805,-0.797099948,0.961233318,0.522771776,0.652582943,0.006281174,0.999772251,0.456780285,0.657234192,-0.006328803,0.999835253,0.595812976,0.742638707,-0.396299124,0.995863736,0.414708316,0.767612517,-0.42584148,0.996950746,0.571956575,0.910548329,-0.10281346,0.991972327,0.427599132,0.926687777,-0.127885967,0.997396946,0.557899475,0.932172418,-0.082626946,0.964661777,0.436397165,0.943748713,-0.106569268,0.973059058,0.587132752,0.981891215,-0.233574718,0.98162061,0.417222917,0.987959743,-0.263505131,0.989955723
1,0.326149255,0.428088874,-0.327022642,0.999778032,0.325999081,0.406302184,-0.341368765,0.999850273,0.327843726,0.402806699,-0.341344684,0.999856949,0.329727829,0.398917854,-0.341468841,0.999869645,0.323013753,0.411590487,-0.310454488,0.99979496,0.322735071,0.411712766,-0.310535103,0.99977988,0.322226137,0.41078952,-0.310539573,0.999767661,0.346373767,0.385246158,-0.348192513,0.999834061,0.336677581,0.394855231,-0.209305719,0.999797702,0.34129855,0.43288675,-0.325413525,0.999819815,0.335726321,0.43765831,-0.2850703,0.999527812,0.393711746,0.477997154,-0.331947029,0.999757111,0.366402507,0.442188531,-0.082868829,0.997926176,0.445443571,0.556904018,-0.263487697,0.528876305,0.41525045,0.503245115,0.075875111,0.028412865,0.473042637,0.582901835,-0.13904123,0.243957907,0.436879247,0.539250195,0.184490174,0.036481258,0.481866747,0.586468995,-0.144924775,0.255502164,0.443977177,0.552753568,0.210442856,0.055183686,0.478704125,0.581522822,-0.157137439,0.262538612,0.443089813,0.552169383,0.190746561,0.057799261,0.475701272,0.580094934,-0.140200272,0.231029838,0.441608995,0.547248602,0.180246234,0.064926259,0.476761192,0.636630356,-0.093142532,0.999957204,0.435007244,0.602039874,0.093335964,0.999723792,0.420920044,0.756638825,-0.306405395,0.99123311,0.357571423,0.688262999,0.114307605,0.794956684,0.450608641,0.913291097,-0.175018772,0.994816661,0.398786008,0.826914787,0.347151697,0.805430293,0.464305729,0.942581236,-0.163760528,0.973334908,0.413388193,0.850144804,0.36811325,0.769945979,0.410755217,0.970267177,-0.250148088,0.99273634,0.360341966,0.880693138,0.346089065,0.853274524
0,0.356367737,0.184491307,-0.314622462,0.99978137,0.361641675,0.163761884,-0.318324268,0.999859631,0.364532888,0.163282245,-0.318384945,0.999903798,0.36790818,0.163034052,-0.318486243,0.999876261,0.357205331,0.164509758,-0.2911641,0.999702156,0.35676232,0.164448515,-0.291143388,0.999702573,0.35631004,0.164420471,-0.291197479,0.999665618,0.385951251,0.169605494,-0.272296488,0.999789178,0.369128764,0.17057167,-0.150661096,0.999719381,0.365630686,0.202866808,-0.294907451,0.999778211,0.359306455,0.202657312,-0.259811521,0.99940598,0.416708946,0.259958863,-0.260027677,0.99985981,0.37613076,0.263394237,0.012097692,0.995213926,0.452531576,0.379047692,-0.469522804,0.94373101,0.365817577,0.293267131,0.233796358,0.077123053,0.432967126,0.280742526,-0.692742884,0.916465461,0.355422676,0.222920954,0.374629825,0.237969756,0.43221274,0.249312207,-0.740170956,0.883073092,0.35211727,0.205981717,0.402575344,0.263126582,0.434034109,0.245293081,-0.730944276,0.880562007,0.354074359,0.202580556,0.38954252,0.263368487,0.429954439,0.251538247,-0.694426179,0.792956889,0.354672492,0.2098241,0.372964352,0.263917416,0.445962667,0.517837167,-0.10762006,0.999922097,0.409922183,0.521873534,0.107803807,0.999518573,0.435311466,0.721338749,-0.110056557,0.995769024,0.388483584,0.678545058,0.269109011,0.919579268,0.455387503,0.908743024,-0.070165262,0.998276353,0.406111568,0.837162614,0.514844298,0.94285965,0.468350828,0.945207894,-0.071633808,0.984068453,0.415821731,0.866051912,0.533468366,0.89929235,0.414309204,0.969621956,-0.202298254,0.997138917,0.361673892,0.885660052,0.46484381,0.962667227
1,0.347077608,0.38475731,-0.324752688,0.999787748,0.349261075,0.366802484,-0.340035558,0.999840736,0.351405919,0.365895927,-0.340014368,0.999873638,0.353802025,0.364157438,-0.340136468,0.999874353,0.345711261,0.366759926,-0.308119237,0.999729931,0.345435143,0.366160631,-0.30819574,0.999757588,0.345158309,0.36520496,-0.308238,0.999739408,0.370565981,0.364957005,-0.355556458,0.999860108,0.360116154,0.366651058,-0.21207127,0.999765098,0.35753575,0.398235291,-0.327152163,0.999871373,0.353782386,0.398741454,-0.285643339,0.999595523,0.410353094,0.466440409,-0.344276845,0.999859333,0.374753296,0.431876004,-0.090469904,0.99708271,0.459833622,0.560324788,-0.280801654,0.760646045,0.424889565,0.515304029,0.044916023,0.06107267,0.473052591,0.603726268,-0.156587437,0.286676526,0.443197161,0.554228902,0.11718218,0.063224621,0.47846809,0.611708462,-0.163639262,0.253520399,0.449003279,0.566940248,0.134669185,0.080943391,0.476311862,0.607426047,-0.175806612,0.253477216,0.4481031,0.566112578,0.112813607,0.083545737,0.47355181,0.604468465,-0.157260433,0.209271297,0.44710651,0.560492218,0.110852279,0.09255828,0.479957193,0.637305677,-0.097451173,0.999938488,0.437992275,0.604239821,0.097742565,0.999726713,0.42388472,0.751689732,-0.286269724,0.996203601,0.360272855,0.691493273,0.107783392,0.904231787,0.452329963,0.91578573,-0.162812144,0.998289406,0.399799943,0.834098041,0.346336216,0.906702936,0.465277374,0.941807568,-0.153013438,0.984579146,0.410179555,0.855286479,0.367025435,0.871132851,0.413424671,0.968697429,-0.25363189,0.997043312,0.355798185,0.878787577,0.335472316,0.932509422
0,0.351604313,0.165897444,-0.220175311,0.999886811,0.356962502,0.142837256,-0.221638292,0.999924302,0.359405875,0.142072618,-0.221721724,0.999949336,0.361897171,0.141527891,-0.221840546,0.999933124,0.353003591,0.143456057,-0.199628845,0.999841511,0.35258171,0.143224686,-0.199570537,0.999823928,0.352106899,0.143131331,-0.19955568,0.999769568,0.378159881,0.14548412,-0.20052214,0.999914765,0.363380432,0.147642478,-0.078346141,0.999835193,0.359921694,0.180761248,-0.200454623,0.999883115,0.354673803,0.180501431,-0.172037333,0.999704659,0.414566755,0.236141145,-0.203812167,0.999912977,0.373858035,0.250867486,0.055314481,0.996395886,0.448715627,0.361492544,-0.382900268,0.9680444,0.35466063,0.267516464,0.232869238,0.11869204,0.434848636,0.248175621,-0.55975306,0.954658985,0.349619448,0.172486529,0.337030113,0.344928771,0.439650863,0.216913208,-0.59920913,0.931691647,0.346204907,0.145099938,0.35288316,0.36370942,0.437268108,0.208719,-0.597294629,0.930520535,0.351725787,0.145749331,0.343744278,0.362156183,0.433066607,0.218863994,-0.562308192,0.884764791,0.352542251,0.153827921,0.334100842,0.343676925,0.422032177,0.514751911,-0.098624617,0.999898911,0.391691267,0.519185066,0.098816231,0.999472618,0.435380757,0.714473069,-0.088114701,0.99271071,0.397243142,0.689341426,0.25225383,0.900732338,0.454213142,0.90850389,-0.06651023,0.997368455,0.406830847,0.844764709,0.452617943,0.942712426,0.467705965,0.945163786,-0.070131481,0.980593979,0.412365526,0.867021263,0.466787517,0.885098755,0.409284264,0.967453182,-0.201968029,0.99692589,0.361733198,0.892154932,0.403019965,0.971156478
1,0.349738181,0.387969851,-0.329335183,0.999949157,0.352884382,0.365518451,-0.324154317,0.999967039,0.356585354,0.362946451,-0.324134171,0.999976337,0.360653132,0.360153705,-0.324205935,0.999968231,0.347190082,0.368814498,-0.302968234,0.999921739,0.346294969,0.369047463,-0.302974612,0.999919772,0.345291555,0.369096756,-0.302879751,0.999899983,0.380424976,0.362587303,-0.257954776,0.999971032,0.356142819,0.369388372,-0.162647679,0.999925971,0.361314595,0.401498705,-0.303875476,0.99995327,0.353792101,0.403281629,-0.276136458,0.999793231,0.415553272,0.445528448,-0.240377665,0.999934793,0.365439981,0.435651302,-0.004083905,0.992008507,0.45823884,0.521631002,-0.424110413,0.936502337,0.324466407,0.414033204,0.251256853,0.078442194,0.42903319,0.457048386,-0.61741513,0.880711794,0.310712397,0.37283504,0.466555655,0.25602749,0.430957168,0.437992007,-0.655091524,0.83103466,0.300818056,0.367688328,0.508054495,0.295548379,0.428525448,0.430597693,-0.650870383,0.828830898,0.308519542,0.372931212,0.498862654,0.285292029,0.424988508,0.435626358,-0.620430589,0.749776065,0.312657058,0.376698643,0.468748003,0.296947509,0.468552977,0.63368541,-0.081819773,0.999952257,0.429194599,0.623521149,0.082098275,0.999756575,0.428997278,0.749178648,-0.378907889,0.997579336,0.359331995,0.695275605,-0.093972377,0.97310096,0.450775146,0.914894879,-0.343445301,0.99902904,0.401087105,0.841263354,0.03786432,0.973128915,0.464294523,0.941522241,-0.343970567,0.99374795,0.41206646,0.862616301,0.044183966,0.959711611,0.413595974,0.968464553,-0.466447026,0.998653829,0.359888762,0.886860549,-0.02883723,0.978893876
1,0.32652849,0.430185497,-0.186303511,0.999478161,0.326240987,0.409863234,-0.203454211,0.999640644,0.327871889,0.407366216,-0.203446716,0.999668419,0.329514474,0.404602349,-0.203498915,0.999688029,0.324376136,0.411115676,-0.169273183,0.999504328,0.324500144,0.40978694,-0.169447646,0.999469519,0.324259698,0.408156276,-0.169554338,0.999446392,0.346555829,0.391954511,-0.270389616,0.999613702,0.339867622,0.393133372,-0.126702592,0.999567866,0.340856433,0.436850965,-0.202833652,0.999568284,0.33738026,0.438981086,-0.160810798,0.998876095,0.397223413,0.486355245,-0.292955518,0.999491155,0.366090983,0.426434189,-0.038550697,0.996263325,0.451742649,0.560086012,-0.2716555,0.531001449,0.388320267,0.416029871,0.152550489,0.053001933,0.480981678,0.58442986,-0.163964882,0.180402085,0.374763876,0.38835305,0.350279987,0.077108115,0.491407007,0.587952971,-0.174230158,0.1878995,0.371660322,0.379381508,0.383560479,0.111997373,0.488445938,0.584181011,-0.187418193,0.191264495,0.373109847,0.381075501,0.372050107,0.117823362,0.484261125,0.582615793,-0.16713509,0.16169256,0.374296606,0.387473345,0.350172728,0.130599976,0.477305263,0.636827409,-0.099541634,0.999917686,0.437850803,0.600761175,0.099728942,0.99967885,0.420478344,0.757773936,-0.191478819,0.990389526,0.356393278,0.691783309,0.177432925,0.825278044,0.450991571,0.914069116,-0.083300121,0.995038986,0.399059415,0.826131284,0.389297664,0.798334718,0.465743452,0.941538751,-0.07166484,0.974873006,0.412640482,0.847097754,0.409354836,0.768647552,0.412585407,0.970368385,-0.131234214,0.993374288,0.360213876,0.883782625,0.408189923,0.860019207
0,0.350836098,0.188972414,-0.256334722,0.999600947,0.354316771,0.166743502,-0.261237472,0.999617875,0.357086539,0.165448457,-0.261312574,0.999702156,0.360182315,0.163796574,-0.261419863,0.999659538,0.349149078,0.168298304,-0.235082358,0.999456167,0.348162681,0.168252081,-0.235038877,0.999338031,0.347294301,0.167904273,-0.235070899,0.999120414,0.375987768,0.162094891,-0.210896105,0.999665141,0.357069761,0.166853294,-0.090979397,0.99933064,0.360304058,0.204167202,-0.23261869,0.999624074,0.353575468,0.206368342,-0.19821845,0.999188721,0.417432964,0.242455825,-0.191841289,0.999884546,0.376100242,0.260200649,0.071407624,0.998062909,0.45135814,0.364960909,-0.379178226,0.93377465,0.362940431,0.348313659,0.242427513,0.048868172,0.433380991,0.273533136,-0.579746366,0.824585497,0.353217393,0.350010544,0.292298645,0.101881765,0.436056614,0.239603341,-0.623690248,0.798388183,0.349432826,0.355431885,0.307882309,0.12991178,0.436303437,0.225812703,-0.61715275,0.793252885,0.349993885,0.348865777,0.283772081,0.135698169,0.431376934,0.239012003,-0.581158519,0.709620535,0.351386338,0.349056512,0.283205807,0.132604837,0.421126068,0.513891578,-0.101203129,0.99984175,0.395092189,0.517531395,0.101381555,0.999084771,0.433171421,0.714435577,-0.118684426,0.99231118,0.399271905,0.68882215,0.220422626,0.897871971,0.455293596,0.909125209,-0.092688091,0.99749589,0.406836182,0.843990266,0.408536673,0.946384728,0.468746603,0.943778396,-0.097136639,0.97592622,0.413179219,0.86691761,0.421040207,0.900205195,0.410890341,0.971517205,-0.242593318,0.996496201,0.359292477,0.890393734,0.347397655,0.969858825
1,0.348518789,0.37844047,-0.316597819,0.999889612,0.351526678,0.358469814,-0.315634668,0.99993372,0.355089515,0.356745243,-0.315625131,0.999957919,0.359126866,0.354692131,-0.315706551,0.999941289,0.346085668,0.359254062,-0.29161945,0.999791503,0.345332682,0.358860612,-0.291631967,0.999795139,0.34456867,0.358268529,-0.291576594,0.999719501,0.38013649,0.359975427,-0.268136203,0.999931693,0.358096272,0.362983614,-0.159349218,0.99980104,0.359685123,0.393891394,-0.297868431,0.999899626,0.353587747,0.394300461,-0.266234994,0.999510705,0.414759785,0.450307876,-0.260847956,0.999858379,0.370758653,0.427655965,-0.017455136,0.987406611,0.452332437,0.547826052,-0.455939949,0.934439719,0.352726996,0.395485938,0.203822285,0.055670977,0.427312791,0.452091604,-0.636578739,0.935351908,0.33672753,0.321008056,0.40714699,0.207996383,0.424949974,0.429931641,-0.676870823,0.898368657,0.330162168,0.306869954,0.445286095,0.248700887,0.423370928,0.421100825,-0.667262852,0.896231949,0.335740626,0.313777566,0.438783497,0.235642701,0.423330694,0.42886886,-0.637249649,0.811157525,0.338383764,0.320022613,0.410410076,0.240139902,0.470042646,0.63529253,-0.08997383,0.999950171,0.433247238,0.620005131,0.090336561,0.999687552,0.421296746,0.754938662,-0.358631849,0.997580409,0.358996928,0.701368153,-0.037202083,0.961011827,0.450879186,0.917737663,-0.327658176,0.998675287,0.400631011,0.840457857,0.115630351,0.94808346,0.464552492,0.944231689,-0.327839464,0.991995811,0.412849844,0.860379696,0.125275478,0.925613105,0.413217068,0.96922195,-0.441638857,0.998045087,0.360525787,0.887499154,0.061631642,0.959727228
0,0.358675063,0.169603214,-0.171871349,0.999869168,0.362912834,0.149560958,-0.177553639,0.999862254,0.365353882,0.148955628,-0.177636907,0.999903202,0.368004471,0.148400798,-0.177731305,0.999890506,0.35920316,0.149904653,-0.152399689,0.999750912,0.358934015,0.149586961,-0.152325213,0.999701679,0.358695328,0.149380043,-0.152372912,0.99957633,0.384601295,0.151732475,-0.155062318,0.999883771,0.369901001,0.154135793,-0.035099577,0.999698341,0.367461354,0.186233789,-0.157967433,0.999871135,0.362610161,0.186007142,-0.124892727,0.999690533,0.426597923,0.238262177,-0.162532285,0.999934256,0.380150139,0.258131653,0.096692152,0.998336434,0.45500356,0.364663959,-0.330538034,0.976636827,0.379778475,0.372722089,0.189446822,0.072201841,0.439885676,0.248694167,-0.49950105,0.95588249,0.369702458,0.425156564,0.152318135,0.186426759,0.444071531,0.21719867,-0.541333377,0.938553631,0.366111785,0.442247182,0.152974844,0.220875338,0.441923052,0.207465157,-0.534794748,0.936120212,0.365123689,0.435735017,0.124876939,0.225443676,0.438658476,0.219099954,-0.500350475,0.897594035,0.367658585,0.430174053,0.138589859,0.211678609,0.422691971,0.512365401,-0.097330421,0.999879777,0.39272365,0.515384912,0.097440161,0.999338388,0.432627738,0.719040871,-0.105223522,0.99162823,0.395928323,0.687637031,0.207390741,0.893104911,0.455648899,0.913802505,-0.073041119,0.996409893,0.406986177,0.844135523,0.381766498,0.936762035,0.466902107,0.949210584,-0.076642439,0.970625699,0.412667125,0.865610778,0.393193007,0.884786308,0.409213454,0.965804875,-0.212501884,0.995227396,0.362429231,0.888937294,0.326650649,0.965202868
1,0.341526091,0.378830731,-0.339197874,0.99989742,0.343634009,0.359323978,-0.352064788,0.999925852,0.345706344,0.357502878,-0.352021664,0.999938428,0.347680241,0.35541299,-0.352150679,0.999939442,0.340329051,0.36225909,-0.323923886,0.999875128,0.340155154,0.362474233,-0.324029386,0.999886215,0.339863122,0.362461805,-0.324005753,0.999872506,0.363753527,0.356252789,-0.349357069,0.999932945,0.352597743,0.364388734,-0.224190563,0.999873579,0.353250146,0.393557519,-0.334484428,0.999929547,0.34897086,0.397266924,-0.297929108,0.999777615,0.40687862,0.454334557,-0.323421001,0.999884248,0.366411209,0.423589796,-0.084230989,0.996975839,0.452651113,0.534323096,-0.28113091,0.726624966,0.358858556,0.434209704,0.138790295,0.036616266,0.468770593,0.571941614,-0.197901785,0.270058602,0.348625422,0.367110819,0.306224853,0.04109899,0.477707565,0.580129743,-0.214708447,0.238694608,0.345645428,0.345241815,0.337835997,0.059609946,0.474581301,0.577566087,-0.233011812,0.238827303,0.348806679,0.34020555,0.323043257,0.061331462,0.47072798,0.575006247,-0.202647179,0.204049662,0.350383997,0.347052068,0.305426329,0.069355078,0.478898436,0.630185366,-0.094030492,0.99995482,0.435509682,0.599291921,0.094398089,0.999752283,0.426650226,0.753102183,-0.312493414,0.995469511,0.360215724,0.692577422,0.0365812,0.886359751,0.4521451,0.913698137,-0.202593401,0.997401893,0.398453325,0.828442395,0.241088957,0.898206949,0.467112005,0.94268012,-0.194674283,0.980347931,0.412020981,0.851772368,0.25788343,0.857788384,0.414551735,0.971544206,-0.303295791,0.995788515,0.359363854,0.882988036,0.211446911,0.922617733
0,0.350413352,0.159969747,-0.254975021,0.999823868,0.35583964,0.137756094,-0.264099211,0.999888539,0.358383745,0.137138903,-0.264142662,0.999925852,0.360894769,0.136646286,-0.264210075,0.999894977,0.351538122,0.138475984,-0.235933587,0.999780178,0.351148993,0.138333783,-0.235915989,0.999792516,0.35073629,0.138205469,-0.235936925,0.999743342,0.379351258,0.142211184,-0.242295936,0.999837875,0.362836212,0.143507242,-0.116510376,0.999807477,0.359400928,0.176853463,-0.243756562,0.999807656,0.353597105,0.1768758,-0.207326099,0.9995507,0.414072573,0.235714853,-0.240967467,0.99985826,0.373424619,0.245943964,0.032544337,0.996114671,0.448668331,0.354902804,-0.45042792,0.947820306,0.366102636,0.314186066,0.241257593,0.062307902,0.434763372,0.251819193,-0.672626615,0.917836905,0.345415056,0.260917366,0.366837174,0.224395737,0.438577354,0.222220868,-0.719186664,0.878310502,0.339222461,0.246884808,0.392435908,0.247428879,0.436815888,0.214312851,-0.715864778,0.878096998,0.339413047,0.240315795,0.376324534,0.250874311,0.432635397,0.22444275,-0.676575541,0.805549145,0.341195941,0.246686026,0.362777919,0.24228698,0.426949024,0.508418322,-0.101229824,0.999877155,0.395349294,0.512263715,0.101322033,0.99927628,0.433857381,0.707858443,-0.064429328,0.991430283,0.397919834,0.687802076,0.261615247,0.878082871,0.454635531,0.906313062,-0.015859652,0.997234404,0.408988863,0.843426347,0.465712637,0.937859178,0.467485726,0.942522407,-0.017034952,0.97876972,0.416395485,0.865534961,0.480021805,0.884540558,0.409082502,0.967471719,-0.144976154,0.996507943,0.365550816,0.890293121,0.415531218,0.96836549
1,0.349880844,0.388227791,-0.31904164,0.999932587,0.353154838,0.365674585,-0.313671112,0.9999547,0.357033432,0.363153964,-0.313651741,0.999966979,0.361276209,0.360430747,-0.313716322,0.999956131,0.34727177,0.368997395,-0.293070793,0.999898851,0.346307009,0.369271398,-0.293073207,0.999895692,0.345190763,0.369549632,-0.292978793,0.999870956,0.381022662,0.362999976,-0.247051448,0.999960065,0.355993658,0.369589031,-0.153734416,0.99989754,0.361380398,0.401681572,-0.292893946,0.999935269,0.353501856,0.40350765,-0.265727401,0.999719322,0.414714098,0.445757598,-0.227954865,0.999915242,0.366787791,0.435977817,0.001492847,0.990448952,0.457091898,0.520204782,-0.40571636,0.91568011,0.340265691,0.409302145,0.252123356,0.065291718,0.428926557,0.45746991,-0.5855726,0.827768207,0.314421654,0.364741266,0.462340772,0.225249827,0.428774506,0.440405995,-0.620243788,0.770460308,0.303875655,0.357607514,0.50113529,0.271334827,0.427221,0.432457596,-0.615314722,0.768424928,0.310541898,0.363815933,0.4921422,0.262469441,0.424976021,0.436422318,-0.587859154,0.682675421,0.315054387,0.368336856,0.463978142,0.271975249,0.468418062,0.635730624,-0.081945263,0.999947011,0.429923058,0.62408191,0.08220496,0.999736726,0.429407179,0.74891156,-0.374231875,0.997149944,0.35950321,0.695198476,-0.090587378,0.969694376,0.450974554,0.91482079,-0.345035553,0.998945534,0.401107699,0.840424418,0.038096897,0.969925225,0.464299291,0.940927744,-0.345872819,0.99324137,0.411879361,0.862325311,0.044261865,0.955754578,0.413628519,0.967768192,-0.466013432,0.998534858,0.359954238,0.886180699,-0.027709642,0.976671636
1,0.499872744,0.427709371,-0.73511827,0.999999046,0.506709099,0.405818015,-0.720442653,0.999998093,0.510712683,0.404562265,-0.72036612,0.999998152,0.514397919,0.403158575,-0.720529735,0.999996185,0.492798746,0.406169176,-0.717461884,0.999997556,0.488045216,0.40529272,-0.71759975,0.999997973,0.483833253,0.404064357,-0.71758163,0.999997318,0.520468354,0.396481156,-0.569545627,0.999998212,0.478249073,0.398380458,-0.556387722,0.999999106,0.507165909,0.441985548,-0.673987448,0.999999106,0.49162659,0.442214966,-0.670544088,0.999999285,0.554512858,0.471718848,-0.413441271,0.999978423,0.442431211,0.473414481,-0.40624541,0.999984324,0.602118373,0.587851822,-0.624010623,0.998000801,0.392297715,0.58802855,-0.606595099,0.999106288,0.587737024,0.464065731,-0.905474007,0.993079305,0.406624496,0.461254716,-0.880237579,0.996598303,0.580993414,0.433438778,-0.959138274,0.972721994,0.409445435,0.428101957,-0.933273315,0.984011471,0.574586749,0.425516158,-0.932789683,0.962569177,0.415409237,0.422213107,-0.908047497,0.976210713,0.573448718,0.43711409,-0.900907874,0.911206186,0.417763382,0.435457528,-0.875754058,0.947638214,0.529184222,0.657957315,0.001670701,0.999779642,0.463190377,0.65982461,-0.001752221,0.999832988,0.596210837,0.758225262,-0.416872025,0.994265139,0.409447342,0.778494716,-0.394327223,0.995252252,0.574456692,0.917870998,-0.0765789,0.987657845,0.427334458,0.923608065,-0.072123602,0.996698797,0.561990678,0.935585618,-0.052532237,0.945675433,0.436416239,0.942280173,-0.048927259,0.97490865,0.582083941,0.988802493,-0.215016767,0.972382545,0.412174046,0.98473084,-0.209825113,0.987643003
0,0.502740324,0.150747046,-0.438724756,0.999998093,0.50949049,0.128329739,-0.422033727,0.999997079,0.512925267,0.128059313,-0.421997845,0.999996305,0.516578913,0.128064975,-0.422078937,0.999996245,0.496161044,0.128911704,-0.422305733,0.99999702,0.491547912,0.128731251,-0.422365099,0.999996483,0.487337172,0.128278658,-0.422323376,0.999997079,0.522849917,0.135294884,-0.282883108,0.999994338,0.480702817,0.134009361,-0.284232825,0.999996305,0.51043427,0.171743333,-0.383561969,0.999998093,0.494529247,0.170479864,-0.3843427,0.999998271,0.555147111,0.23797743,-0.177653626,0.999975264,0.444715559,0.233347878,-0.180421025,0.99997282,0.604455829,0.359939486,-0.35422948,0.998747587,0.393951952,0.359032094,-0.34816283,0.998428464,0.591009021,0.228135526,-0.625743985,0.99683547,0.404602587,0.219186172,-0.638636947,0.997250795,0.584071517,0.197021693,-0.68184042,0.984949827,0.410165936,0.190282032,-0.699024141,0.98874861,0.578873754,0.190323725,-0.663335681,0.982835174,0.415793985,0.18430905,-0.684531391,0.986921668,0.578142762,0.200836778,-0.624966502,0.972095668,0.416169733,0.194778532,-0.640049756,0.979768038,0.531052351,0.52743274,-0.000338635,0.999666214,0.466776699,0.530024409,0.000158404,0.999717712,0.55341059,0.734733224,-0.011113828,0.996747375,0.449820936,0.748067975,-0.016046844,0.996324301,0.573221862,0.925437391,0.245094612,0.993418336,0.430841357,0.928928196,0.203049898,0.992736578,0.567498326,0.947450876,0.26346454,0.877882123,0.434978873,0.948224485,0.21772556,0.869540811,0.577471197,0.99954766,0.118546709,0.987880409,0.421290457,0.994859815,0.067830645,0.984576821
1,0.505051196,0.417418629,-0.690044999,0.999999344,0.511070371,0.394935489,-0.670875609,0.999998569,0.514611781,0.39392519,-0.670815229,0.999998689,0.517953038,0.392910033,-0.670964599,0.999997258,0.498661578,0.395495266,-0.67066741,0.999998093,0.493122578,0.394784391,-0.670813441,0.999998569,0.488531411,0.394167542,-0.670802236,0.999997973,0.521728635,0.392417639,-0.515836298,0.99999845,0.480121315,0.393585116,-0.516488075,0.999999285,0.510101616,0.434264958,-0.629348755,0.999999285,0.495660692,0.436102331,-0.629899621,0.999999404,0.552484334,0.474330902,-0.373372883,0.999978781,0.442127526,0.477927893,-0.371861279,0.999976814,0.598064363,0.594210625,-0.575441003,0.998146474,0.393764704,0.595775843,-0.565969825,0.998906434,0.583849728,0.472002834,-0.861646473,0.995856881,0.406279474,0.471885979,-0.845943809,0.997082174,0.576773047,0.441750169,-0.915102005,0.983378708,0.409096539,0.441546291,-0.898653507,0.987413228,0.571446419,0.433663189,-0.890388131,0.977572799,0.414510787,0.434847414,-0.874284446,0.981806993,0.57046926,0.443836749,-0.857613564,0.943852305,0.416598499,0.445551634,-0.841580033,0.958211124,0.527541757,0.65953809,0.002022095,0.999779761,0.462228388,0.661063552,-0.002097706,0.999828696,0.590571046,0.754879415,-0.403580755,0.99416697,0.409082562,0.773694456,-0.405588299,0.99581933,0.573674381,0.919192493,-0.087110117,0.988962233,0.426077753,0.921228051,-0.089287274,0.996664524,0.560908437,0.938933909,-0.064874858,0.947701991,0.436251342,0.941023409,-0.067225918,0.971774876,0.583711445,0.989211082,-0.223602727,0.975902617,0.412108272,0.986948311,-0.222293407,0.987426102
0,0.504758954,0.134628758,-0.400902838,0.999997616,0.51096499,0.113878131,-0.380885243,0.999996364,0.514427781,0.114154488,-0.380865157,0.999995232,0.518629968,0.114573985,-0.380944937,0.999995232,0.498149633,0.113892175,-0.381459177,0.999996424,0.492853105,0.114234604,-0.381503642,0.999995828,0.488364518,0.114837773,-0.381461412,0.999996483,0.523920953,0.124423146,-0.240399271,0.999992549,0.481168181,0.12402793,-0.244114667,0.999995708,0.511408687,0.157489926,-0.3470667,0.999997795,0.495256752,0.157046646,-0.348205686,0.999998152,0.554805875,0.237523869,-0.14684999,0.999962747,0.444595665,0.231318563,-0.152151138,0.999963462,0.604551375,0.360009968,-0.320759952,0.998483658,0.394432753,0.356788248,-0.321985334,0.99830091,0.590747893,0.228103638,-0.585304081,0.996328831,0.403633177,0.218220115,-0.604360282,0.997331381,0.582736373,0.197557867,-0.640291929,0.983023703,0.409569353,0.189830214,-0.662663341,0.989165783,0.578189254,0.19164291,-0.620544374,0.980545402,0.415227592,0.184263542,-0.648298025,0.987397134,0.577875793,0.202258244,-0.583902597,0.968797684,0.415480077,0.194347024,-0.605416656,0.980341375,0.531935096,0.526212156,0.001381685,0.999709129,0.467131197,0.530182123,-0.001547372,0.999705911,0.554068327,0.73246789,-0.023986043,0.997296751,0.449260652,0.752398849,0.011864782,0.996400714,0.573848844,0.926495612,0.20416303,0.993542373,0.430107832,0.927541614,0.239621609,0.990892529,0.568201661,0.949954808,0.218710423,0.877197683,0.434872776,0.945397198,0.254598141,0.847990155,0.581682026,0.999167562,0.071458511,0.987399817,0.420353025,0.991266966,0.107585452,0.980847597
1,0.491542518,0.429793805,-0.671358287,0.999999464,0.498295605,0.407542259,-0.655818939,0.99999851,0.502043068,0.406252712,-0.655755162,0.999998629,0.505721688,0.404983908,-0.65591085,0.99999696,0.484505266,0.40844664,-0.654113054,0.999997973,0.479624569,0.407776684,-0.654244065,0.99999845,0.475490421,0.406794995,-0.654222727,0.999997735,0.511520982,0.401509643,-0.511956632,0.99999845,0.469801903,0.404600024,-0.505345702,0.999999225,0.498788267,0.445129067,-0.613794625,0.999999225,0.482789814,0.445877403,-0.612233102,0.999999464,0.544378996,0.480088383,-0.37117511,0.999979675,0.434003025,0.483926684,-0.364186704,0.999981642,0.588870585,0.597172678,-0.576263309,0.998340249,0.386710346,0.601470709,-0.559406579,0.998832107,0.574836373,0.479441404,-0.853030086,0.995327771,0.396619886,0.479223639,-0.831554055,0.99649483,0.569004118,0.449764937,-0.903972328,0.980745077,0.398990124,0.448611796,-0.881061912,0.984746099,0.56200856,0.444630504,-0.875596046,0.973617852,0.404557765,0.441434026,-0.856835723,0.977586508,0.561073244,0.454746217,-0.847180724,0.933659613,0.406778008,0.452205747,-0.827137291,0.950059533,0.521739006,0.663241327,0.001957357,0.999790132,0.457348108,0.66906935,-0.002055368,0.999836981,0.587750316,0.752282739,-0.407518327,0.994042933,0.40818435,0.776854515,-0.390679955,0.995431364,0.573585272,0.915941,-0.085469149,0.989480257,0.426139772,0.924559951,-0.080304369,0.997223675,0.561294854,0.93603301,-0.063012026,0.952246547,0.436667532,0.945087612,-0.058557518,0.977171004,0.584778666,0.985833168,-0.218333751,0.976413131,0.408995718,0.988157332,-0.209031627,0.989385307
1,0.323110819,0.394196689,-0.305651844,0.999657929,0.326785624,0.372020423,-0.322645813,0.999652863,0.330584288,0.369396746,-0.322564662,0.999663711,0.334594578,0.366310835,-0.322625369,0.999718964,0.320824564,0.37560001,-0.299909055,0.99954474,0.319855034,0.375887126,-0.299988002,0.999519765,0.318664551,0.376274019,-0.29999277,0.999441504,0.353600353,0.363101155,-0.334871083,0.999721408,0.332647622,0.372965157,-0.235464528,0.999411523,0.341284454,0.404115081,-0.303936541,0.99962908,0.330446303,0.408856124,-0.274829626,0.998735368,0.413581282,0.444796026,-0.299343675,0.999728501,0.360833228,0.426140159,-0.130656049,0.997852743,0.466582447,0.551242948,-0.21562627,0.593621671,0.384230703,0.490139216,0.00191417,0.046112716,0.453486592,0.579366744,-0.074872755,0.320516229,0.388764173,0.527321875,0.118315801,0.023861861,0.45069471,0.583818257,-0.06629388,0.324155957,0.388395339,0.540624201,0.140041918,0.031271439,0.438842595,0.572897434,-0.072740458,0.33698678,0.390862912,0.539454639,0.128521472,0.031098066,0.43821007,0.573466539,-0.072650537,0.328827977,0.391745895,0.537364304,0.116763249,0.035311699,0.474948972,0.630928695,-0.074138224,0.99988538,0.43125549,0.587363243,0.074165568,0.99938643,0.400113523,0.750496864,-0.215860441,0.980879843,0.349894464,0.675539374,0.067438789,0.774526,0.438155949,0.917209446,-0.130570412,0.988030493,0.390432,0.804843843,0.230382115,0.7983886,0.451838404,0.946480393,-0.122958563,0.938777447,0.404093087,0.82767731,0.244971484,0.736313581,0.396694481,0.972981751,-0.182760954,0.983240068,0.346212983,0.871385336,0.24302642,0.830388367
0,0.33894974,0.155960351,-0.144632012,0.998313427,0.34598285,0.136466444,-0.156557754,0.998483181,0.349108845,0.137251064,-0.156571329,0.998665094,0.352610201,0.138042614,-0.156584695,0.998693228,0.341821492,0.134378165,-0.127338678,0.998224854,0.341736376,0.133538246,-0.127323598,0.997945249,0.341726243,0.132653773,-0.127380222,0.998091877,0.367849946,0.148179412,-0.151078299,0.997686028,0.354486167,0.14247185,-0.021254409,0.997779965,0.346836686,0.177574471,-0.139458433,0.9971928,0.341033548,0.176190257,-0.101670243,0.996578395,0.379627496,0.223393351,-0.199461907,0.99923408,0.368270516,0.233866751,0.106166802,0.995287061,0.345574826,0.276234597,-0.338111311,0.883966208,0.34916231,0.314825088,0.21458669,0.092040464,0.329460382,0.190409198,-0.400237799,0.71319437,0.341131508,0.347446054,0.224678427,0.145193726,0.327942222,0.168172687,-0.436090291,0.737415433,0.338880569,0.358409584,0.233638361,0.179169193,0.331723541,0.164049491,-0.432790339,0.735194921,0.342246115,0.355051875,0.204972178,0.190896302,0.332301319,0.176862583,-0.401442587,0.659099162,0.343203694,0.352522671,0.212245345,0.193377435,0.408653557,0.505772054,-0.104426228,0.999888062,0.388112962,0.508942068,0.104522705,0.999170184,0.416651189,0.707313538,-0.146222442,0.980904937,0.393533409,0.691311479,0.236999512,0.560705185,0.440557152,0.914755404,-0.175103694,0.992983222,0.400118023,0.850037277,0.394096464,0.721341789,0.454358101,0.953742743,-0.183556467,0.968441725,0.40707016,0.873043597,0.405055612,0.687467277,0.393327892,0.977272213,-0.303118616,0.991346002,0.351722538,0.891866982,0.359175354,0.863108516
1,0.32507509,0.381022573,-0.269148648,0.999335408,0.327833652,0.363588661,-0.28899771,0.999432325,0.329629958,0.363616347,-0.288953125,0.999509752,0.331037074,0.364547193,-0.289028317,0.999548137,0.325808108,0.361423671,-0.26505217,0.999200702,0.325855017,0.360806793,-0.265130699,0.999249995,0.325693935,0.360332608,-0.265211344,0.999265075,0.347729146,0.373624682,-0.320226848,0.999435604,0.337224066,0.365992695,-0.208987191,0.999386072,0.337835491,0.398466378,-0.277875721,0.999487579,0.329683065,0.399031311,-0.24906902,0.998678744,0.396307766,0.469980955,-0.313382924,0.999598384,0.362221569,0.423838943,-0.112611912,0.996115744,0.447843939,0.573980927,-0.234725833,0.60785085,0.414445162,0.501609743,0.010724964,0.090938382,0.46412921,0.601649225,-0.098956041,0.219254449,0.430318177,0.557699621,0.125157684,0.092907153,0.471276283,0.602281332,-0.098991401,0.209831953,0.434039354,0.571011961,0.149818063,0.1175896,0.468561471,0.595410645,-0.110505953,0.217514664,0.434746563,0.571605623,0.136232823,0.123170473,0.46564889,0.594449639,-0.100458123,0.196397424,0.434644043,0.568239868,0.123289362,0.134557426,0.471917301,0.632220209,-0.080125295,0.99981463,0.429277897,0.589570522,0.080158994,0.999268234,0.400407791,0.74688381,-0.158841297,0.991506696,0.349328756,0.680178344,0.114324786,0.839607656,0.436060905,0.917474031,-0.049308442,0.99341917,0.391584039,0.81644702,0.299056709,0.817393422,0.450354099,0.945514619,-0.038682565,0.958504677,0.401081085,0.835340559,0.316552222,0.766523302,0.394702226,0.971886635,-0.085531071,0.988604426,0.346256644,0.879100025,0.326500356,0.858147919
0,0.335894167,0.156263351,-0.175073653,0.998040378,0.342146099,0.134367123,-0.187355086,0.998136401,0.344528377,0.134519681,-0.187399954,0.998422086,0.347161472,0.134649917,-0.187479988,0.998389125,0.339426488,0.132924601,-0.155165985,0.997871041,0.339663953,0.132032856,-0.15510872,0.99782604,0.339850843,0.130936116,-0.155164227,0.997841954,0.364769518,0.144423485,-0.172739059,0.997609854,0.353594661,0.138835952,-0.026164427,0.997657299,0.342250645,0.178436741,-0.165808722,0.997570157,0.337633669,0.176325738,-0.123777546,0.996628642,0.375767708,0.226712078,-0.205174565,0.999484062,0.372014374,0.229312688,0.115682922,0.997257173,0.407401502,0.351220042,-0.351064861,0.816663742,0.371977478,0.343581617,0.262158334,0.043352369,0.396879077,0.303122401,-0.481979132,0.616446674,0.364617765,0.386256844,0.283034503,0.079818897,0.396207988,0.286919773,-0.521580458,0.649953485,0.362915635,0.397444069,0.297101676,0.101405621,0.398458093,0.275568694,-0.516156912,0.644008875,0.361024886,0.396459579,0.264149159,0.107639328,0.397893339,0.284307659,-0.482928753,0.542679191,0.361703217,0.393930018,0.26962164,0.107932515,0.404197603,0.511553049,-0.112424552,0.99970001,0.38552776,0.511045992,0.112579666,0.998078048,0.417070955,0.709820509,-0.123660788,0.985944569,0.393359363,0.689574659,0.242707893,0.703886509,0.439291239,0.917154968,-0.125934452,0.994767547,0.397486001,0.849811792,0.408187568,0.823589861,0.453038454,0.952996373,-0.132593721,0.974147677,0.405276597,0.871382058,0.419311285,0.78671658,0.390594989,0.977271199,-0.257180333,0.99250108,0.353281409,0.886607587,0.365480721,0.917877972
1,0.32290554,0.392251641,-0.229064062,0.999458373,0.32382828,0.368900806,-0.249007136,0.999453902,0.325486451,0.366224617,-0.24895218,0.999487996,0.32705909,0.363408953,-0.249040812,0.999573112,0.321685463,0.370971501,-0.220578283,0.999313593,0.321647137,0.370460689,-0.220648646,0.999305904,0.321370542,0.369695932,-0.220706195,0.999205947,0.341770619,0.359331459,-0.281480074,0.999586582,0.332889378,0.367093861,-0.154176489,0.999186218,0.336053342,0.398818642,-0.236192346,0.999572754,0.331734121,0.402457774,-0.199424148,0.99857527,0.405135691,0.429194689,-0.26745522,0.999656558,0.356997043,0.41781643,-0.06882742,0.997624636,0.464832723,0.517819405,-0.176290855,0.527137935,0.382309854,0.495582163,0.053864121,0.052021615,0.460704416,0.555972517,-0.022097582,0.21815744,0.396965474,0.545080662,0.153245762,0.027676871,0.460111082,0.561876833,-0.010037599,0.228839427,0.400490671,0.559454858,0.176644444,0.035543464,0.454762369,0.5529387,-0.016979504,0.240367845,0.408348948,0.561444998,0.166163191,0.035918117,0.455480754,0.550625443,-0.019311924,0.236987963,0.401800245,0.553352892,0.151930839,0.038804177,0.473243177,0.627746463,-0.078695804,0.999867439,0.428384215,0.587691665,0.078701317,0.999220669,0.401512235,0.746644139,-0.279644787,0.986135006,0.348244131,0.680431306,0.08141771,0.778090298,0.436578423,0.914071918,-0.19049421,0.987982392,0.389906704,0.813882768,0.245052934,0.795024633,0.449196488,0.943383336,-0.181374177,0.938152492,0.403703392,0.836255968,0.25977546,0.730565608,0.39516747,0.97146368,-0.253234178,0.98379159,0.347585529,0.876758337,0.247811079,0.838371813
0,0.340269476,0.157260641,-0.122103438,0.996849298,0.3447074,0.137746349,-0.14034158,0.99668014,0.346799344,0.137490645,-0.140345424,0.997226775,0.349208415,0.137259468,-0.140362412,0.99712795,0.342403471,0.137586519,-0.108460844,0.996163845,0.342850029,0.137187108,-0.108429953,0.996000946,0.343290806,0.136654168,-0.108520404,0.995841146,0.367999792,0.143789962,-0.16253224,0.995779455,0.358273834,0.142478883,-0.017965617,0.995744348,0.348649919,0.177477658,-0.1257644,0.996148527,0.345225245,0.177753672,-0.084167488,0.993933499,0.388513684,0.23450157,-0.206704572,0.998783231,0.375317127,0.234229282,0.092632391,0.994229317,0.391890854,0.29075101,-0.353099346,0.837307155,0.367566586,0.344236344,0.20471175,0.093519159,0.362517118,0.21687603,-0.425044537,0.582034647,0.361703247,0.409195215,0.210559934,0.13443172,0.359492838,0.191501454,-0.457872629,0.590111792,0.36017409,0.427693486,0.220374748,0.153382152,0.361814857,0.181894064,-0.447118819,0.581726015,0.361119002,0.427318543,0.191822052,0.158903629,0.36204344,0.194131464,-0.422896564,0.49320668,0.362267673,0.421763688,0.198369935,0.158560216,0.408584982,0.514641166,-0.106036484,0.999843538,0.388963521,0.513469398,0.106076658,0.998944581,0.418156713,0.708752334,-0.116836332,0.988675237,0.393397391,0.683672905,0.260663092,0.728182793,0.439815104,0.912154377,-0.132174879,0.995739222,0.399002433,0.840584755,0.433067232,0.842823625,0.451448292,0.947127938,-0.139003009,0.975510478,0.406930685,0.861421287,0.445973963,0.786906958,0.389850557,0.968616545,-0.250896722,0.993787408,0.349573284,0.880692303,0.406527609,0.918464422
1,0.504303813,0.433161795,-0.421876848,0.999962449,0.510098398,0.413299084,-0.395904094,0.999891818,0.513992846,0.413803935,-0.39594692,0.999922514,0.51780498,0.414638519,-0.396057695,0.999804437,0.497526705,0.412402123,-0.398354352,0.999891877,0.492182195,0.41224879,-0.398419261,0.999932885,0.487822384,0.412372708,-0.398420185,0.999851227,0.52412653,0.423489094,-0.259496182,0.999898612,0.480951607,0.419677198,-0.268728167,0.999946237,0.51002866,0.455093503,-0.372010529,0.999978602,0.494785458,0.454205573,-0.375101507,0.999981284,0.555417955,0.533670485,-0.188722774,0.99952656,0.444575459,0.530478477,-0.192251831,0.999517202,0.57344538,0.684022009,-0.373666823,0.98590529,0.435700506,0.681134939,-0.369766593,0.982141852,0.519681871,0.597651362,-0.620750666,0.967854202,0.484231144,0.591018498,-0.596152484,0.947698355,0.510287702,0.564656556,-0.670803249,0.924668729,0.495231867,0.556453943,-0.644377708,0.881910861,0.510563374,0.550623536,-0.643408418,0.904515445,0.495229244,0.543835342,-0.620820642,0.835417986,0.511872649,0.560670495,-0.6146034,0.783422351,0.49407348,0.552924573,-0.591074228,0.673014522,0.531693041,0.714072764,-0.002662821,0.999444485,0.470960379,0.717977464,0.002761624,0.999674678,0.607083976,0.730076492,-0.428427458,0.9878124,0.402045667,0.745790839,-0.429361433,0.991289616,0.586117625,0.906702697,-0.166114882,0.973678529,0.423095465,0.911451697,-0.169579864,0.992246866,0.574037075,0.932680786,-0.14819333,0.911559343,0.434590429,0.937410891,-0.151546448,0.960903227,0.600591481,0.982658565,-0.301168501,0.944885015,0.400577486,0.978645146,-0.30164355,0.973588586
0,0.509718418,0.097989015,-0.165180296,0.999905705,0.515409589,0.077281259,-0.140270084,0.999869704,0.519098878,0.077337235,-0.140321851,0.999851644,0.523492634,0.077929996,-0.140364394,0.999853015,0.50204283,0.077495188,-0.14178443,0.999851763,0.495813996,0.077892117,-0.141772062,0.99983269,0.491353273,0.0789079,-0.141727537,0.99983573,0.528072119,0.090632409,-0.012550059,0.99980551,0.484077394,0.090067931,-0.017583238,0.999779522,0.516540408,0.12392772,-0.118311211,0.999834061,0.500872076,0.123929329,-0.119955346,0.999811053,0.562607646,0.225662395,0.031562854,0.999385297,0.451598227,0.22161293,0.020258507,0.999383152,0.575038314,0.354153514,-0.11671786,0.975708008,0.45180425,0.362004101,-0.121129669,0.950774193,0.523715973,0.243235201,-0.285947442,0.962415695,0.492547929,0.246132389,-0.297611088,0.94584626,0.518421471,0.209011868,-0.324980557,0.904731274,0.500213027,0.210397974,-0.341832608,0.872421861,0.518114328,0.197869495,-0.305771291,0.893145025,0.497476906,0.200093001,-0.329399049,0.854056418,0.518075228,0.211050391,-0.282513797,0.853918016,0.496683598,0.211122721,-0.297566593,0.809126973,0.538948417,0.499890774,0.001165333,0.999706984,0.474097908,0.501399517,-0.001159345,0.999657631,0.564111173,0.715179026,0.0186754,0.997458398,0.453282177,0.722786009,0.01573422,0.99764657,0.588103175,0.906246424,0.198260263,0.994518936,0.423239797,0.909746051,0.209618405,0.995494425,0.583589435,0.932041824,0.208087638,0.858837605,0.428924263,0.93315202,0.221705765,0.879867792,0.598891616,0.978498816,0.057455022,0.985794365,0.405200899,0.979100883,0.074807025,0.987463593
1,0.5002895,0.442548871,-0.536984801,0.999955773,0.506171703,0.422577322,-0.510766447,0.999858022,0.509980321,0.423150688,-0.510800123,0.999909103,0.513549328,0.423563212,-0.510921061,0.999702871,0.49346295,0.421773434,-0.513338387,0.99985826,0.488411188,0.421541005,-0.513424039,0.999928236,0.484027863,0.421353519,-0.513427377,0.999822974,0.519594312,0.431940407,-0.363139302,0.999858856,0.477624714,0.428285629,-0.373800963,0.999950409,0.506013513,0.46399647,-0.48271355,0.999977052,0.490294635,0.463958621,-0.486100495,0.999980867,0.553333879,0.539523482,-0.275504619,0.999599993,0.440158218,0.54007417,-0.280208051,0.999549627,0.572700024,0.698023975,-0.479305118,0.980172753,0.43169719,0.705457985,-0.473303646,0.982577443,0.519032478,0.613622427,-0.746245444,0.957319915,0.481525719,0.61098969,-0.715337098,0.953547478,0.508653045,0.588310659,-0.798795879,0.906044424,0.490575224,0.580899239,-0.76486814,0.899269521,0.508799195,0.571936786,-0.769818842,0.880673349,0.490493298,0.566507876,-0.737114787,0.856399,0.51047951,0.581006467,-0.739988983,0.727777541,0.489661634,0.575083792,-0.708194613,0.686428428,0.532335639,0.710869014,-0.002314119,0.999335527,0.470356882,0.716158807,0.00237072,0.999627948,0.604286492,0.724072099,-0.459032863,0.982180953,0.401950121,0.741781354,-0.454913944,0.987110198,0.586225033,0.909124255,-0.177174866,0.970302284,0.422768682,0.90952456,-0.168101475,0.991157055,0.574473858,0.936014056,-0.158512622,0.900077701,0.434878975,0.934901416,-0.14833048,0.955696225,0.601670086,0.981836081,-0.322237313,0.93709296,0.402886093,0.978672206,-0.306072176,0.971500099
0,0.506790042,0.104813874,-0.170003146,0.999916673,0.513061285,0.084082782,-0.147033721,0.999881983,0.516340852,0.084262408,-0.14708969,0.999864519,0.520781398,0.084510505,-0.147133186,0.999863863,0.499148697,0.085202157,-0.147730798,0.999862492,0.493226677,0.0863984,-0.147717446,0.99984169,0.488659322,0.087850921,-0.147679284,0.999847889,0.525845289,0.09623453,-0.021296728,0.999817431,0.481468737,0.097572222,-0.021826744,0.999787867,0.514022946,0.128947124,-0.122871637,0.999868333,0.497382402,0.128935292,-0.123593986,0.999846876,0.561376035,0.219711944,0.025671581,0.999617159,0.449551731,0.217950374,0.021359321,0.99956435,0.574437976,0.361075431,-0.120152757,0.975818098,0.448869944,0.363302827,-0.115714565,0.954131186,0.521903992,0.247132808,-0.295038134,0.959225178,0.4923141,0.246508554,-0.300633371,0.946325779,0.515698433,0.214749426,-0.334831983,0.898873031,0.499194622,0.212933242,-0.346299708,0.873239994,0.515395284,0.205009222,-0.316755176,0.887213349,0.496926129,0.203139141,-0.333323687,0.854748487,0.515886664,0.215058774,-0.291996717,0.845023394,0.496196747,0.212460712,-0.300426155,0.80710417,0.537630141,0.495414257,0.000104508,0.999706447,0.47221303,0.496225387,-9.26E-05,0.999617457,0.564542949,0.713617265,0.007857783,0.99728924,0.453033775,0.720944464,0.008055577,0.99761039,0.588474691,0.904796422,0.193954811,0.994015515,0.422726959,0.90792042,0.20554772,0.994821072,0.583160162,0.932154059,0.204771116,0.854003906,0.428206921,0.932016909,0.218255207,0.868853152,0.600446403,0.977721632,0.056321561,0.984721959,0.406117857,0.97840023,0.075495183,0.985889971
1,0.501422524,0.451496005,-0.453899533,0.999940753,0.507944822,0.43112272,-0.429388523,0.999843001,0.511752009,0.430519104,-0.429439604,0.999890924,0.51535964,0.430114359,-0.429558933,0.999700546,0.494431645,0.430440426,-0.432711899,0.999852419,0.489628732,0.429276735,-0.432797849,0.999912143,0.485293478,0.428477019,-0.432811439,0.999799371,0.520829856,0.434587002,-0.290173113,0.99984324,0.479131937,0.433058798,-0.30399555,0.999944806,0.507955074,0.47168842,-0.401946396,0.99996978,0.492463529,0.472590894,-0.406283855,0.999978304,0.55417347,0.536636472,-0.205694273,0.999556839,0.440485388,0.53753978,-0.216045976,0.999530971,0.570350289,0.696955323,-0.374662846,0.981727958,0.431842864,0.699442267,-0.37437728,0.985994756,0.518478394,0.622962594,-0.63231045,0.965457559,0.478900731,0.619165242,-0.6032902,0.962086201,0.507472336,0.601446211,-0.68416518,0.925510824,0.489207417,0.594318569,-0.652378321,0.918007612,0.507404685,0.581885219,-0.662276328,0.905784249,0.490785748,0.577006459,-0.632560372,0.88502121,0.509554327,0.589871407,-0.628483593,0.783306897,0.489135832,0.583866358,-0.599192262,0.744351149,0.533009529,0.71393621,-0.001291695,0.999091983,0.470661253,0.717991531,0.001421655,0.999528766,0.609553456,0.730350435,-0.41281119,0.980022609,0.398300409,0.740427375,-0.425680161,0.989278078,0.584926724,0.906986058,-0.167814687,0.961289525,0.422038645,0.911127746,-0.176415116,0.990559697,0.571653903,0.93448174,-0.151488587,0.913808346,0.434902012,0.939150393,-0.159639984,0.96044749,0.603176951,0.981308222,-0.300876677,0.926234186,0.399662942,0.980331957,-0.307164729,0.967282474
0,0.507540107,0.107358173,-0.165269583,0.999923468,0.513777316,0.088261172,-0.142977849,0.999893367,0.516881645,0.088834077,-0.143037617,0.999879777,0.521056294,0.088977709,-0.143089563,0.999878466,0.499789238,0.088598385,-0.143362403,0.999873757,0.494139016,0.089602187,-0.143350035,0.999851644,0.489691108,0.090799108,-0.143314242,0.999855518,0.526271701,0.100470461,-0.016428275,0.999843717,0.482431024,0.10199143,-0.01677602,0.999811053,0.51486069,0.131469473,-0.118240967,0.999879897,0.498532474,0.131607145,-0.118752837,0.999861538,0.561344087,0.228108272,0.02425639,0.999641061,0.450456768,0.220020279,0.021387642,0.999612331,0.572817624,0.363572448,-0.121139847,0.978453696,0.446850777,0.360327691,-0.119291008,0.960931778,0.521191716,0.251943707,-0.295310557,0.966270387,0.490310043,0.245218277,-0.300664872,0.954530239,0.515335679,0.220796943,-0.334622115,0.916286647,0.497809112,0.212975502,-0.346023023,0.890830994,0.515540421,0.211802781,-0.316400498,0.905848742,0.496134669,0.202533126,-0.33281824,0.874372661,0.515875041,0.220590085,-0.292255223,0.867595792,0.495490938,0.211665839,-0.300399423,0.83012563,0.533119321,0.501080155,0.002033202,0.999715745,0.467598379,0.499130219,-0.002002693,0.999656558,0.562255621,0.71522665,0.002436367,0.997223854,0.450716674,0.722199023,0.00357983,0.997794151,0.588554978,0.905287504,0.178616211,0.993645012,0.421958208,0.909328282,0.195944607,0.994879484,0.583725095,0.930902243,0.188880548,0.859150052,0.427791774,0.932699502,0.208409145,0.873125136,0.600635171,0.977192879,0.042702168,0.983464301,0.40625897,0.976830721,0.06798552,0.985579312
1,0.405528784,0.404972196,-0.119131207,0.999983549,0.41719383,0.389142513,-0.123778366,0.999988556,0.420062631,0.390015185,-0.123707488,0.999989867,0.42345795,0.391290128,-0.123765573,0.999988794,0.413219154,0.387495965,-0.099635892,0.99998647,0.413132101,0.387117684,-0.099676207,0.9999879,0.41313678,0.386772335,-0.099649481,0.999986947,0.438634008,0.408154726,-0.114916481,0.999986053,0.42763114,0.399630904,-0.006553341,0.999976277,0.407123327,0.43098703,-0.114654794,0.999979079,0.403452337,0.425809145,-0.083971754,0.999953508,0.455781758,0.515894771,-0.137897372,0.999936819,0.424804688,0.512686014,0.0822125,0.999758601,0.424698412,0.670122147,-0.06939394,0.973137081,0.420854181,0.636234343,0.016696747,0.386926293,0.38737005,0.576355755,0.109980226,0.877682388,0.385856688,0.57817632,-0.128314048,0.451090187,0.377820194,0.556182981,0.120111026,0.796800911,0.371835381,0.55397594,-0.135521218,0.371011287,0.385415643,0.539746523,0.122448467,0.780262053,0.376230597,0.542541921,-0.128700823,0.350384802,0.389730275,0.54623723,0.118017696,0.74149859,0.384067088,0.548551559,-0.128432602,0.32302314,0.515022159,0.677457511,-0.07649599,0.999995589,0.482848972,0.666560054,0.076248869,0.999975383,0.46904245,0.771519303,-0.250307769,0.9990502,0.402108282,0.676801026,0.098615117,0.661202908,0.505516171,0.929019988,-0.295978576,0.997913063,0.438770115,0.829576194,0.129695579,0.684420288,0.523394704,0.960126221,-0.302251637,0.99258709,0.455560535,0.856242597,0.131150439,0.716002345,0.467637122,0.98317939,-0.363209516,0.997564793,0.402682632,0.872915506,0.111391231,0.842232525
0,0.446064293,0.111778155,-0.212503403,0.999522328,0.454101622,0.092890181,-0.24080947,0.999490321,0.456428617,0.093340553,-0.240788624,0.999597192,0.459063292,0.09380348,-0.24085176,0.99948281,0.451280266,0.091380917,-0.201133758,0.999316156,0.45157665,0.090808019,-0.201178402,0.999420762,0.452089399,0.090228662,-0.201219589,0.999364614,0.476561308,0.107390031,-0.298296243,0.999601185,0.467632055,0.10271728,-0.115619883,0.999048889,0.451373994,0.134790331,-0.226632327,0.999527037,0.448588312,0.132578641,-0.17532596,0.998792529,0.498648256,0.232021526,-0.320579499,0.999500692,0.463443667,0.219875067,0.010713106,0.99878782,0.459464014,0.373571724,-0.254754961,0.920228899,0.434141099,0.34141624,-0.030804431,0.246392637,0.418076515,0.271623641,-0.068255156,0.75786978,0.410364062,0.252020925,-0.208051354,0.48707521,0.405518144,0.235154569,-0.055006731,0.702486813,0.4048329,0.224520549,-0.224058107,0.474702477,0.412054777,0.221980751,-0.0518656,0.702179193,0.406514496,0.213569626,-0.226664186,0.474967062,0.416156292,0.231714904,-0.056876164,0.634834766,0.409745991,0.223412469,-0.216112852,0.451418549,0.480538428,0.485076904,-0.112365559,0.999370277,0.446656406,0.471243203,0.112157941,0.998946905,0.485352695,0.688734949,-0.142855763,0.997416735,0.442731142,0.641107142,0.288438797,0.882322848,0.509516895,0.920634866,-0.101844564,0.997823775,0.44164744,0.831467271,0.509285569,0.936553359,0.518970191,0.959868193,-0.103997208,0.977907181,0.452755362,0.866467297,0.525716782,0.857066095,0.46077323,0.971796513,-0.229369968,0.996550262,0.392526001,0.876753688,0.476145566,0.963206708
1,0.400531113,0.420584232,0.031997636,0.999994159,0.411069244,0.402679533,0.026178364,0.999995708,0.414020926,0.402989864,0.026228875,0.999996126,0.417522281,0.40360561,0.026214471,0.999995649,0.406315386,0.40159604,0.053199928,0.999995112,0.405742496,0.401071846,0.053173833,0.999995708,0.405219316,0.4004637,0.053189922,0.999995589,0.433129609,0.415936291,0.02200361,0.999995112,0.418656588,0.407927781,0.141688511,0.999992192,0.40424484,0.444731057,0.028526638,0.999993384,0.397368729,0.44571346,0.062857389,0.999987364,0.451467365,0.519101262,-0.038262069,0.999963045,0.418092489,0.528251588,0.205535918,0.99991262,0.434048474,0.66627878,-0.01384404,0.97142154,0.414260328,0.64042151,0.119410351,0.442947,0.395096213,0.580413103,0.130280912,0.880913079,0.388731629,0.591765404,-0.047824599,0.547520936,0.383802325,0.562179804,0.135285392,0.808075905,0.374973655,0.57625252,-0.054941159,0.45261234,0.391667783,0.54472661,0.136186257,0.791842401,0.379815876,0.560848713,-0.046357613,0.432660669,0.396480322,0.549331367,0.136704475,0.755728185,0.385927916,0.564156651,-0.047570217,0.407532632,0.522126496,0.661196113,-0.080483317,0.999992728,0.490188062,0.672003865,0.08028052,0.999977529,0.476695538,0.752846301,-0.262626797,0.999136865,0.408950955,0.676580191,0.094889268,0.697103083,0.510164142,0.923255563,-0.391283303,0.997587919,0.437256336,0.830364048,0.027209878,0.701173663,0.522228658,0.947610974,-0.395351291,0.991804242,0.455910385,0.863708436,0.016836489,0.741185129,0.470502704,0.981386244,-0.48384586,0.997920215,0.399121821,0.875376701,-0.01807018,0.878979683
0,0.442676932,0.122809485,-0.237109631,0.999671996,0.449719667,0.104805872,-0.267766029,0.999702632,0.452088684,0.105030164,-0.2677432,0.99977386,0.454601049,0.105074085,-0.267816722,0.999709547,0.446454138,0.102496594,-0.22817333,0.999551356,0.446568072,0.101256855,-0.228214428,0.999615431,0.446939081,0.09993308,-0.228250355,0.999546289,0.471648157,0.112949595,-0.327802002,0.999804676,0.463590622,0.108372293,-0.14738819,0.999352515,0.44855842,0.14679642,-0.252673,0.9996773,0.445644677,0.143764585,-0.201114178,0.999170244,0.492005765,0.231549427,-0.344912231,0.9996894,0.466893822,0.219782233,-0.019244891,0.998851061,0.457226843,0.374651968,-0.273958892,0.937662363,0.438110024,0.345513314,-0.069349609,0.148502648,0.415086836,0.271580875,-0.072891138,0.816309333,0.41459164,0.258352906,-0.241961151,0.323084325,0.402450085,0.239309967,-0.059278976,0.763014138,0.407598197,0.231387123,-0.258184493,0.337012351,0.409402788,0.223272413,-0.057017438,0.763665438,0.409707159,0.218095541,-0.257925481,0.336124241,0.413745731,0.233887911,-0.061892133,0.694414437,0.412955701,0.22683093,-0.248810738,0.320956826,0.47978434,0.489101022,-0.112596132,0.999484241,0.446399361,0.476585984,0.11239557,0.999056697,0.487488508,0.692071378,-0.124967858,0.997321904,0.441054881,0.64337945,0.290486634,0.8827281,0.509065568,0.922158957,-0.067017481,0.997565806,0.442711979,0.829088867,0.509940147,0.937728167,0.518687129,0.95555532,-0.067793615,0.975927293,0.453718126,0.862560213,0.526669383,0.846373916,0.456095874,0.964229822,-0.194369867,0.996247232,0.398953795,0.877241671,0.4753232,0.961718738
1,0.400015652,0.425928384,-0.058683801,0.999990463,0.410475314,0.408684999,-0.064525954,0.999993861,0.413756788,0.408826143,-0.064483419,0.999994516,0.417661607,0.40914014,-0.064538084,0.99999398,0.405439228,0.407510281,-0.039454915,0.999992192,0.404859781,0.406920463,-0.039504956,0.999993145,0.404336035,0.406454057,-0.039497539,0.999993145,0.433010012,0.417698115,-0.064460382,0.999993324,0.417250961,0.413202971,0.04451441,0.99998939,0.405016899,0.446222425,-0.059643786,0.999989271,0.398542464,0.444732279,-0.028209955,0.999981105,0.459544569,0.519993365,-0.102387726,0.999877512,0.415422112,0.53624922,0.118585572,0.999859989,0.44099474,0.664471984,-0.072856672,0.9472754,0.413997829,0.656472445,0.058780141,0.398717672,0.396589905,0.587430418,0.053146921,0.865917563,0.388354123,0.593768001,-0.092163458,0.536898732,0.384741008,0.570695877,0.053631373,0.798776031,0.372963637,0.570843279,-0.103107452,0.46854353,0.390479267,0.5514341,0.058071919,0.783206522,0.377231538,0.556521773,-0.096751623,0.446249634,0.395225614,0.555866301,0.060390733,0.749443412,0.383891553,0.562739134,-0.093197398,0.422497898,0.515196979,0.676984429,-0.072178729,0.999972999,0.48611635,0.680724919,0.07207071,0.999935627,0.466455787,0.767299473,-0.244712517,0.98355478,0.439109474,0.716353297,0.060746551,0.403420985,0.501294494,0.918250859,-0.250783682,0.944395721,0.473272324,0.857304156,0.092320628,0.382633299,0.5198704,0.953411698,-0.251084656,0.926591039,0.487923086,0.877042055,0.094994381,0.462635845,0.464725882,0.976293862,-0.312606633,0.951197743,0.453385204,0.908965111,0.062965699,0.60444957
0,0.449267387,0.125379652,-0.218861729,0.999417722,0.456168652,0.107904635,-0.245810181,0.999357879,0.458750397,0.10822168,-0.245785594,0.999504447,0.461661875,0.108265959,-0.245840475,0.999368668,0.452240229,0.10574998,-0.207387358,0.999074876,0.452070057,0.104848862,-0.207453057,0.99918735,0.452142417,0.103864647,-0.207505137,0.999037921,0.479456007,0.118466951,-0.297569931,0.999507606,0.468827963,0.113502368,-0.122590818,0.998605371,0.456063926,0.150372237,-0.23212567,0.999418139,0.452248424,0.147763565,-0.18206507,0.99849242,0.499558598,0.239036322,-0.321866542,0.999579966,0.465606779,0.224702269,0.003665862,0.998647511,0.45989728,0.373876691,-0.296304464,0.930306494,0.43641305,0.341974944,0.02267264,0.213400766,0.417571723,0.267160505,-0.157270581,0.790345132,0.411282122,0.257451832,-0.101651214,0.415879488,0.404916942,0.238144085,-0.152308807,0.744481027,0.404655516,0.231138945,-0.108203158,0.41992113,0.4115358,0.224814519,-0.147533461,0.742354691,0.406859159,0.220360398,-0.112732276,0.416605234,0.415699244,0.233590215,-0.14717114,0.667586684,0.411201298,0.230116129,-0.108962595,0.395511448,0.479169786,0.485651433,-0.111983739,0.999556482,0.445085436,0.475268304,0.111839652,0.999130905,0.480234385,0.688101649,-0.170283884,0.997680783,0.443430126,0.647723019,0.260960758,0.892256677,0.510774732,0.917495489,-0.148565978,0.998465836,0.44750303,0.830711186,0.458787829,0.949877024,0.519072235,0.953662276,-0.152572051,0.982401788,0.45627442,0.864295959,0.472436756,0.883349001,0.46249637,0.968131602,-0.282394588,0.997452497,0.397399664,0.874734938,0.414872348,0.968747556
1,0.478763431,0.47310248,-0.170858622,0.999965787,0.485155344,0.456255943,-0.152861267,0.999915302,0.489244998,0.456326663,-0.152827531,0.999920905,0.492796004,0.456676364,-0.152872756,0.999872208,0.471878856,0.456608891,-0.151303843,0.999928951,0.467229545,0.457119375,-0.151355103,0.999949872,0.463254601,0.457549751,-0.15135853,0.999936759,0.499877781,0.465872437,-0.073451646,0.999863982,0.459136784,0.466553837,-0.064971954,0.999929428,0.486018479,0.49434036,-0.142660409,0.999959826,0.470895857,0.495399207,-0.140479311,0.999968112,0.5353899,0.574540436,-0.037726969,0.99888128,0.42895776,0.578237057,-0.035305049,0.999765456,0.555088639,0.714101851,-0.058956049,0.941387713,0.411945522,0.720387101,-0.076016434,0.987520814,0.499206781,0.629013121,-0.067019083,0.889520228,0.464120567,0.628921568,-0.092245154,0.97217977,0.490940481,0.592826784,-0.064367041,0.728038669,0.473038435,0.589041591,-0.093730018,0.878641903,0.491288364,0.581352413,-0.038965903,0.676585495,0.473612875,0.580782592,-0.069462165,0.826771319,0.492262274,0.590903938,-0.053868253,0.548831344,0.4730753,0.592524052,-0.080272548,0.711610198,0.514715075,0.756907046,-0.001351827,0.999828994,0.457290411,0.75971067,0.001341699,0.999869585,0.564701438,0.786428809,-0.370667249,0.996598363,0.400087506,0.789022326,-0.30100891,0.995722055,0.529237449,0.898408055,-0.08562386,0.977756679,0.429669619,0.902244806,-0.02172352,0.993612587,0.519657433,0.909526885,-0.058559574,0.912682593,0.439457834,0.913950086,0.003782811,0.966889679,0.535736442,0.976540387,-0.145289645,0.971855104,0.417304426,0.979157448,-0.08124838,0.987823725
0,0.478627294,0.122442015,-0.1834957,0.99993366,0.484504849,0.10460946,-0.161072612,0.999892771,0.488798052,0.104650728,-0.161097094,0.9998824,0.4921785,0.104860298,-0.161105484,0.999883056,0.471432298,0.104424745,-0.160988703,0.999867141,0.466669261,0.104615606,-0.160959765,0.999844551,0.462656021,0.105056211,-0.160942286,0.99985528,0.496170819,0.115604885,-0.034125529,0.999824584,0.458237499,0.115608416,-0.031627722,0.999744892,0.487047523,0.146408245,-0.135755748,0.999926925,0.469999611,0.145854831,-0.135438904,0.999913156,0.526830792,0.230372414,0.018321985,0.999847889,0.425598532,0.242161453,0.016379194,0.999429405,0.551422179,0.348162979,-0.131531864,0.989862561,0.410534084,0.359926432,-0.122926638,0.970478415,0.498487413,0.250077546,-0.328593999,0.9846434,0.461145818,0.26021418,-0.321465939,0.964883685,0.489598602,0.217715353,-0.372037143,0.954690456,0.468049437,0.224160835,-0.36893788,0.90738517,0.489793688,0.209478617,-0.351821423,0.948827922,0.469207704,0.217936218,-0.353617966,0.895043194,0.490991056,0.221450612,-0.324607342,0.923739493,0.469572395,0.230119452,-0.320009887,0.857149243,0.503303528,0.505405664,0.00020512,0.999702632,0.442094475,0.503782094,-0.000283646,0.999365032,0.515944302,0.703791022,-0.021080259,0.99758184,0.445814192,0.708692014,-0.014436061,0.995398939,0.527879834,0.896856427,0.187127233,0.995198905,0.431409925,0.892925918,0.229672909,0.988916159,0.523588479,0.918067694,0.200332999,0.839528501,0.437010139,0.910857737,0.247582316,0.818125129,0.533459663,0.974564612,0.046236627,0.989730239,0.423092067,0.972078264,0.111278139,0.981887817
1,0.477017105,0.426629543,-0.174088031,0.99987191,0.483335018,0.410253823,-0.153651461,0.999717355,0.487110376,0.410501361,-0.153629884,0.999722362,0.490709633,0.410884053,-0.15366675,0.999625683,0.470748246,0.410765976,-0.151176766,0.999732912,0.466259658,0.411301941,-0.15121007,0.999780655,0.462229311,0.411535293,-0.151232556,0.999738514,0.497105211,0.420821339,-0.066254437,0.999599874,0.457697242,0.4211725,-0.052706234,0.999693036,0.484492451,0.447982281,-0.143583804,0.999869227,0.469334662,0.4476493,-0.139917746,0.99987781,0.532539606,0.529251158,-0.03333972,0.998919547,0.427994788,0.534177184,-0.030267481,0.999203026,0.553613424,0.661535442,-0.104010388,0.97408855,0.413655579,0.663739383,-0.111417398,0.983439267,0.49851042,0.569256067,-0.171827495,0.956301689,0.463730395,0.572644234,-0.177601755,0.97250241,0.490765244,0.537370086,-0.178893298,0.878841996,0.471571386,0.533064008,-0.188413188,0.898511589,0.491021782,0.526959002,-0.153245717,0.850018144,0.47207284,0.528184772,-0.164847195,0.857645214,0.491258472,0.537257612,-0.160433561,0.755174935,0.472110033,0.539848447,-0.167964399,0.758054435,0.510800481,0.716780007,2.49E-05,0.999803364,0.451069891,0.71813184,-9.51E-05,0.99981457,0.568668008,0.775573909,-0.321777105,0.997174144,0.398935735,0.778716445,-0.280215561,0.996808648,0.528602481,0.900682926,-0.048590023,0.985583603,0.430193514,0.896296024,0.00073228,0.991477549,0.516113758,0.911113918,-0.023554757,0.898844421,0.441222847,0.909980536,0.026658226,0.946967423,0.537470222,0.977862895,-0.111631677,0.972436011,0.419054598,0.974212646,-0.054292995,0.981634259
0,0.477179855,0.120152548,-0.155167833,0.999951363,0.483130157,0.102768742,-0.132986978,0.999921858,0.48715657,0.103145845,-0.132997841,0.999909759,0.489756882,0.103822023,-0.133003101,0.999914646,0.470223278,0.102384664,-0.132833123,0.999914765,0.465828359,0.102565944,-0.132805809,0.999903619,0.461177915,0.103129305,-0.132790416,0.999918759,0.494800657,0.115093388,-0.010693232,0.999869049,0.457229853,0.113711715,-0.007902609,0.999866009,0.48556304,0.142198533,-0.109276153,0.999931991,0.469207853,0.140931189,-0.108897641,0.999931872,0.526783943,0.226157188,0.035357464,0.99981302,0.43032378,0.233470112,0.031938422,0.999573171,0.55564034,0.33303389,-0.118558764,0.989611804,0.412460983,0.348890543,-0.112385824,0.979462445,0.500649631,0.23996377,-0.304207742,0.983837366,0.461080253,0.25244236,-0.298896551,0.971571147,0.492601871,0.206035346,-0.346177399,0.951257229,0.468533844,0.218643874,-0.344397813,0.917161047,0.491906315,0.200018346,-0.324855208,0.944376945,0.470041931,0.214425683,-0.328088343,0.905103564,0.492489815,0.212974742,-0.299772501,0.918573022,0.470244974,0.225820675,-0.296714753,0.871587813,0.508904219,0.499864072,-0.002550407,0.999676347,0.450388432,0.503478944,0.00250591,0.999444187,0.518873334,0.701452494,-0.012380907,0.996944308,0.448082119,0.708822131,-0.009346799,0.994575799,0.528480351,0.898241699,0.173070371,0.993440449,0.432134092,0.89701581,0.188120082,0.987983406,0.52338773,0.919521272,0.183790952,0.800680339,0.438375145,0.918133557,0.201182514,0.800569355,0.530509889,0.973617017,0.033720531,0.986273289,0.419962496,0.974021137,0.066504814,0.979568899
1,0.47484535,0.47908029,-0.188277796,0.999965727,0.482033551,0.459710151,-0.170732722,0.999932051,0.485647976,0.45930773,-0.170712098,0.999932408,0.489249855,0.458890706,-0.170779884,0.999899149,0.468180001,0.459884018,-0.168873832,0.999937296,0.4634583,0.459398687,-0.168924138,0.999949396,0.460294962,0.458801746,-0.168927282,0.999940038,0.495691448,0.465075433,-0.081415921,0.999900699,0.455963194,0.463745534,-0.070331886,0.999931633,0.482496798,0.497772008,-0.155238196,0.999968529,0.46627298,0.499190152,-0.152646944,0.999970138,0.530936897,0.560356617,-0.034811746,0.999393761,0.42505008,0.565356672,-0.036215935,0.999749243,0.552617967,0.707909346,-0.063428812,0.951275229,0.405805171,0.7089203,-0.085101202,0.984191,0.495047033,0.618270576,-0.087275162,0.920193255,0.457745373,0.622201383,-0.103685938,0.968239307,0.485254437,0.587770581,-0.087592609,0.798669398,0.467284113,0.583819509,-0.105294332,0.870748401,0.486073256,0.574830949,-0.063030891,0.753725827,0.46800822,0.575948596,-0.080602244,0.8157022,0.487063944,0.584037542,-0.074862242,0.640630126,0.467150986,0.585740626,-0.091684788,0.704930544,0.506806731,0.752452254,-0.000601192,0.999842763,0.450950146,0.752504826,0.000635812,0.999837935,0.563697338,0.782563865,-0.401824564,0.996982098,0.388941556,0.779382229,-0.341145456,0.996121466,0.527908206,0.897279203,-0.116950616,0.978819251,0.427312613,0.899825096,-0.062010188,0.993962407,0.516380608,0.909123421,-0.089880407,0.925623119,0.438629687,0.91102165,-0.035736095,0.971735418,0.534739792,0.974862993,-0.182447851,0.970489562,0.418020815,0.977039278,-0.126828387,0.987231016
0,0.476341486,0.127429977,-0.177901849,0.999946177,0.482478797,0.108257324,-0.156124219,0.999914646,0.485599041,0.108227275,-0.156152055,0.99990356,0.487923056,0.108605452,-0.156160176,0.999903858,0.469434321,0.108762391,-0.15726541,0.999905169,0.464688361,0.109299593,-0.157247081,0.999894202,0.460469961,0.109799989,-0.157232046,0.999907553,0.49330458,0.117403179,-0.03056927,0.999872804,0.454701245,0.118448459,-0.033378817,0.999864459,0.483960211,0.148674011,-0.130337551,0.999938905,0.46827811,0.147806957,-0.131657034,0.99993819,0.526301265,0.23130548,0.025257785,0.99984467,0.423719704,0.243366852,0.017067041,0.999570668,0.553813279,0.343654752,-0.116479978,0.989249825,0.408177376,0.363457859,-0.119106784,0.979377389,0.500073791,0.255694479,-0.311430603,0.982325673,0.460601419,0.264939636,-0.316213042,0.969095349,0.493427664,0.224518582,-0.354379892,0.947852373,0.469158411,0.230616331,-0.361696333,0.911031008,0.49197349,0.217702001,-0.335693091,0.94044584,0.469113678,0.224946827,-0.347912014,0.89685899,0.492007792,0.227997229,-0.308063179,0.910466015,0.468972027,0.234954879,-0.314858913,0.856829941,0.505758882,0.501491666,-0.002662547,0.999610603,0.445385277,0.505079091,0.002623366,0.999342501,0.514939487,0.701498568,-0.007080904,0.997119665,0.447286189,0.711305678,-0.005756792,0.995169938,0.528443158,0.897117615,0.182989523,0.993744493,0.432290941,0.89474988,0.200299338,0.989447773,0.524581552,0.918364048,0.193805307,0.817115545,0.437979311,0.915837884,0.213910013,0.828069806,0.531938612,0.973754108,0.042793423,0.986064732,0.420323849,0.972537756,0.076331563,0.981171489
1,0.420898616,0.431677461,-0.047988065,0.999969721,0.430872768,0.417127609,-0.06259428,0.999987066,0.434028804,0.417680472,-0.062559262,0.999988735,0.437344611,0.418434471,-0.062613055,0.999986351,0.426040649,0.415640503,-0.028561294,0.999980569,0.425600916,0.415200979,-0.028609404,0.99998486,0.425320804,0.414743215,-0.028580209,0.999984264,0.451370388,0.430149049,-0.087319538,0.999986649,0.438435465,0.425034046,0.061041705,0.999976516,0.425594658,0.454549313,-0.058423452,0.999984562,0.419783413,0.452268094,-0.015790304,0.999978006,0.472986549,0.553722322,-0.148584992,0.999784291,0.430121511,0.533137023,0.13429518,0.999691069,0.426574379,0.700497329,-0.107436001,0.946415782,0.40182811,0.659589708,0.041372947,0.242139816,0.392256409,0.592106402,0.052324791,0.936055064,0.384795219,0.582768142,-0.165840372,0.305889815,0.381197572,0.562872887,0.04571845,0.909982204,0.377723932,0.554684997,-0.184135973,0.322998434,0.393462092,0.548646688,0.041444432,0.906436205,0.388775796,0.54581219,-0.183912843,0.324879467,0.399146199,0.557623982,0.055701293,0.881612599,0.393888533,0.55518496,-0.171658844,0.311434716,0.527768612,0.753800452,-0.084151104,0.999976158,0.485357374,0.727244735,0.084055744,0.999961913,0.43985039,0.762084961,-0.32332018,0.994762242,0.391315997,0.69416678,0.058575265,0.680371821,0.491390228,0.903857112,-0.161206827,0.974110723,0.447936594,0.839707017,0.103315078,0.729041576,0.506462216,0.926485896,-0.140829653,0.944740593,0.466520637,0.857842326,0.108649731,0.716180921,0.450446218,0.95703733,-0.164794132,0.972374201,0.416250229,0.887676179,0.086907633,0.818162262
0,0.441515833,0.087963738,-0.086806566,0.999965787,0.449936688,0.071304753,-0.099012144,0.999959826,0.453359544,0.071494147,-0.099018425,0.999961615,0.4570629,0.072084293,-0.099012256,0.999954104,0.445472389,0.070247419,-0.069022946,0.999964595,0.44501251,0.069696523,-0.06907016,0.999961555,0.444621742,0.069089919,-0.069108479,0.999963939,0.470965385,0.087591365,-0.108944759,0.999939263,0.456759781,0.079057187,0.022918474,0.999912441,0.446196854,0.113567397,-0.088408761,0.999915302,0.441474259,0.109245606,-0.050590999,0.999905467,0.493998349,0.199789837,-0.171111166,0.999779105,0.438046306,0.205416337,0.126813665,0.999528527,0.444548935,0.328371167,-0.212961197,0.983205855,0.391945839,0.324599952,-0.010019464,0.695966363,0.40798378,0.221568093,-0.159985751,0.962628305,0.387199998,0.237842709,-0.289274335,0.80837971,0.403430879,0.196522847,-0.177951485,0.942977965,0.388394833,0.207096547,-0.325950086,0.731513798,0.410917044,0.186868966,-0.180477083,0.941129088,0.396445334,0.2025159,-0.319227904,0.714603007,0.414431155,0.193594843,-0.157557458,0.911056161,0.39959681,0.213788927,-0.296401381,0.675351501,0.485548556,0.472248465,-0.101829067,0.999726474,0.449914396,0.475571573,0.101728663,0.99963814,0.482819259,0.681645989,-0.138093024,0.990812778,0.456292719,0.662165165,0.194926545,0.76294899,0.49678573,0.897738338,-0.13587521,0.995134056,0.459569156,0.846409023,0.318270385,0.890843391,0.507035315,0.935062587,-0.142581701,0.964817405,0.467771232,0.867841601,0.324734062,0.842259765,0.451854885,0.958104134,-0.263823599,0.994913876,0.419271231,0.899768472,0.264019042,0.952151895
1,0.430100858,0.410224587,-0.053022631,0.999986768,0.439816773,0.39686805,-0.068776533,0.999994159,0.44252643,0.397758693,-0.068733938,0.99999547,0.445548147,0.398935825,-0.068775669,0.999994278,0.435832322,0.395027369,-0.034370609,0.999990702,0.43566972,0.39451921,-0.034411859,0.999992907,0.435678333,0.394000173,-0.034357976,0.999992311,0.459558636,0.41207397,-0.094812013,0.999994576,0.449050903,0.405057102,0.055453788,0.999990284,0.433876216,0.431423485,-0.063084796,0.99999088,0.429314524,0.428990185,-0.019928372,0.999985754,0.473605216,0.541742086,-0.166335002,0.999873102,0.439617693,0.514868021,0.133201152,0.999690592,0.423453629,0.671991289,-0.14125596,0.974647105,0.404835522,0.607130289,0.030114349,0.302317202,0.396015525,0.556536198,0.016428255,0.942850649,0.388758034,0.554439306,-0.186198428,0.288186759,0.387915671,0.528796971,0.007586633,0.914461017,0.382049054,0.524037838,-0.205175787,0.283194691,0.400557429,0.52020371,0.001475469,0.912352085,0.397123843,0.520537972,-0.202426463,0.285183907,0.406317413,0.530314445,0.018803876,0.88765502,0.401785791,0.531365812,-0.191793799,0.276459217,0.529214919,0.747040868,-0.094090305,0.999977112,0.493583143,0.714683175,0.094073907,0.999963701,0.438663065,0.765080869,-0.30552277,0.99732548,0.395631909,0.695828974,0.088982262,0.791867554,0.491567433,0.903397858,-0.188601851,0.990049839,0.451995373,0.83984822,0.141502827,0.825601697,0.50719434,0.925677419,-0.173536062,0.970906556,0.471443951,0.857012868,0.147010699,0.811967313,0.453206152,0.961326957,-0.198159397,0.987493038,0.418240398,0.888754785,0.138654202,0.879160583
0,0.445168823,0.087390684,-0.125705034,0.9999578,0.454231352,0.072178125,-0.131700844,0.999950707,0.457897007,0.072339103,-0.131699055,0.999952197,0.461544424,0.072942853,-0.131679088,0.999941587,0.448958308,0.070882306,-0.105115034,0.999957681,0.448339134,0.070340231,-0.105154596,0.999954998,0.447821379,0.069796972,-0.105207935,0.999958634,0.47516495,0.088897675,-0.112876728,0.999920845,0.459118515,0.080242775,-0.001224859,0.999916136,0.450869411,0.112790406,-0.118945517,0.999903679,0.445331335,0.107857406,-0.085216299,0.999906301,0.500195384,0.200551331,-0.159380883,0.999712288,0.437169462,0.20175828,0.104375564,0.999657393,0.448907048,0.31617862,-0.218257621,0.980181694,0.386587918,0.308419257,-0.044332217,0.813005447,0.42045337,0.214419752,-0.200725123,0.954112828,0.396229565,0.228590727,-0.32221958,0.85217309,0.414319992,0.190162599,-0.225085095,0.931052804,0.397524267,0.196553767,-0.360450566,0.769737065,0.421001256,0.183349162,-0.229335189,0.928817153,0.40568462,0.195669159,-0.349255234,0.752809346,0.424551636,0.189870536,-0.200423911,0.893944085,0.408738613,0.206432179,-0.326357573,0.718142807,0.499799162,0.472352713,-0.095227323,0.999781609,0.456771612,0.473655909,0.09507902,0.999759436,0.489700407,0.68529135,-0.123157777,0.990720809,0.458411157,0.671543241,0.198135242,0.827087998,0.497561395,0.896694839,-0.108078256,0.995022357,0.463208526,0.849229276,0.339493781,0.903028548,0.507297397,0.935496032,-0.114385411,0.956305504,0.471550763,0.872722864,0.347668409,0.848456323,0.455368578,0.963428557,-0.243038416,0.993988335,0.419559091,0.904118001,0.277844429,0.949669302
1,0.417604685,0.426787496,-0.060034633,0.999977589,0.426865011,0.411759108,-0.0744121,0.999990284,0.429924637,0.411808282,-0.074360803,0.999991953,0.43338114,0.412120014,-0.074398205,0.999990225,0.42271027,0.411001921,-0.041492067,0.999984503,0.422461808,0.410599828,-0.04153984,0.9999879,0.422383487,0.410175115,-0.041502684,0.999986708,0.449236304,0.423844576,-0.096417055,0.999991,0.436704934,0.419272006,0.046691384,0.999980867,0.423189461,0.448442847,-0.068851084,0.999988616,0.418106645,0.446582377,-0.027735937,0.999981821,0.470051348,0.546399713,-0.160931036,0.999826431,0.428562582,0.52270031,0.121633805,0.999632418,0.424935281,0.686780572,-0.130906418,0.945928037,0.400161177,0.623468041,0.019930847,0.237643212,0.393149436,0.574139535,0.029205212,0.946241796,0.384948373,0.574771464,-0.19308579,0.311853111,0.384456843,0.547673941,0.023469087,0.924141407,0.377402484,0.546847761,-0.213163331,0.319150239,0.396431506,0.536570847,0.017010909,0.921345472,0.39026016,0.541260064,-0.208903193,0.31901601,0.402074277,0.544543684,0.031828891,0.89869833,0.395495713,0.548957586,-0.197978437,0.30886206,0.526896119,0.746600866,-0.083270438,0.9999789,0.485632807,0.71586746,0.083208278,0.999959409,0.440068781,0.764533937,-0.317648828,0.995964468,0.391758382,0.696412325,0.058237951,0.722341061,0.489698082,0.905148745,-0.180664599,0.981228113,0.447273642,0.8383376,0.123169526,0.76606375,0.505871654,0.930327713,-0.16426459,0.9501127,0.466475308,0.85803169,0.1302789,0.737909913,0.452327549,0.960652828,-0.200557083,0.979780972,0.413985819,0.885910451,0.110345863,0.852820039
0,0.433373511,0.093040876,-0.110763587,0.999957502,0.44192034,0.076220818,-0.118978858,0.999950469,0.445528686,0.075685531,-0.118969217,0.999953628,0.449222326,0.075508937,-0.118943885,0.99994266,0.436816871,0.075949162,-0.092087969,0.999960601,0.436238676,0.075407349,-0.092123486,0.999959826,0.43574357,0.074721947,-0.092174277,0.999962449,0.463417143,0.088570341,-0.113585316,0.999929428,0.447506905,0.082906298,0.004662815,0.999924898,0.439775527,0.11780975,-0.107192531,0.999910474,0.434399754,0.113635361,-0.07306508,0.999911249,0.491232723,0.198533714,-0.168347985,0.999722242,0.433386743,0.208765745,0.103322402,0.999700308,0.445093453,0.327477604,-0.200925991,0.979547083,0.383679599,0.324337989,-0.038369082,0.831785262,0.409448922,0.230301142,-0.137802988,0.943994641,0.390469849,0.239105672,-0.299952298,0.860740781,0.403043807,0.205922678,-0.15808928,0.915878594,0.393589079,0.210450009,-0.336495697,0.7770046,0.410029948,0.196307629,-0.163330495,0.912485123,0.400404751,0.20312646,-0.323846698,0.760440946,0.41409421,0.202891096,-0.136917382,0.871528447,0.402363926,0.212925524,-0.302944183,0.724612772,0.501383603,0.469107777,-0.09891285,0.999738157,0.459984213,0.472961247,0.098814301,0.999735653,0.49579066,0.680306375,-0.125133783,0.992740273,0.461745173,0.669985175,0.207499772,0.844841599,0.49970898,0.896485746,-0.107605115,0.995862126,0.463884503,0.853015482,0.332220018,0.915530205,0.507475495,0.932733655,-0.113448963,0.966562688,0.474368006,0.880325258,0.339989424,0.87299794,0.456972063,0.964719057,-0.23285763,0.994786382,0.420606047,0.907250822,0.280590594,0.955117345
1,0.446051091,0.388406754,-0.427199215,0.999930561,0.451113075,0.375849754,-0.407516658,0.999814391,0.454140604,0.37602666,-0.407520652,0.99986583,0.456875622,0.376121193,-0.407600045,0.99972862,0.440309644,0.374634594,-0.408432275,0.999815047,0.436642677,0.374378055,-0.408537507,0.999886274,0.433663577,0.374356389,-0.408568799,0.999791324,0.461249471,0.382910997,-0.295802981,0.999812782,0.428524166,0.381559581,-0.301669657,0.999840438,0.452174813,0.408302128,-0.386357278,0.999912679,0.439161152,0.406656235,-0.388220102,0.999906123,0.48924011,0.491397053,-0.214013323,0.999308944,0.398063004,0.481979996,-0.22328864,0.999677181,0.510036409,0.595424294,-0.208621815,0.986686051,0.378120452,0.595322132,-0.230787218,0.990247786,0.510350883,0.679528892,-0.30532977,0.944884956,0.396487176,0.682681203,-0.334682435,0.957782984,0.51684773,0.705361724,-0.337526619,0.86364609,0.399361789,0.709366441,-0.368217051,0.867157698,0.511634588,0.703727424,-0.3640275,0.824751079,0.407295227,0.702064514,-0.389158696,0.810164511,0.507319272,0.695838749,-0.316441208,0.693386614,0.408044189,0.691889703,-0.343450874,0.669410884,0.465680182,0.650198042,0.006466014,0.999399841,0.416974723,0.65114665,-0.006571132,0.999573588,0.496346354,0.776321352,-0.234157756,0.991979539,0.398917526,0.797244728,-0.213200167,0.98837316,0.497421384,0.890837789,0.022940772,0.982958913,0.388027817,0.903716505,0.013943068,0.994634926,0.491205722,0.905728519,0.040928304,0.908129513,0.392207354,0.919571996,0.028682869,0.934872568,0.515482962,0.941719949,-0.072106354,0.961423039,0.375974298,0.954490364,-0.096721739,0.982406497
1,0.438549399,0.485671043,-0.297495574,0.999965787,0.443125248,0.471041828,-0.279182494,0.999906719,0.445916981,0.471134454,-0.279189527,0.999923229,0.448709637,0.471420765,-0.279281765,0.999826968,0.432953984,0.471189797,-0.280164868,0.999934196,0.42904374,0.471398622,-0.28021574,0.999958515,0.425406069,0.471695065,-0.280241877,0.999922216,0.453311086,0.478091598,-0.187626332,0.999898553,0.420319021,0.479228109,-0.189455137,0.999952376,0.443725675,0.503220141,-0.263869703,0.999956548,0.431768119,0.503659725,-0.264804155,0.999963343,0.485045612,0.56642127,-0.137022659,0.999005497,0.391336292,0.569411695,-0.146187201,0.999835491,0.506948471,0.67213726,-0.272292405,0.987639964,0.379699111,0.675096989,-0.284013927,0.99287641,0.455995828,0.5906021,-0.40638575,0.945734024,0.432348341,0.593274057,-0.402281165,0.960785627,0.451104641,0.556182623,-0.429017872,0.819551408,0.438584059,0.55717051,-0.426696599,0.844125628,0.45102042,0.552717686,-0.396958143,0.760110676,0.437150419,0.553118169,-0.3965303,0.768751085,0.450917661,0.563278794,-0.395026028,0.593887985,0.43598339,0.565252364,-0.391407192,0.591451168,0.466349036,0.700060189,0.001724766,0.999468684,0.411424458,0.702350318,-0.001756503,0.999730408,0.51697737,0.748531878,-0.307638794,0.990222633,0.367377609,0.765783846,-0.287510604,0.991385281,0.506419241,0.890431404,-0.115779065,0.97776705,0.368207008,0.911506534,-0.120841704,0.995637238,0.498309076,0.91119945,-0.102078766,0.926328182,0.375843346,0.933600783,-0.11038322,0.957571685,0.525555789,0.946618497,-0.2071179,0.962538123,0.347496688,0.960759938,-0.224270329,0.984677792
1,0.439126432,0.502423227,-0.308229744,0.99988395,0.444627941,0.48731029,-0.290574819,0.999675572,0.447639078,0.487873226,-0.290588737,0.99973166,0.450703412,0.488642484,-0.290679842,0.999328792,0.434218615,0.486090869,-0.29011935,0.999773204,0.430438995,0.485962093,-0.290174484,0.999857545,0.427232742,0.486122876,-0.290196449,0.999722958,0.457010925,0.495912462,-0.19957009,0.999646842,0.423703194,0.492866635,-0.195394799,0.999851525,0.445155799,0.521828175,-0.274680227,0.999896407,0.432525307,0.520211339,-0.273993939,0.999914169,0.489393234,0.582926571,-0.146976054,0.998912692,0.394521236,0.588238955,-0.144241035,0.999784768,0.508875668,0.700379848,-0.265509665,0.983973444,0.376952678,0.703975856,-0.273068279,0.992932677,0.457660675,0.609431326,-0.385711819,0.947459996,0.42883867,0.614692092,-0.392725468,0.956702471,0.451160789,0.579111934,-0.40779236,0.851746857,0.437035441,0.577784657,-0.416470349,0.843103945,0.452118307,0.570965707,-0.376250923,0.804567754,0.435945153,0.574372947,-0.387594432,0.772629976,0.451934278,0.579672515,-0.374131024,0.66501236,0.434440494,0.586054981,-0.38252306,0.618104875,0.473243326,0.717297077,-0.000342906,0.999398112,0.415044755,0.719869912,0.000361513,0.999644756,0.526751578,0.762347698,-0.305985272,0.989575803,0.363697857,0.780179441,-0.26737088,0.988978505,0.516056657,0.904081643,-0.096519619,0.971872509,0.369038671,0.909770668,-0.078260489,0.993379772,0.508353293,0.923716247,-0.080985688,0.910043895,0.377241403,0.93101114,-0.065507688,0.956136644,0.535490215,0.956560969,-0.186146185,0.942194879,0.345208436,0.958788395,-0.174841672,0.974852622
1,0.44457227,0.52550137,-0.213385805,0.999951959,0.449619293,0.509299636,-0.201949283,0.99976933,0.452939153,0.509442329,-0.201966047,0.999888897,0.456191063,0.509869039,-0.20201984,0.999573946,0.439020753,0.507780492,-0.203380898,0.99980092,0.435087204,0.507301569,-0.203417018,0.999921262,0.431603938,0.50720638,-0.203448385,0.99975431,0.462524325,0.514778554,-0.137043014,0.999839664,0.426929832,0.511895299,-0.142036378,0.999895036,0.44962725,0.542623222,-0.189301983,0.999968588,0.437762827,0.541783214,-0.191154435,0.999973357,0.49289009,0.602384448,-0.095271751,0.999848485,0.394494861,0.603415787,-0.104518972,0.999832094,0.518184662,0.722814798,-0.170266524,0.996328175,0.378278553,0.726927876,-0.198160425,0.9977175,0.469074726,0.657395601,-0.266102731,0.982616186,0.434341162,0.657212973,-0.285115391,0.984114468,0.458683431,0.629845381,-0.278347403,0.948419869,0.444831431,0.627893031,-0.29618758,0.950332165,0.457912803,0.616469979,-0.247932822,0.935045242,0.44301483,0.61838305,-0.270393372,0.93099165,0.459212571,0.626194417,-0.253623337,0.870438814,0.441013038,0.629582465,-0.273964763,0.85944277,0.472917765,0.724145174,0.000248991,0.999601781,0.416337699,0.730704904,-0.000388783,0.999676347,0.517355978,0.772237837,-0.232676372,0.990765333,0.381577998,0.800815284,-0.183963507,0.985453606,0.509355724,0.910374284,-0.089541048,0.979958653,0.372177601,0.924663723,-0.064816631,0.99370873,0.50227493,0.929442942,-0.079638287,0.929917812,0.377967328,0.941655457,-0.057640418,0.94489193,0.52695787,0.968164861,-0.161407858,0.946668148,0.356957167,0.977922142,-0.148161799,0.972536504
1,0.390514731,0.397900194,-0.229188696,0.999964714,0.399744868,0.390520781,-0.237853095,0.999949515,0.402935654,0.393611819,-0.237721846,0.999954522,0.406534702,0.396916121,-0.237693414,0.99993664,0.395242244,0.385175705,-0.210946232,0.999949157,0.394620091,0.384409666,-0.211003855,0.999960065,0.394134104,0.383703619,-0.210986942,0.999959171,0.418154806,0.416589737,-0.234592125,0.999927998,0.401483893,0.3978495,-0.115311831,0.999946415,0.393598199,0.423451453,-0.226711318,0.999943256,0.388352931,0.41659987,-0.192545235,0.999949157,0.444040835,0.501794517,-0.249847889,0.999795616,0.390817314,0.478673697,-0.034704302,0.999882817,0.401174843,0.588297725,-0.251675934,0.980362058,0.33830452,0.548409939,-0.155879244,0.876489043,0.373219222,0.493601829,-0.166426569,0.965647638,0.359014511,0.489003152,-0.319978774,0.871698439,0.366875976,0.47146976,-0.178524449,0.945185602,0.359449506,0.463663846,-0.338226497,0.769033611,0.37316379,0.465005904,-0.178197488,0.939414859,0.366897494,0.46046114,-0.322698593,0.748965919,0.378104687,0.473858625,-0.162637055,0.897035778,0.37038517,0.47027719,-0.31758213,0.734559953,0.490828574,0.641792834,-0.075456135,0.999839067,0.44740802,0.634129941,0.075594284,0.99988687,0.466754079,0.757745802,-0.352915347,0.997642696,0.377925813,0.711227655,-0.09953291,0.974103332,0.481251538,0.905683696,-0.287613273,0.997412443,0.415143043,0.839082479,0.025789374,0.968397975,0.492417395,0.926920712,-0.28445825,0.972319782,0.427392781,0.860188067,0.03485522,0.959037483,0.451956123,0.951292336,-0.396381706,0.996617377,0.380726993,0.884254336,-0.023069924,0.974670231
1,0.380191892,0.445197672,-0.255376548,0.999985397,0.388630509,0.436036944,-0.265711099,0.999974966,0.390705794,0.437865883,-0.265601844,0.999977648,0.3930884,0.440016299,-0.26559639,0.999975324,0.386570305,0.432728618,-0.239606947,0.999971271,0.386928022,0.432211578,-0.239673793,0.999973893,0.38732183,0.431695879,-0.239645541,0.999971807,0.406009883,0.461234778,-0.264062524,0.999978483,0.395841569,0.446554363,-0.148491696,0.999944448,0.381485492,0.465666473,-0.252785385,0.99998641,0.378758401,0.464106083,-0.219601199,0.999977827,0.429102898,0.557330072,-0.287730336,0.99996841,0.380838722,0.527787387,-0.053697832,0.99994421,0.389013588,0.648498178,-0.291392833,0.991549134,0.328032404,0.612359703,-0.148251727,0.855553925,0.356010735,0.561008155,-0.213051304,0.969624937,0.341403157,0.55084902,-0.310407251,0.852136433,0.347565204,0.534411371,-0.234899417,0.948263884,0.339882076,0.523875356,-0.325882345,0.767302096,0.354333729,0.527439415,-0.238498718,0.945500493,0.346836895,0.520768046,-0.31771192,0.762707055,0.359629661,0.537448823,-0.212097436,0.908380449,0.350993782,0.530441225,-0.310404211,0.743445694,0.484236449,0.670476854,-0.082028799,0.999964297,0.444418162,0.665474772,0.082177527,0.999945998,0.452703178,0.751061976,-0.369224906,0.998145938,0.369003326,0.707291126,-0.04840105,0.959659934,0.473324805,0.91163069,-0.334095061,0.99794805,0.397332966,0.84064883,0.044355176,0.961785197,0.48413378,0.933925867,-0.332433254,0.978974462,0.411211431,0.866450191,0.050698876,0.962280452,0.44630596,0.962730587,-0.428070426,0.997166693,0.362009734,0.873507142,0.013581026,0.97038883
0,0.38219893,0.094048567,-0.190525949,0.999877274,0.390327007,0.08101891,-0.202891782,0.999799192,0.392728359,0.081793994,-0.20295091,0.999860227,0.395438582,0.082819544,-0.20300664,0.999874949,0.387330323,0.079907358,-0.170796812,0.999664128,0.387329727,0.079847261,-0.170748264,0.999639094,0.387368053,0.079825945,-0.170756742,0.999481201,0.407747149,0.09801399,-0.209985346,0.999876499,0.397112876,0.093954042,-0.066680528,0.998358369,0.385733187,0.114745453,-0.191426799,0.999903738,0.381265104,0.113887273,-0.149913579,0.999608099,0.441457927,0.205757216,-0.228252202,0.999986351,0.385415107,0.206939399,0.044006459,0.998532355,0.477012247,0.317511529,-0.223518059,0.993151546,0.39888832,0.328377128,0.10134203,0.352443159,0.517576277,0.418230623,-0.200994983,0.973272562,0.407570302,0.416610748,0.019867482,0.388457507,0.535565674,0.444961548,-0.220796436,0.953479409,0.414911479,0.442439556,0.018771436,0.366494149,0.532221019,0.449071676,-0.233655736,0.954056859,0.412753731,0.439828724,-0.014573227,0.371818572,0.524894476,0.444003969,-0.202690631,0.924890876,0.412528962,0.434741348,0.00420568,0.359136134,0.440052837,0.44241488,-0.082559489,0.9999668,0.398320675,0.449278057,0.082760133,0.999554217,0.439548641,0.614780843,-0.319557697,0.99690479,0.390609384,0.607985556,0.242354691,0.883009493,0.449155599,0.815115452,-0.358416826,0.998254776,0.391281664,0.757281184,0.466886044,0.916187346,0.456556529,0.835980713,-0.369335681,0.978429139,0.406588614,0.782046437,0.483212531,0.860827029,0.43454802,0.891345978,-0.528031647,0.996878922,0.365748405,0.82262367,0.412370235,0.941006482
1,0.367522269,0.43864888,-0.210682213,0.999954164,0.376739055,0.428203315,-0.222801879,0.999938667,0.379479438,0.429616898,-0.222697541,0.999946952,0.382706583,0.431418836,-0.222681105,0.999942839,0.372965157,0.425916493,-0.192511365,0.999921739,0.372709125,0.425777793,-0.192600191,0.999933541,0.37265861,0.425461739,-0.192570269,0.999927819,0.395788878,0.449289262,-0.23050724,0.999948144,0.382915407,0.438591659,-0.096037053,0.999846101,0.370227128,0.45945245,-0.21234563,0.99996525,0.365838736,0.45784235,-0.173754245,0.999930799,0.42437619,0.547678947,-0.266719431,0.9999336,0.373714387,0.524913967,-0.007187464,0.999812007,0.381890565,0.657879531,-0.270660222,0.982667744,0.338911712,0.600604355,-0.104865171,0.663315296,0.335991114,0.582934976,-0.1691688,0.966829777,0.324715257,0.572259784,-0.282494396,0.759600461,0.322428435,0.562327862,-0.188120738,0.950752139,0.317043185,0.549261987,-0.299484581,0.691011786,0.331644118,0.547479749,-0.186858982,0.948717415,0.326083392,0.538556099,-0.300082356,0.6957286,0.338962585,0.554576099,-0.165670112,0.906172156,0.332513422,0.545526266,-0.28793171,0.669650853,0.475317299,0.679531157,-0.081972271,0.999966025,0.434804738,0.668598652,0.082017802,0.999914587,0.436972171,0.768023551,-0.367136151,0.997998059,0.359457999,0.71200794,-0.022076201,0.932301462,0.468672425,0.915868461,-0.319207817,0.997629762,0.393884689,0.83410728,0.089133196,0.947820246,0.482577175,0.933876395,-0.316948771,0.980212331,0.409173459,0.865897477,0.09755332,0.935729265,0.44314757,0.969208658,-0.41038838,0.996726453,0.360786408,0.873904884,0.063314505,0.962421238
0,0.367037326,0.098119445,-0.197395802,0.999933481,0.375041187,0.085291833,-0.208199933,0.999895811,0.377212346,0.085747093,-0.208252132,0.999921501,0.379568219,0.086288296,-0.208292648,0.999931872,0.372201413,0.08470314,-0.177646682,0.999832571,0.372342169,0.084750697,-0.177582592,0.999822259,0.372510701,0.084744014,-0.177570149,0.999768317,0.392487228,0.100734726,-0.20969829,0.999930799,0.381874174,0.098915525,-0.073655963,0.999252319,0.372018665,0.118063226,-0.196127206,0.999949455,0.367412031,0.117080271,-0.156799823,0.999824464,0.43269065,0.206591591,-0.237769127,0.99998498,0.37355721,0.208597258,0.053321589,0.999076664,0.472723484,0.308601648,-0.241065294,0.991871774,0.394373149,0.315908492,0.13131918,0.352720201,0.51916486,0.403628439,-0.241896451,0.975731015,0.403986037,0.419250488,0.057712503,0.399360299,0.534997642,0.43102622,-0.268002301,0.958180666,0.408185691,0.450545341,0.05483098,0.371644527,0.53078872,0.437936395,-0.281977355,0.958476067,0.405400217,0.448892623,0.017454442,0.37814483,0.523645163,0.430505991,-0.245246172,0.93322289,0.403746277,0.437613696,0.039728098,0.363542378,0.432302445,0.439469516,-0.085688122,0.99997431,0.391734809,0.44656685,0.085763179,0.999705732,0.433366388,0.615342557,-0.21475561,0.99716419,0.382075042,0.612153828,0.152749851,0.893592894,0.449157983,0.807583928,-0.1835455,0.998096704,0.381150097,0.782648921,0.313555449,0.920326054,0.460029542,0.824791908,-0.187278673,0.980712175,0.387998194,0.805037677,0.322006971,0.872228563,0.432023913,0.888486326,-0.326981395,0.996783853,0.35003534,0.845380008,0.248155057,0.942635357
1,0.353105664,0.47014764,-0.325308949,0.999955833,0.362213224,0.458596349,-0.329820037,0.999933422,0.365108699,0.459805787,-0.329705149,0.999945283,0.368492454,0.461402625,-0.329711765,0.999938607,0.357880682,0.456215352,-0.306875885,0.999915838,0.35752964,0.455761224,-0.306998998,0.999934971,0.357289404,0.455204934,-0.306944728,0.99993223,0.38078317,0.476484627,-0.301883608,0.999941707,0.365925461,0.466093004,-0.205762595,0.999885201,0.356706589,0.488552451,-0.31570524,0.999958038,0.350644529,0.487863332,-0.285933077,0.999929428,0.407033354,0.576997638,-0.31795603,0.999953508,0.356063724,0.547567666,-0.110188834,0.999842525,0.365238369,0.689148009,-0.360544503,0.986020386,0.320607692,0.621375978,-0.245590448,0.693885684,0.313482404,0.620272458,-0.324825734,0.973199487,0.305456549,0.605337083,-0.477398276,0.781346679,0.299460769,0.60577333,-0.357782811,0.958692253,0.294261158,0.591462195,-0.505164027,0.722904623,0.306684315,0.589453936,-0.354695916,0.958688319,0.304595411,0.582563043,-0.508946061,0.738229156,0.315183133,0.593699872,-0.323268741,0.91988498,0.312341094,0.587293923,-0.485212177,0.719289124,0.466834366,0.68126452,-0.077239349,0.999939919,0.426896691,0.675918937,0.077254169,0.999869287,0.421237767,0.768359303,-0.383304447,0.997591734,0.349873573,0.716359735,-0.052892592,0.935811341,0.452074736,0.921137631,-0.296377063,0.997329056,0.385555446,0.844125628,0.076635137,0.941045761,0.465018421,0.942134976,-0.290577054,0.977490544,0.398130924,0.863263071,0.086288966,0.933488846,0.424775094,0.96990186,-0.395525843,0.995309353,0.351274192,0.89074868,0.036208678,0.949813545
1,0.450062364,0.444858402,-0.500116169,0.999992192,0.456520379,0.427086353,-0.483523577,0.999981582,0.460930556,0.426732481,-0.483470112,0.999981344,0.464437902,0.426498801,-0.483561426,0.999949634,0.444132984,0.427174985,-0.480488956,0.999983668,0.441002756,0.42690742,-0.480554163,0.999988675,0.437811434,0.426993549,-0.480562955,0.999980628,0.471156776,0.430194139,-0.369072378,0.999977767,0.435104311,0.432510465,-0.354772061,0.999995232,0.459505022,0.462901741,-0.456174493,0.999995589,0.444551855,0.464098513,-0.452403247,0.999997258,0.509700537,0.520893037,-0.28650558,0.999924421,0.403965175,0.52262032,-0.269073755,0.99997139,0.537732363,0.660565972,-0.47007519,0.995628238,0.358365446,0.650842488,-0.460952103,0.998475611,0.476181418,0.583793223,-0.685511649,0.989657044,0.423765868,0.5832057,-0.661803067,0.979408562,0.460322678,0.560692132,-0.728625655,0.967387319,0.437192649,0.55640322,-0.70216465,0.911349356,0.459972501,0.547118604,-0.695850074,0.953738391,0.4397735,0.546746135,-0.669090152,0.861582577,0.463562876,0.555316806,-0.675608814,0.872111559,0.43766591,0.556585789,-0.651589036,0.732620299,0.491805136,0.672744572,-0.004840442,0.999696434,0.432426423,0.673878491,0.004779996,0.999772251,0.553019881,0.721605778,-0.389090419,0.980912149,0.365039676,0.724105239,-0.334075421,0.990636766,0.540483534,0.87967366,-0.12169686,0.973590612,0.39053452,0.86959511,-0.085469492,0.990582347,0.530557036,0.900166512,-0.102965988,0.873375773,0.402501911,0.891746163,-0.068043657,0.961713076,0.553720534,0.949661732,-0.240535945,0.932308614,0.364604741,0.925685704,-0.190812632,0.967409253
1,0.329982966,0.535439312,-0.232618079,0.999994814,0.325555384,0.52669102,-0.251242578,0.999997616,0.328022391,0.523503423,-0.251160324,0.999997795,0.330038667,0.520666361,-0.251236171,0.999997795,0.321497709,0.527996778,-0.222016484,0.99999547,0.322271138,0.523441553,-0.222061679,0.999995112,0.322426349,0.521141589,-0.222047865,0.999993503,0.34281823,0.499892056,-0.272277057,0.999998391,0.335299343,0.493944168,-0.14120841,0.999993265,0.347284645,0.531072497,-0.23592101,0.999997199,0.343344331,0.532918513,-0.19820343,0.999994814,0.400893658,0.518353403,-0.277888477,0.999994338,0.3568964,0.494352847,-0.035767056,0.99995625,0.391481191,0.659634531,-0.258599967,0.986534417,0.323266685,0.57931608,0.03135841,0.625635087,0.35040763,0.561717689,-0.117584273,0.969842553,0.332962066,0.55008471,0.059666637,0.429539204,0.337561578,0.538395703,-0.12171185,0.944736481,0.325531572,0.528532684,0.074448571,0.346644759,0.347193092,0.52585566,-0.126373872,0.943737388,0.336933941,0.525105774,0.075558491,0.331169367,0.352446765,0.533067048,-0.11460606,0.913325489,0.341782957,0.530502975,0.061339818,0.326988548,0.483284563,0.646781683,-0.082056038,0.999990821,0.438342005,0.636550963,0.082127944,0.999971151,0.434793472,0.726771593,-0.372174591,0.994289875,0.348224849,0.651160777,-0.04436253,0.898593545,0.459291369,0.89163059,-0.294745296,0.993217468,0.392505586,0.791350245,0.049856856,0.876512766,0.474456012,0.91749531,-0.288413525,0.974289477,0.407643259,0.817209899,0.056265891,0.897046447,0.423302352,0.941982329,-0.364095837,0.99270469,0.35041064,0.830718338,0.018557046,0.91067481
0,0.389783353,0.132194743,-0.132035866,0.999967754,0.395709187,0.114766337,-0.150777295,0.99996233,0.398446083,0.114156753,-0.15075773,0.99996382,0.401489437,0.113620892,-0.150726512,0.999958634,0.392566353,0.113855995,-0.117791109,0.999965429,0.392561078,0.112823531,-0.117795676,0.999965727,0.392676741,0.111580409,-0.117800266,0.999967635,0.419676036,0.119856447,-0.173645824,0.999941945,0.405941457,0.116168194,-0.026993595,0.999921083,0.395998269,0.151623487,-0.137439802,0.999947786,0.392306864,0.149623767,-0.095201477,0.999926448,0.452601463,0.229459718,-0.214599922,0.999821961,0.394369245,0.227111518,0.08692643,0.999783754,0.423191607,0.359669596,-0.179443181,0.97369498,0.346171528,0.336877823,-0.026287612,0.787766993,0.376842648,0.271270275,-0.042443294,0.93769151,0.358183116,0.271118969,-0.283184677,0.834820092,0.367583662,0.248345748,-0.045991991,0.903833866,0.359905064,0.244692028,-0.315309078,0.742469132,0.373383731,0.2377581,-0.045270953,0.901479423,0.365748912,0.237200081,-0.303465754,0.727402568,0.377980977,0.245365456,-0.0349706,0.858406067,0.368039727,0.246573925,-0.286160141,0.691162407,0.447705001,0.502030611,-0.099036254,0.999886513,0.40950349,0.492206424,0.098876439,0.999783516,0.447668344,0.691859543,-0.095762767,0.996324718,0.400767475,0.651710391,0.294043034,0.905172169,0.463517457,0.890728533,-0.060733877,0.997794509,0.397928923,0.795364141,0.527527273,0.914399445,0.476729721,0.924541295,-0.06423609,0.969244838,0.407466412,0.829991043,0.547252476,0.847019136,0.425822556,0.953104198,-0.187470153,0.997036934,0.351598591,0.830490887,0.50755626,0.962105453
1,0.511562824,0.477658719,-0.245626524,0.999991,0.518053889,0.459867179,-0.230420709,0.999981642,0.521806896,0.459078014,-0.230397373,0.999982953,0.524877071,0.457898259,-0.230446309,0.999969125,0.505261302,0.458322823,-0.228679627,0.99998039,0.501173139,0.456597954,-0.228752896,0.999985635,0.498111725,0.454960287,-0.228754118,0.99997884,0.531449616,0.457712501,-0.142175525,0.99996829,0.492532402,0.456891,-0.133819401,0.99997884,0.519101918,0.496742129,-0.212018818,0.999991357,0.503692269,0.496388584,-0.209833294,0.99999094,0.565163374,0.548227608,-0.08259955,0.999665022,0.459720194,0.548555017,-0.087480716,0.999782562,0.585564256,0.686054587,-0.102760255,0.973446727,0.4497419,0.682419181,-0.115326144,0.990493596,0.53074801,0.601147056,-0.124770686,0.972574055,0.496375859,0.6051085,-0.121551313,0.984244883,0.520505369,0.571966708,-0.124417268,0.920959294,0.506639957,0.571907282,-0.121809125,0.928136408,0.520559609,0.556715488,-0.102996811,0.898856938,0.506335378,0.557630897,-0.101411745,0.896150053,0.522168577,0.56436795,-0.113145508,0.830707431,0.504997611,0.566307187,-0.110806629,0.826426387,0.54183656,0.717448235,0.000704494,0.999854684,0.486708939,0.721034348,-0.000656418,0.999832273,0.604029596,0.732599199,-0.341566265,0.997914135,0.432793707,0.756426752,-0.331525415,0.997375667,0.565428972,0.837154746,-0.05343207,0.985315502,0.477574527,0.835811675,-0.034397613,0.994000077,0.549049377,0.851180613,-0.025582314,0.958552659,0.490830332,0.842808604,-0.005446122,0.97843796,0.577145398,0.913075149,-0.096797638,0.972260237,0.467753112,0.91192621,-0.076465569,0.986328423
0,0.518726826,0.109382547,-0.314023256,0.999792576,0.525428832,0.091185741,-0.299277723,0.999543846,0.52852273,0.091687731,-0.299293339,0.999510705,0.532026887,0.092006691,-0.299310207,0.999432147,0.512663841,0.089996442,-0.295929074,0.999537349,0.508021414,0.089757167,-0.295951575,0.999493062,0.504058599,0.0894932,-0.2960006,0.999506652,0.538223088,0.100701511,-0.183421642,0.9990955,0.498457432,0.098178543,-0.165292591,0.99906522,0.526234984,0.131409362,-0.267729104,0.999668777,0.511473238,0.131002113,-0.263071209,0.999678433,0.572666526,0.206466526,-0.115571484,0.99928689,0.467993081,0.21464397,-0.088762745,0.999436378,0.586879075,0.333572358,-0.256782502,0.975322425,0.453305781,0.337023348,-0.221232936,0.978536963,0.535864055,0.239549085,-0.462338626,0.958230615,0.499613345,0.242229998,-0.434367418,0.968683839,0.526771665,0.206199303,-0.505504727,0.900504827,0.50910008,0.209968269,-0.480024099,0.915379882,0.52536881,0.193771198,-0.491863102,0.890202522,0.50948447,0.199343726,-0.465183645,0.901160955,0.527732313,0.205260321,-0.460627168,0.838848293,0.508732796,0.209973842,-0.432844162,0.857701778,0.549261034,0.469947428,-0.013731031,0.999415994,0.489886343,0.468095064,0.013676822,0.999351561,0.557664454,0.649301291,-0.019834284,0.996578097,0.487404048,0.653229296,0.084027678,0.995150805,0.568514585,0.829055548,0.174731717,0.994911194,0.477975279,0.829023898,0.319503486,0.994369566,0.562402427,0.854266763,0.186660007,0.894169629,0.486152738,0.850275159,0.336369097,0.916915178,0.577200413,0.909887195,0.039073084,0.99124229,0.466387451,0.90521282,0.205189422,0.990034103
1,0.51492238,0.474427909,-0.247131497,0.999989212,0.52190125,0.455745816,-0.232703358,0.999979377,0.525606871,0.454892814,-0.232685044,0.999980867,0.528817773,0.453704447,-0.232738644,0.99996686,0.50873816,0.454360276,-0.230820701,0.999979317,0.504497468,0.452559412,-0.230887488,0.999984205,0.501635015,0.45110634,-0.230892688,0.999976933,0.535831332,0.455783069,-0.14672634,0.999963105,0.496718019,0.45402959,-0.137754709,0.999976754,0.522452712,0.492478728,-0.214171723,0.999987423,0.506685972,0.491897672,-0.211751074,0.999987483,0.570485175,0.547656178,-0.088776283,0.999503672,0.461955398,0.547097445,-0.094810352,0.999781191,0.586479425,0.688023388,-0.109778062,0.969029129,0.454788834,0.68697691,-0.124549523,0.990173161,0.53521955,0.604771256,-0.129369929,0.971537828,0.499463618,0.603265822,-0.129229277,0.984264672,0.525014997,0.573505759,-0.127174065,0.921083093,0.509929538,0.570957839,-0.128368273,0.929745018,0.52493751,0.557338357,-0.105627276,0.899523318,0.509787381,0.556609929,-0.108187422,0.898157716,0.526627481,0.565168381,-0.117493987,0.834880114,0.508550644,0.564883471,-0.118379489,0.829545021,0.545291305,0.724185109,0.002232847,0.999816895,0.488609791,0.725409031,-0.002199684,0.999835014,0.612602115,0.741377831,-0.317727536,0.998118341,0.430414528,0.761453748,-0.316215545,0.997970521,0.567082286,0.836124778,-0.030963475,0.984571099,0.477118075,0.832977057,-0.023633998,0.99365443,0.549489021,0.848814726,-0.002473028,0.965149462,0.49096626,0.839193404,0.005783831,0.978529036,0.580303371,0.915239036,-0.062635802,0.969518483,0.466314018,0.910555422,-0.057736672,0.985041499
0,0.51963675,0.107102513,-0.312478542,0.999587774,0.526386261,0.087650843,-0.297338724,0.999057889,0.529427707,0.087921016,-0.297364295,0.999038339,0.533210993,0.088035464,-0.297390223,0.998896658,0.51390481,0.086697847,-0.294411331,0.998997569,0.509231925,0.086405307,-0.2944282,0.998919129,0.505281329,0.086231589,-0.294487596,0.998942018,0.539855003,0.096007429,-0.179200009,0.998231888,0.49909544,0.094231956,-0.163106829,0.997961819,0.526960015,0.128881723,-0.26507315,0.999320924,0.512228847,0.1289922,-0.261044353,0.999327004,0.575502217,0.203686729,-0.108052924,0.999042332,0.467516333,0.205532134,-0.091146618,0.999187052,0.586762846,0.330074847,-0.247019365,0.97274816,0.453799337,0.328573346,-0.229151085,0.974546969,0.535506129,0.228789121,-0.445077419,0.953050673,0.500762045,0.229208961,-0.440747559,0.962648034,0.527529955,0.194589064,-0.487603039,0.892264962,0.510977209,0.198281839,-0.488038957,0.904186487,0.526943386,0.181845054,-0.475251585,0.881754518,0.511920989,0.184258699,-0.472003311,0.88953954,0.528877258,0.19454962,-0.443857491,0.83102262,0.510653853,0.196636453,-0.438835204,0.844503641,0.548185229,0.467940301,-0.010924353,0.99922055,0.488576412,0.466132492,0.010892978,0.999089897,0.556587517,0.643826485,-0.03579196,0.995911717,0.486015648,0.645519733,0.053138353,0.993739784,0.569033265,0.829056025,0.155731082,0.993850946,0.478341013,0.831251979,0.270047724,0.992893398,0.563965917,0.854583204,0.167367652,0.867680967,0.486407757,0.853156805,0.284776181,0.897858918,0.573468626,0.910739958,0.016564675,0.989688873,0.470732749,0.91248709,0.149400398,0.987846076
1,0.52029562,0.474119186,-0.245170549,0.999993563,0.52659905,0.454711705,-0.229530543,0.999984086,0.530001938,0.45350951,-0.229500979,0.999985516,0.533808351,0.452300698,-0.22953859,0.999973774,0.514067531,0.45434472,-0.227930695,0.99998486,0.509892881,0.45292753,-0.228005767,0.999988616,0.506174028,0.451477319,-0.228010535,0.999982595,0.540366054,0.453768849,-0.142333701,0.999969661,0.501030147,0.454707921,-0.134703726,0.999984562,0.527640343,0.493653268,-0.212298781,0.999990106,0.512481987,0.492971808,-0.21026516,0.999991655,0.57339853,0.546451628,-0.086039871,0.999640584,0.468577951,0.543389142,-0.093741603,0.999835432,0.587381661,0.679996431,-0.106481574,0.98019731,0.457912743,0.678421259,-0.123879038,0.993784428,0.539076746,0.5980919,-0.128521279,0.980169833,0.502647161,0.599974573,-0.126444548,0.989347816,0.530202985,0.569467068,-0.127930313,0.941276252,0.51445663,0.567304969,-0.125831723,0.946637809,0.530230582,0.554745853,-0.106854819,0.925897717,0.514734149,0.552911162,-0.105249479,0.922586381,0.531673014,0.56310904,-0.117204092,0.868580997,0.51299423,0.562773108,-0.115415856,0.863262057,0.551932216,0.724981785,0.002729893,0.999850512,0.494542122,0.724173427,-0.002673765,0.9998734,0.614689887,0.757248163,-0.325945079,0.998476326,0.441442817,0.756507456,-0.333494008,0.998569787,0.570257306,0.838968992,-0.027531911,0.986390591,0.479804575,0.834110677,-0.023006639,0.99266535,0.552932382,0.850706398,0.001569087,0.964578509,0.491119236,0.840808094,0.007333876,0.974442184,0.582313299,0.917259455,-0.059561003,0.972934484,0.46686095,0.910886109,-0.057075761,0.983102202
1,0.427846998,0.426197022,-0.068993613,0.999996662,0.433163971,0.410273582,-0.084683888,0.999999046,0.435602039,0.410568565,-0.08464402,0.999999285,0.438601166,0.410728484,-0.084665976,0.999999225,0.430129707,0.408297569,-0.059207074,0.999998689,0.430238813,0.407543957,-0.059232511,0.999998689,0.430437505,0.40670979,-0.059192605,0.999998629,0.454278231,0.417822182,-0.108157679,0.999999166,0.446255982,0.413817853,0.001045175,0.999998689,0.434464604,0.44616428,-0.076649949,0.999996722,0.430500418,0.442198783,-0.044858612,0.999995232,0.468197167,0.526827335,-0.151881784,0.999948204,0.462340653,0.506966114,0.079050347,0.999756575,0.421468258,0.638595045,-0.116962373,0.96410048,0.428967863,0.611372113,0.023489419,0.300323874,0.416477352,0.541365921,0.025107404,0.906744659,0.419706255,0.538624406,-0.091364741,0.199295744,0.410844326,0.513140798,0.027590688,0.882652223,0.413082689,0.514364481,-0.100063838,0.19351995,0.419974178,0.50913018,0.018370381,0.878252149,0.422036469,0.511105359,-0.085570052,0.178475544,0.425686032,0.518783629,0.026559031,0.861825526,0.428442001,0.522578359,-0.088971861,0.166236758,0.532989383,0.70172435,-0.073386595,0.999992073,0.51363349,0.678626299,0.073411807,0.999976337,0.438539445,0.710091472,-0.193960056,0.99097687,0.440242678,0.670760572,0.163194492,0.540116549,0.499186903,0.851719499,-0.211478442,0.987144947,0.497216165,0.777440548,0.204716846,0.518471301,0.514818192,0.870019853,-0.21063748,0.978039443,0.509436011,0.786903441,0.209029838,0.566601217,0.464972019,0.901115417,-0.224141195,0.986245751,0.481281281,0.816904962,0.228921816,0.667872906
0,0.449961364,0.089291945,-0.074082583,0.999967694,0.455137491,0.073991768,-0.098587193,0.999979258,0.456684738,0.073914677,-0.098571494,0.999984443,0.458328903,0.073776767,-0.0986038,0.999983788,0.453875542,0.072835989,-0.064225875,0.999974191,0.454455703,0.071921587,-0.064218573,0.999973118,0.455089748,0.071029887,-0.064205587,0.999972641,0.473209441,0.082163632,-0.147515595,0.999985099,0.470366895,0.080517039,0.002105973,0.999945045,0.456244171,0.109675452,-0.088936672,0.999945641,0.454293013,0.107452787,-0.045592926,0.999920368,0.48684305,0.192867577,-0.213933393,0.999906898,0.48484087,0.193464845,0.115255751,0.999183893,0.430515945,0.301926672,-0.145334244,0.976703167,0.443929434,0.300320238,0.052025121,0.15824993,0.430374324,0.208468646,0.074316882,0.927674234,0.434996367,0.222548574,-0.108260587,0.230970681,0.430477053,0.183261722,0.078717671,0.900247574,0.431684166,0.197728708,-0.125532001,0.239013523,0.439013302,0.180302471,0.064074002,0.902799189,0.440049261,0.191253468,-0.118730947,0.237396806,0.441658676,0.18748942,0.076223664,0.879955351,0.443256855,0.198393404,-0.112264574,0.225413442,0.503499806,0.445774198,-0.10179653,0.999565244,0.494671911,0.441529334,0.101821221,0.99930805,0.494080126,0.638343632,-0.065810621,0.982643962,0.49077934,0.621810198,0.213831589,0.492552102,0.503840029,0.836608529,-0.049743202,0.982334495,0.500458956,0.798556209,0.33972168,0.61621964,0.518884718,0.871519029,-0.051664867,0.960370839,0.509472907,0.819164097,0.349736035,0.557449758,0.456195295,0.897436023,-0.117477715,0.984279573,0.458797634,0.845324636,0.328105867,0.80230397
1,0.428793967,0.407476336,-0.064829335,0.999996245,0.434496462,0.393975675,-0.081133053,0.999998927,0.436806768,0.394663781,-0.081103705,0.999999225,0.439388365,0.395401329,-0.081139311,0.999999106,0.431314558,0.391191602,-0.053411592,0.99999851,0.431218684,0.390214503,-0.05344332,0.999998689,0.43114987,0.389136642,-0.053420864,0.999998689,0.45443216,0.404453248,-0.10807021,0.999999166,0.445632547,0.398434073,0.011051214,0.999998629,0.435195684,0.427117199,-0.074275367,0.999996603,0.430273443,0.422709793,-0.039730385,0.999994695,0.468891621,0.513906777,-0.157221526,0.999931812,0.462017626,0.501013219,0.093298607,0.999792576,0.423910677,0.640093088,-0.123278201,0.944851279,0.431704372,0.610617876,-0.000480579,0.294229865,0.419201791,0.529112995,0.025539517,0.892757893,0.422373384,0.530224979,-0.168640748,0.295555592,0.414546728,0.49966982,0.028831944,0.86994195,0.416551173,0.501230299,-0.183439791,0.285195917,0.422756732,0.497395456,0.021338455,0.867575765,0.42651242,0.501442194,-0.166617379,0.267192632,0.42764765,0.507602513,0.028000403,0.848273158,0.431864262,0.514597178,-0.166861445,0.245006964,0.529348671,0.700862288,-0.080344535,0.999994636,0.507364094,0.677452445,0.080306724,0.999985874,0.437141001,0.729116499,-0.207965896,0.994030297,0.436588615,0.670978487,0.18287769,0.593838036,0.499925792,0.846355855,-0.188006818,0.986223698,0.496228874,0.765117824,0.228793412,0.539818823,0.513832033,0.864598513,-0.184004456,0.97573781,0.506846607,0.771123946,0.234408095,0.567295492,0.467493862,0.898321867,-0.192168027,0.986917973,0.488947004,0.797693312,0.261120617,0.703357339
0,0.443273395,0.08951892,-0.066423424,0.999969602,0.447645754,0.070837691,-0.091189414,0.99998039,0.449246883,0.070483677,-0.09118522,0.99998498,0.450855792,0.070152089,-0.091229677,0.999984682,0.446338266,0.070468038,-0.057409,0.999973953,0.4470734,0.069781259,-0.05738645,0.99997139,0.447847784,0.069046579,-0.057368655,0.999970794,0.466195196,0.076494224,-0.140994966,0.999985933,0.463425457,0.075318277,0.006085231,0.999937236,0.449974239,0.110394552,-0.081147693,0.999941885,0.448424518,0.110588782,-0.038628988,0.999909163,0.481462479,0.184482917,-0.209011436,0.99990207,0.480747521,0.189529553,0.118128218,0.999064624,0.424228668,0.295937687,-0.145898998,0.975069761,0.442293018,0.296584666,0.062305082,0.149575874,0.425731957,0.200596273,0.083547696,0.926510394,0.431703091,0.214131087,-0.083173044,0.239486635,0.426548332,0.1746362,0.090672128,0.896710157,0.429999828,0.187068224,-0.098611414,0.246279553,0.434365273,0.171365097,0.076991104,0.899912417,0.437462509,0.180913791,-0.091303356,0.243372798,0.436636299,0.179010525,0.086086705,0.877646565,0.440077484,0.188525751,-0.086705476,0.229862392,0.495160818,0.440938026,-0.100495279,0.999536753,0.484280527,0.437556237,0.100501895,0.999307811,0.489440978,0.637766242,-0.047095265,0.975592315,0.485824883,0.622245431,0.179170772,0.519455791,0.498377323,0.832626522,-0.001624311,0.978798985,0.497202545,0.801873803,0.275275052,0.658669353,0.511857629,0.858867884,0.000364884,0.95547086,0.507200837,0.821331382,0.282090187,0.608012557,0.455600083,0.902587712,-0.056571681,0.982409179,0.458175093,0.85437721,0.257441968,0.82553941
1,0.431692421,0.403501689,-0.06277515,0.999997139,0.43667984,0.389735103,-0.081232332,0.999998987,0.438758075,0.389981896,-0.08117938,0.999999344,0.440999687,0.390361071,-0.081193283,0.999999225,0.434306622,0.388149381,-0.052174378,0.999998569,0.434519202,0.387121707,-0.052201468,0.999998689,0.434817612,0.386080086,-0.052166156,0.999998689,0.45627746,0.397424787,-0.11184378,0.999999225,0.450089514,0.393249512,0.014059767,0.999998569,0.439049184,0.422942132,-0.073177136,0.999996305,0.435522974,0.419906348,-0.036938723,0.999993503,0.469438016,0.508294106,-0.16542232,0.999938548,0.466239065,0.488470167,0.09792684,0.999793291,0.41880703,0.632646382,-0.129259571,0.959592462,0.428975433,0.598179519,0.009614442,0.35309878,0.421554267,0.514839709,0.024167677,0.907662511,0.42226544,0.518088162,-0.161586434,0.325003177,0.419483006,0.487420142,0.027089586,0.886056066,0.417449713,0.493064672,-0.176916301,0.320495278,0.428342253,0.486902535,0.016945207,0.886341393,0.426236242,0.492917895,-0.161709845,0.299491733,0.432549,0.496647567,0.025932271,0.870710492,0.431135982,0.504791498,-0.160398781,0.280999005,0.523766458,0.706220746,-0.084805846,0.999989569,0.503166854,0.68037802,0.08473514,0.999979854,0.426716,0.734389722,-0.231620267,0.993505239,0.423514903,0.675747097,0.142953962,0.70849973,0.496764839,0.851295471,-0.186955184,0.988885641,0.492436737,0.763906419,0.16903165,0.634358585,0.512029052,0.867290735,-0.179510385,0.976911604,0.505259216,0.773020506,0.172453672,0.650552928,0.468697876,0.910654366,-0.179595917,0.9890818,0.49055624,0.809676945,0.201323986,0.765212774
0,0.447136074,0.101379737,-0.078828894,0.999962866,0.451398671,0.085146219,-0.103065953,0.999975324,0.453087628,0.084618576,-0.103049591,0.99998194,0.454827458,0.084091417,-0.103082836,0.999980688,0.449914128,0.084651165,-0.068777554,0.999969423,0.450662374,0.083708264,-0.068785578,0.99996984,0.451419741,0.082775287,-0.06878373,0.999968529,0.471069038,0.089413114,-0.151765972,0.999981523,0.46761483,0.088809885,-0.002296966,0.999937177,0.454672575,0.120613873,-0.09365917,0.99994117,0.453041136,0.11939285,-0.050394844,0.9999066,0.490504742,0.197726056,-0.21723707,0.999904215,0.4845469,0.197470352,0.109514758,0.999246418,0.438939005,0.31152457,-0.153940767,0.974315166,0.44505772,0.308109879,0.030806923,0.193775043,0.433820337,0.215237021,0.060335398,0.921823144,0.435303122,0.229555324,-0.157038301,0.264472067,0.431826681,0.190412775,0.065102622,0.890298486,0.431432486,0.20480606,-0.178071409,0.264102906,0.43984741,0.185029715,0.052933209,0.892172575,0.439724147,0.197430953,-0.168927863,0.258392572,0.443045914,0.192522198,0.063231327,0.867726445,0.443058312,0.204979211,-0.160779268,0.243891567,0.508480012,0.451206714,-0.101453923,0.999634027,0.495180368,0.446518838,0.10141585,0.99937433,0.496680409,0.641821027,-0.058390595,0.984801829,0.490792185,0.62158066,0.212046534,0.516827226,0.505992055,0.835860789,-0.040305715,0.984518945,0.49915868,0.791450918,0.334649831,0.588053524,0.527059734,0.868324876,-0.041748159,0.963863313,0.50752902,0.8169626,0.344385237,0.542194664,0.456928164,0.89770931,-0.111477159,0.98643291,0.457198232,0.835825324,0.321807832,0.786788106
1,0.442210734,0.481115252,-0.18239589,0.999958515,0.44523558,0.460463285,-0.16642572,0.999954641,0.447539806,0.459618926,-0.166524261,0.999963343,0.449699342,0.458476424,-0.166597635,0.999953926,0.435803324,0.459350675,-0.185025856,0.999932885,0.431035131,0.457905114,-0.185086384,0.999934793,0.425772518,0.456244797,-0.185048118,0.999910474,0.445618778,0.457468659,-0.069749922,0.99995476,0.41061005,0.460324913,-0.152861148,0.999913335,0.44207105,0.49790436,-0.144411415,0.99996537,0.430535704,0.499814183,-0.168538958,0.999939382,0.450193882,0.530230999,0.017119531,0.999878228,0.364604145,0.554154038,-0.137062103,0.999559164,0.493431091,0.652126849,-0.084827632,0.96337074,0.392817885,0.694913328,-0.159649104,0.91568917,0.453485906,0.547563195,-0.268367052,0.914536953,0.408819616,0.56122601,-0.121142253,0.90691638,0.448283255,0.516690254,-0.294976324,0.799001515,0.416871697,0.540760279,-0.125526935,0.846988201,0.443904459,0.513655484,-0.26092422,0.771691561,0.405011714,0.518506408,-0.128862053,0.82927531,0.441937357,0.525183082,-0.259000957,0.70735544,0.404461145,0.528230608,-0.119164392,0.73921752,0.397420049,0.704436421,0.055158369,0.999821663,0.346319765,0.720283866,-0.054920189,0.999906301,0.485618293,0.704059064,-0.109145485,0.98851949,0.377188444,0.74320823,-0.386812031,0.997364879,0.450211465,0.864837229,0.008096656,0.974789917,0.352619648,0.919052124,-0.294709384,0.996807158,0.43685022,0.900887907,0.017736387,0.958169222,0.341326147,0.950144887,-0.287338078,0.973957539,0.492028058,0.917623043,-0.042116646,0.977540076,0.38178274,0.985242605,-0.3867414,0.994567335
0,0.41583252,0.127420023,-0.247362524,0.999891043,0.419585407,0.105029225,-0.225241899,0.999814868,0.422064245,0.105346784,-0.225258976,0.999772966,0.424089432,0.105657525,-0.225256234,0.999761939,0.410655886,0.102368638,-0.249274373,0.999854326,0.40609622,0.100008339,-0.249304488,0.999853313,0.401572078,0.097714081,-0.249316648,0.999835253,0.42128858,0.112175032,-0.083464496,0.99947983,0.388199866,0.102705024,-0.195790738,0.999808788,0.416401535,0.149301365,-0.190810606,0.999785542,0.406311274,0.146641791,-0.223211363,0.999830782,0.431740522,0.210906342,0.035648607,0.998883426,0.348963201,0.218760684,-0.190992743,0.999709904,0.485083252,0.306728333,-0.073931538,0.876651824,0.381183982,0.322109371,-0.334025443,0.92941463,0.437680662,0.216295943,-0.296433747,0.813913345,0.389312178,0.215782806,-0.482390314,0.945829749,0.428466737,0.181629643,-0.336203277,0.684149265,0.383799225,0.181972593,-0.524021983,0.930634141,0.423041254,0.177445889,-0.313766181,0.66726625,0.380051643,0.176329553,-0.529796839,0.926278234,0.422192723,0.192693114,-0.29431662,0.625233889,0.382261634,0.188846678,-0.48705101,0.880415678,0.418712914,0.478049397,0.080502145,0.996981859,0.366338342,0.483570427,-0.080738418,0.998983264,0.43312639,0.670192659,0.279456288,0.927004755,0.365721166,0.684746623,-0.153151602,0.992754281,0.446266353,0.859647393,0.499543726,0.951677382,0.347729385,0.898652971,-0.156404376,0.991012871,0.435691595,0.889312744,0.516306162,0.902664244,0.341492951,0.933613777,-0.164066389,0.867242992,0.482863486,0.912874699,0.433504581,0.957753241,0.37895304,0.971727729,-0.317292511,0.98151499
1,0.442835152,0.481283814,-0.182326451,0.999958336,0.446433157,0.461605966,-0.165724516,0.999944389,0.448931605,0.461034805,-0.165812284,0.999954462,0.451346725,0.460270315,-0.165857434,0.999940991,0.436489016,0.460150957,-0.184843719,0.999918222,0.431614816,0.458476037,-0.184908748,0.999921739,0.42628485,0.456626058,-0.184883833,0.999889791,0.448723316,0.46056816,-0.068178132,0.999934018,0.412088484,0.457324684,-0.153866366,0.999891102,0.442516327,0.499376476,-0.144363135,0.999952018,0.43106541,0.499131888,-0.169155329,0.999907553,0.453403801,0.528141081,0.019779278,0.999893367,0.368047297,0.561247706,-0.140741363,0.999576449,0.497764587,0.643475175,-0.077832922,0.957579315,0.404246867,0.689430773,-0.145865664,0.892408311,0.450546831,0.549151838,-0.261166841,0.910618484,0.413777828,0.554481745,-0.085699283,0.883068264,0.44274354,0.519064784,-0.287181079,0.793540061,0.418033183,0.531420708,-0.089323238,0.813703358,0.434767962,0.518547833,-0.255480617,0.766268194,0.407094866,0.515257537,-0.095122784,0.794256389,0.433449894,0.528361201,-0.252490103,0.710278273,0.405811548,0.524765193,-0.083979517,0.713037491,0.403904617,0.709075928,0.059291232,0.999837756,0.352284938,0.728032947,-0.059069078,0.999903262,0.493157923,0.709176064,-0.099763677,0.986986876,0.380307943,0.75123179,-0.38832283,0.997594833,0.452954233,0.86847651,0.031849399,0.977829814,0.355924785,0.914554179,-0.270036191,0.996611297,0.43783626,0.906773686,0.043402825,0.965656698,0.343019038,0.942644656,-0.2597121,0.977852702,0.495786339,0.926241279,-0.012168456,0.979490519,0.381001949,0.988021016,-0.347748101,0.994372249
0,0.420098543,0.122792363,-0.164333925,0.99984163,0.420963049,0.102083482,-0.144330591,0.999764681,0.421943367,0.102003776,-0.144381493,0.999697328,0.422909319,0.101938322,-0.144397542,0.999702096,0.413983762,0.100049175,-0.170504928,0.9998101,0.410233915,0.098146707,-0.170525193,0.999805033,0.4057239,0.095839821,-0.17051895,0.999794483,0.41721344,0.10722249,-0.020617697,0.999213398,0.39122504,0.099427268,-0.13733694,0.999773324,0.418145359,0.142957151,-0.115904927,0.999715507,0.41035372,0.140222371,-0.149917215,0.99978292,0.43065685,0.208932161,0.077617772,0.998174727,0.353375345,0.215283051,-0.152187213,0.999583423,0.488517523,0.293651551,-0.075674213,0.867394388,0.384533793,0.311970383,-0.225231573,0.926059544,0.438224882,0.204602554,-0.333288729,0.789561927,0.394400001,0.223067328,-0.236326173,0.923149347,0.429370701,0.169107437,-0.380500972,0.64525944,0.393015653,0.187622771,-0.259592205,0.898710072,0.424222291,0.168270528,-0.352856219,0.624306858,0.385954618,0.181152597,-0.268779427,0.893256366,0.42392078,0.183838755,-0.331337214,0.593126595,0.388115406,0.197787642,-0.238536388,0.841176033,0.420745373,0.477031589,0.076464981,0.997546077,0.36928162,0.480855644,-0.076620601,0.999056041,0.432348669,0.673959196,0.176290184,0.919589281,0.366265357,0.685323298,-0.132000238,0.991674185,0.446616411,0.868283987,0.32326299,0.954098463,0.349746406,0.899045408,-0.104632005,0.989161193,0.437643826,0.897561908,0.332245678,0.900907755,0.343877912,0.935778916,-0.108657323,0.858878791,0.486802638,0.921833456,0.243316725,0.957791805,0.376365364,0.97160238,-0.247361094,0.979318202
1,0.462359339,0.510145843,-0.135874853,0.9999789,0.464740813,0.494994938,-0.120635688,0.999977589,0.466622293,0.495720685,-0.120722495,0.999981701,0.468329042,0.496444404,-0.12075454,0.999976635,0.454813391,0.491585493,-0.141600996,0.999965191,0.44951278,0.489754409,-0.141672164,0.999966443,0.444042206,0.487750024,-0.141667023,0.999952734,0.462270021,0.501803219,-0.032986082,0.999972641,0.429695219,0.491707325,-0.122110054,0.99995476,0.459663332,0.529859304,-0.101490393,0.999980748,0.44492349,0.529217899,-0.12933144,0.999963939,0.457026154,0.576166868,0.050313808,0.999938667,0.384122759,0.584394455,-0.12038058,0.999756873,0.500523686,0.687631905,-0.045626275,0.949548721,0.407027096,0.720756173,-0.109636113,0.906165779,0.461987257,0.593997598,-0.226011187,0.931861281,0.413105786,0.589216352,-0.043630634,0.897050917,0.457325071,0.573254347,-0.250522733,0.853888929,0.424163401,0.563352346,-0.044321265,0.845960677,0.447914362,0.560538173,-0.221553296,0.837113559,0.410123825,0.546860933,-0.053475715,0.837036371,0.44547835,0.568240762,-0.21891883,0.800558031,0.408927828,0.553885818,-0.043435667,0.785102487,0.392848998,0.735737801,0.063927822,0.999837756,0.346259981,0.740554631,-0.063686617,0.999937773,0.492433488,0.717220902,-0.02252442,0.982454717,0.387532264,0.760781944,-0.334133863,0.998588443,0.451266378,0.87009716,0.082746461,0.978718221,0.357065499,0.924698055,-0.269957483,0.99826318,0.436821938,0.904878676,0.091588676,0.966603696,0.343697697,0.950439274,-0.264945924,0.987939477,0.495571941,0.92601496,0.053374153,0.980086327,0.383620828,0.98554647,-0.3416996,0.99683398
0,0.41930753,0.114897333,-0.110745013,0.99993819,0.420593828,0.093093,-0.089641944,0.999908149,0.422104269,0.093298517,-0.089663558,0.999883533,0.423468024,0.093494721,-0.089659594,0.999892533,0.413079351,0.090199195,-0.111133374,0.999918222,0.40874964,0.088054605,-0.111153938,0.999918342,0.404005527,0.085885175,-0.111145973,0.999910593,0.417768419,0.098827563,0.029429164,0.999762177,0.389600575,0.091387928,-0.068562277,0.99990201,0.4186849,0.134872258,-0.065133281,0.999905527,0.409938812,0.13218306,-0.093723439,0.999922752,0.431316376,0.203543723,0.110074304,0.99926573,0.354777098,0.202294916,-0.098314039,0.99979043,0.491381407,0.279984504,-0.053229831,0.935913742,0.377216995,0.290408522,-0.189942032,0.956806242,0.440831333,0.205633625,-0.286969393,0.905437052,0.395395428,0.242248625,-0.196097419,0.935918212,0.43210417,0.174733222,-0.330815196,0.803676188,0.396348029,0.220945343,-0.215766951,0.910013556,0.426672071,0.172123998,-0.302058518,0.78587085,0.390108079,0.210009724,-0.221073717,0.904707789,0.425844848,0.184360087,-0.283018649,0.760518253,0.393087089,0.21747753,-0.196120232,0.862528145,0.422031701,0.480902702,0.077065803,0.99884665,0.369681239,0.485022873,-0.077221692,0.999545395,0.434012413,0.683628023,0.19476983,0.920964301,0.365691066,0.692620814,-0.133176833,0.994778752,0.442342132,0.865474641,0.330155164,0.945472836,0.353119701,0.904018164,-0.134881407,0.990000486,0.433533251,0.896491826,0.338240981,0.899409354,0.347119451,0.938735127,-0.141250417,0.87754792,0.486856043,0.915287435,0.258972108,0.949409187,0.381319523,0.976300538,-0.271869421,0.97961539
1,0.563328981,0.46289444,-0.045379356,0.999947846,0.562486351,0.445146441,-0.031898696,0.999973476,0.562513649,0.44493255,-0.031941857,0.999979019,0.562226772,0.444534719,-0.031938668,0.999974966,0.55717957,0.443306506,-0.061201733,0.999965429,0.553320765,0.441801071,-0.061325602,0.999974489,0.549117208,0.440076649,-0.06131535,0.99996835,0.546284676,0.445884109,0.038147323,0.999982357,0.531531215,0.443012327,-0.095170155,0.999970734,0.557953238,0.482599676,-0.018235438,0.999961078,0.551629305,0.480345845,-0.056184381,0.999941766,0.528310001,0.53503567,0.123056605,0.999685705,0.510642529,0.556731105,-0.15391311,0.999743938,0.564730704,0.637181699,0.062057681,0.29080382,0.567340553,0.670063972,-0.08897268,0.94348067,0.544968307,0.594719231,-0.087801144,0.154401705,0.547268629,0.586012065,0.131859705,0.736974359,0.537273824,0.587714255,-0.103134513,0.117438875,0.54623425,0.564246356,0.143204719,0.642722189,0.529969335,0.580261171,-0.082803912,0.125086293,0.539736807,0.552984893,0.121847585,0.660095274,0.535452604,0.568473399,-0.084979422,0.131328464,0.538235128,0.557012796,0.130271241,0.670051455,0.462593317,0.722258687,0.094316766,0.999866247,0.440775931,0.748222411,-0.09414456,0.999931216,0.555230498,0.699800551,0.169348031,0.684895098,0.560178816,0.733798027,-0.159305662,0.993499637,0.522904277,0.848673165,0.229227707,0.761373043,0.515707076,0.909863353,-0.156425208,0.99192369,0.508308947,0.874236703,0.234618619,0.756496906,0.498766571,0.943763316,-0.155286714,0.981339455,0.557334065,0.87215066,0.233380646,0.845749974,0.565019011,0.950553298,-0.184623301,0.987320662
0,0.520563245,0.140176147,-0.044897251,0.999531388,0.516253114,0.119576283,-0.033080891,0.999646723,0.515860319,0.119131438,-0.033121217,0.999591768,0.515406489,0.118615501,-0.03313417,0.999571145,0.512929916,0.119430676,-0.069946624,0.999653816,0.510125279,0.118984357,-0.070014276,0.999694347,0.507113099,0.118401803,-0.070039868,0.999698281,0.503389418,0.123269729,0.04370619,0.999194622,0.490461886,0.123364426,-0.118603267,0.999755919,0.516381323,0.160517961,-0.012506394,0.999430478,0.511373639,0.161294758,-0.060320519,0.999566555,0.496008068,0.230963513,0.161611721,0.998360574,0.477241516,0.230352536,-0.195226103,0.999906778,0.542409182,0.313895136,0.091737978,0.187693238,0.548905134,0.309425354,-0.132823467,0.923683643,0.523637116,0.271618664,-0.088858187,0.095422469,0.524805188,0.261319637,0.109343924,0.722660184,0.52240169,0.244982108,-0.11406102,0.08466085,0.519822121,0.237397403,0.119790934,0.683731735,0.51357466,0.241401672,-0.09213905,0.085543491,0.511525333,0.237893298,0.095921144,0.680793881,0.510255456,0.248918846,-0.088694036,0.093588449,0.510065377,0.245026037,0.108618602,0.647934377,0.479342282,0.482900709,0.120467342,0.997262299,0.462960392,0.48751533,-0.120566569,0.999578476,0.497267485,0.641213715,0.303649962,0.13679266,0.496645749,0.679895222,-0.1550951,0.948723912,0.498156935,0.817529976,0.470914036,0.234790608,0.511337161,0.912891328,-0.227068663,0.955095291,0.493284464,0.852823198,0.484762669,0.310705841,0.501493335,0.94755131,-0.239510298,0.916583538,0.54460752,0.854831278,0.463565022,0.459729522,0.56763947,0.953026056,-0.334177047,0.938323081
1,0.564404368,0.449598849,-0.089635879,0.999942422,0.56449616,0.430507183,-0.073972471,0.999966919,0.565374374,0.430544406,-0.074008681,0.999973476,0.565927744,0.430442333,-0.074012458,0.999969065,0.557278633,0.427188396,-0.099859312,0.999958813,0.553000927,0.425248086,-0.09997078,0.999969661,0.54842627,0.423510373,-0.099936761,0.999962389,0.550053298,0.429111362,0.006011972,0.999979794,0.531725049,0.426036119,-0.110297456,0.999962091,0.560342789,0.468444616,-0.059014149,0.999952972,0.551802695,0.464712858,-0.092188731,0.999927461,0.526524246,0.513906837,0.100903429,0.999744177,0.514699936,0.537545145,-0.159919515,0.999683976,0.569414496,0.604616523,0.068460941,0.428251684,0.575381637,0.637306213,-0.091191545,0.936854362,0.549571872,0.569637656,-0.062244564,0.243702859,0.549424529,0.560511351,0.134383634,0.738397181,0.536529243,0.564377248,-0.079436019,0.171698779,0.555208147,0.552626312,0.146419659,0.643700242,0.5279845,0.549952924,-0.067211315,0.180810586,0.543910444,0.537204027,0.123847619,0.661472857,0.53075105,0.560168982,-0.062456481,0.186235383,0.541351497,0.546351612,0.132146001,0.671802521,0.469092757,0.703991652,0.092708305,0.999834836,0.446792424,0.731984258,-0.092543468,0.999907255,0.56104821,0.700498462,0.154928908,0.632556677,0.563430548,0.740051508,-0.144193053,0.989369869,0.522181928,0.843641579,0.212727025,0.672100425,0.516176701,0.909466445,-0.123614132,0.985383034,0.507215202,0.867474139,0.217847228,0.678277552,0.49860388,0.94242835,-0.120925188,0.971011698,0.550825536,0.871919394,0.222030595,0.783300638,0.563528895,0.952945054,-0.143781111,0.978728235
0,0.523420274,0.131711021,-0.020484781,0.999565661,0.518684864,0.110855646,-0.009888095,0.999688923,0.517789841,0.110183813,-0.009934521,0.999624848,0.516762972,0.109317333,-0.009949571,0.999638736,0.516095519,0.110843338,-0.047982059,0.999689221,0.513450086,0.110308893,-0.048037004,0.999709904,0.510325134,0.109770149,-0.048055045,0.999729931,0.501892686,0.114631027,0.059496067,0.999294043,0.493198633,0.117894381,-0.110429034,0.999780953,0.518271565,0.152002245,0.009873505,0.999446571,0.514240682,0.15335013,-0.039283663,0.999567747,0.488746822,0.225730151,0.176458821,0.998219311,0.484546483,0.227111325,-0.203081459,0.999875963,0.526131272,0.296154112,0.14633669,0.097058669,0.553677261,0.297715753,-0.136599988,0.92994529,0.536221027,0.277735591,0.00614163,0.056262832,0.548627734,0.27333796,0.124762654,0.725151658,0.544519663,0.268155247,-0.010330703,0.060212608,0.541495681,0.263137639,0.136697084,0.687151849,0.533894002,0.263470054,-0.004787188,0.061949536,0.532798052,0.255144566,0.118428171,0.683962584,0.537067235,0.267096549,0.000380587,0.070484124,0.529041409,0.257231385,0.126242772,0.660664499,0.476639748,0.479422331,0.123585127,0.997716963,0.465998024,0.484331667,-0.123682603,0.999377906,0.493090957,0.663268745,0.22885251,0.139706999,0.497739851,0.687386394,-0.131779224,0.946666956,0.502870202,0.867769361,0.327033818,0.264043421,0.51313889,0.91411525,-0.166473478,0.956898272,0.495440781,0.906799138,0.333880007,0.329544514,0.501241446,0.953169763,-0.175825968,0.925406039,0.554500878,0.892782748,0.324534595,0.492517561,0.569850504,0.956521094,-0.261265546,0.943986595
1,0.576748312,0.4712345,-0.024199277,0.999722362,0.574339092,0.453081936,-0.014581485,0.999839306,0.574213803,0.452529788,-0.014617534,0.999861181,0.573903203,0.451878995,-0.014645964,0.999851465,0.571119785,0.452240586,-0.044578403,0.999836624,0.569124341,0.451349258,-0.04471802,0.999884367,0.567017138,0.45046252,-0.044731256,0.999887645,0.557879567,0.454792351,0.037796807,0.999871969,0.552648425,0.454562217,-0.096717268,0.999872744,0.572119951,0.487293035,-0.002455628,0.999658763,0.568598032,0.485817671,-0.041325554,0.999696791,0.52665019,0.539919138,0.127222329,0.998254836,0.536820471,0.571735561,-0.162598401,0.999685824,0.5596807,0.628487289,0.141389698,0.084471747,0.592575908,0.684908986,-0.0874874,0.898185611,0.562173069,0.59703964,0.106826529,0.05082899,0.575153708,0.600642562,0.147622779,0.646145344,0.562030137,0.586310685,0.111725211,0.050401185,0.579188287,0.589763403,0.158347324,0.585604489,0.558457136,0.582625628,0.107516348,0.053618621,0.566642642,0.574920595,0.145556122,0.605762839,0.557400525,0.589583695,0.102957413,0.059657734,0.561563134,0.585068107,0.148905039,0.639695346,0.468015105,0.729807377,0.095723838,0.999794841,0.458239973,0.757409692,-0.095558032,0.999931276,0.553825319,0.708135784,0.217222929,0.396025568,0.572584033,0.747738421,-0.138355836,0.987747848,0.521032453,0.844818532,0.296012461,0.544960082,0.517727971,0.910758734,-0.122445241,0.987733424,0.511770725,0.86886996,0.304356128,0.587883651,0.499760568,0.942865312,-0.119464695,0.978379667,0.549699008,0.867363989,0.323362917,0.722947598,0.566377163,0.948365211,-0.125261098,0.98300761
0,0.516714394,0.123918213,-0.023643563,0.999634743,0.511924028,0.104602665,-0.011506992,0.999721169,0.511308968,0.104246974,-0.011551679,0.999658227,0.510636508,0.103751488,-0.01156308,0.999684036,0.509394884,0.104936197,-0.050508149,0.999734521,0.506859422,0.105035581,-0.050565064,0.999761581,0.504086852,0.1051884,-0.050584726,0.999787629,0.496802032,0.110774696,0.062767729,0.999380052,0.489588022,0.114710249,-0.115791298,0.99982518,0.512484014,0.144702777,0.007947819,0.999435604,0.508856714,0.14624548,-0.042092707,0.999580622,0.48639065,0.224818379,0.177914828,0.997740209,0.488580376,0.222802714,-0.210517257,0.999857426,0.531490266,0.304150999,0.138756618,0.072941281,0.565894544,0.287189633,-0.154449806,0.932416141,0.53482163,0.266506851,-0.003924439,0.041616663,0.543662429,0.259082019,0.114306912,0.678316534,0.541130662,0.256160617,-0.019552644,0.048276931,0.536991954,0.249841094,0.125887111,0.628461897,0.529501617,0.250536621,-0.01182867,0.050000124,0.529887199,0.241639003,0.108209074,0.625717819,0.530037761,0.253908664,-0.009239173,0.057068154,0.528748989,0.24642536,0.115816139,0.618398905,0.478790909,0.482167721,0.12607421,0.997908115,0.474911124,0.484577715,-0.126221731,0.9992401,0.496065527,0.676075816,0.173757479,0.167979404,0.499029338,0.691468954,-0.103776291,0.951046765,0.506478429,0.886230826,0.230749324,0.313369393,0.513082206,0.913632452,-0.090468228,0.964448512,0.499810398,0.919999003,0.232623369,0.378453732,0.501890421,0.95337379,-0.09304554,0.938246667,0.557123065,0.916192651,0.198387235,0.536708713,0.569037914,0.95546639,-0.165123373,0.953805089
1,0.444458544,0.478587717,-0.294037223,0.999885142,0.448008537,0.46028921,-0.274708629,0.999810338,0.451021135,0.459283561,-0.274782598,0.999856949,0.454035997,0.458053201,-0.274895847,0.999774396,0.437755883,0.459118813,-0.28822583,0.999738932,0.432998836,0.456821412,-0.28829515,0.99977541,0.427649885,0.453900218,-0.288300812,0.999637365,0.453139603,0.458595365,-0.163646191,0.999809682,0.4143022,0.45144242,-0.222391367,0.999819279,0.448474824,0.494907886,-0.251115382,0.999935091,0.436986148,0.495395333,-0.268441767,0.999912322,0.467703044,0.541705132,-0.083373532,0.999416947,0.376103282,0.550315022,-0.213069409,0.999847174,0.499392837,0.676825464,-0.255523622,0.921083212,0.413139582,0.682893455,-0.335458487,0.97766906,0.474301487,0.572043538,-0.475087225,0.88707,0.455441177,0.567391336,-0.419481844,0.977132678,0.477465868,0.542147696,-0.50695467,0.783374548,0.463164747,0.54121834,-0.446313947,0.946361482,0.472786993,0.527688026,-0.474006891,0.742943704,0.459759474,0.530008852,-0.4259983,0.931222796,0.468121529,0.540108383,-0.467311919,0.667532206,0.455706537,0.537350714,-0.411709368,0.857575953,0.433090299,0.730827153,0.043937556,0.999464393,0.37845394,0.73776406,-0.043747924,0.999905825,0.499971956,0.70908314,-0.153458059,0.969345868,0.373903632,0.732887268,-0.419613987,0.996836603,0.472165763,0.844412386,0.083125904,0.934924126,0.364364505,0.901221573,-0.213564873,0.995024741,0.459202051,0.872811973,0.103639856,0.919900119,0.357904762,0.918134332,-0.196380511,0.96602422,0.513556957,0.890327215,0.046553992,0.939193487,0.386406422,0.973779798,-0.297849268,0.98924309
0,0.422457546,0.132517472,-0.233706787,0.999971092,0.425323188,0.11083626,-0.211541727,0.999956787,0.42765969,0.110161498,-0.211592153,0.999952734,0.429973751,0.109293357,-0.21162872,0.99995029,0.415676773,0.110564366,-0.229615062,0.999950826,0.410812378,0.109043166,-0.229638174,0.9999488,0.405547678,0.107507363,-0.22963433,0.999943316,0.429947078,0.116533302,-0.079164527,0.999901295,0.393435597,0.112115227,-0.158282161,0.999954522,0.426099241,0.15299359,-0.18258509,0.99996376,0.413936943,0.149520189,-0.205933362,0.999965549,0.445000231,0.223131329,0.024199534,0.99976778,0.360759914,0.220486954,-0.150956392,0.999900877,0.481739372,0.328615814,-0.119098805,0.960870802,0.389074355,0.332816839,-0.244127005,0.9887712,0.459316403,0.232125625,-0.369799465,0.939007223,0.436680317,0.227153063,-0.310442358,0.980941653,0.455717564,0.198201865,-0.415146768,0.856417477,0.444131523,0.197828025,-0.342687428,0.955417395,0.449516773,0.188468039,-0.396276146,0.844165802,0.439866245,0.186993092,-0.337193698,0.949621618,0.447334588,0.204497084,-0.369648874,0.813229263,0.436476171,0.199981779,-0.307900667,0.917076826,0.428843826,0.47688657,0.055526428,0.998862386,0.373969495,0.481400073,-0.055632718,0.999479234,0.442896754,0.675110936,0.105373695,0.965725958,0.374435574,0.680337548,-0.110967994,0.995588124,0.467020214,0.847882688,0.273547262,0.973171949,0.359233409,0.880282104,-0.023481343,0.991240203,0.459649146,0.876938403,0.283563197,0.893080056,0.353936166,0.909264207,-0.021658087,0.866539955,0.494388729,0.902504385,0.168667585,0.968015432,0.378747314,0.957356274,-0.171398997,0.98363477
1,0.452339888,0.488834172,-0.299503356,0.999943674,0.457059771,0.466637284,-0.280375332,0.99990207,0.460361719,0.4652161,-0.280454248,0.999929845,0.463600785,0.46390292,-0.280568689,0.999886334,0.446651846,0.466162264,-0.293578684,0.999862432,0.441878945,0.463900328,-0.293649614,0.9998824,0.436519206,0.461102217,-0.293665826,0.99980247,0.463476121,0.463893086,-0.168647528,0.999916613,0.423547596,0.456085503,-0.229253858,0.999919891,0.45692116,0.505980194,-0.25574252,0.999969602,0.444728076,0.505880713,-0.272598743,0.999958038,0.475446552,0.547890604,-0.084150903,0.999698341,0.384482354,0.549554229,-0.225146085,0.999916553,0.506291628,0.677004695,-0.261050075,0.946281195,0.419959247,0.68567872,-0.35099104,0.987993598,0.486414522,0.570752025,-0.480704933,0.914864182,0.465109915,0.570503652,-0.429131031,0.986708164,0.488654196,0.537103891,-0.512524545,0.822528601,0.473759979,0.542949438,-0.456147611,0.964191079,0.483307451,0.522764802,-0.47830835,0.783874691,0.470155567,0.531742036,-0.435238302,0.952801347,0.478542387,0.534391344,-0.472902119,0.713833451,0.466199458,0.53992337,-0.421097696,0.897003233,0.435017169,0.730665684,0.047732323,0.99967128,0.381041467,0.733531952,-0.047552638,0.999953628,0.505547106,0.715775371,-0.124566436,0.979549527,0.373441279,0.729634523,-0.426829278,0.998237729,0.472779989,0.844389498,0.1152336,0.957918406,0.364475667,0.901143491,-0.23121576,0.997189045,0.459849298,0.87200582,0.136873454,0.94431293,0.357895911,0.921341002,-0.214956969,0.977700949,0.512871563,0.891937613,0.080614142,0.959491611,0.382534474,0.978177071,-0.317669451,0.993527412
0,0.422677428,0.132221922,-0.2264736,0.999971449,0.425601184,0.110686898,-0.203814894,0.9999578,0.428145111,0.110020958,-0.203862578,0.999953508,0.43052569,0.109236263,-0.203896731,0.999952435,0.416294813,0.110823378,-0.22085543,0.999950171,0.411691755,0.1096716,-0.220870495,0.999946535,0.406627327,0.108330429,-0.220864534,0.999939978,0.429764986,0.117058478,-0.070064247,0.999910057,0.395417422,0.112997003,-0.145176008,0.999953091,0.425744146,0.152237326,-0.175029486,0.999966323,0.414546639,0.148525462,-0.197209686,0.999966145,0.444373548,0.227425888,0.032823805,0.999801874,0.363694251,0.219266072,-0.140418515,0.999886394,0.485447973,0.330182612,-0.104134955,0.96739918,0.389856428,0.330981582,-0.232129499,0.98896122,0.464583814,0.231216446,-0.350321949,0.95010525,0.439978033,0.225479484,-0.294484109,0.982396781,0.462077141,0.198991984,-0.395540446,0.875142515,0.447995663,0.19613938,-0.326877713,0.95725888,0.455193043,0.189740673,-0.377613902,0.863938868,0.443632275,0.185856909,-0.321330488,0.951382816,0.452914178,0.205211788,-0.350366443,0.834513426,0.439878136,0.199171826,-0.292117298,0.919316113,0.428093195,0.476893365,0.056193817,0.999037087,0.374419987,0.480472684,-0.056308579,0.999438345,0.445375204,0.676181555,0.116042949,0.969460309,0.375112981,0.683374465,-0.107463479,0.994770408,0.466779768,0.848812044,0.279113621,0.974353373,0.361309141,0.881522596,-0.020996492,0.989837289,0.456585348,0.877420187,0.28890425,0.90035212,0.356909096,0.904701769,-0.019136045,0.847176492,0.497619629,0.903931677,0.17431353,0.968003333,0.375829369,0.958184302,-0.165714338,0.981405735
1,0.452075481,0.486785471,-0.29259634,0.999936044,0.456860721,0.464648813,-0.275021374,0.999898076,0.459894031,0.463361204,-0.27510345,0.999925613,0.462818801,0.462116778,-0.275225341,0.999884963,0.446507931,0.463972181,-0.288489431,0.999859393,0.441577375,0.461584777,-0.288565338,0.999883711,0.436370313,0.458759785,-0.288589329,0.99980998,0.462174743,0.463615417,-0.17221278,0.999918759,0.424313784,0.45446685,-0.2298204,0.999919534,0.456194937,0.5044052,-0.252287298,0.999970138,0.444194227,0.503619492,-0.269190699,0.999959826,0.471522421,0.546402097,-0.092690133,0.999616742,0.385647923,0.54727149,-0.23293221,0.999906898,0.504318833,0.670879602,-0.26617533,0.946611226,0.421866834,0.679229856,-0.354261994,0.990279496,0.486892313,0.564454973,-0.467720926,0.900999904,0.4673509,0.565513134,-0.413363546,0.988736212,0.490783155,0.5301947,-0.497404277,0.795943081,0.476717621,0.540026605,-0.437862009,0.969162524,0.484425843,0.517499089,-0.461958468,0.753723085,0.472475618,0.528710425,-0.418203771,0.960254431,0.478880405,0.528881431,-0.458868742,0.69070363,0.467831373,0.537461221,-0.405565321,0.916597486,0.431268692,0.727940142,0.046148151,0.999525309,0.377478927,0.731695831,-0.045923941,0.999937594,0.50354135,0.720609128,-0.116284274,0.97717315,0.376645803,0.735516131,-0.402483523,0.997829497,0.473650753,0.840672791,0.105149351,0.946039498,0.36697486,0.899292827,-0.230623156,0.996177137,0.460727364,0.868189096,0.125730366,0.923730493,0.361944973,0.916792393,-0.216593593,0.97144407,0.512900412,0.890423357,0.077827089,0.942443848,0.381749421,0.978416681,-0.312574923,0.991180658
0,0.424079508,0.131908923,-0.218747944,0.99995631,0.426563889,0.11110238,-0.196560234,0.999935567,0.428653628,0.11018952,-0.196604073,0.999926984,0.430639446,0.109326318,-0.196633384,0.999925792,0.417891324,0.110553235,-0.215491563,0.999927342,0.413535416,0.108941525,-0.215502173,0.999922216,0.408511639,0.107018642,-0.215497047,0.999916673,0.429516017,0.115863398,-0.06580241,0.999838293,0.395447105,0.109915487,-0.149479419,0.999931812,0.426876873,0.15133664,-0.168264613,0.999946713,0.41589728,0.147536591,-0.193063393,0.999951065,0.44476074,0.221161142,0.034724548,0.999742329,0.362350643,0.215031222,-0.151840538,0.999883831,0.486928046,0.322567016,-0.111574195,0.959312499,0.391206801,0.317985117,-0.236188963,0.989132404,0.464796633,0.227246448,-0.364455879,0.940994501,0.443457186,0.21886614,-0.271104068,0.97985822,0.462878227,0.196275949,-0.410926729,0.859602034,0.45227319,0.190668359,-0.3006697,0.952756882,0.456769854,0.18617709,-0.392301887,0.848178387,0.447866023,0.178921893,-0.295793265,0.946872473,0.454443216,0.201383635,-0.364703536,0.81930095,0.444122642,0.191960201,-0.268175781,0.913508892,0.427476257,0.474145979,0.057665579,0.999022305,0.373302549,0.477660298,-0.057765357,0.999534488,0.444930404,0.67195344,0.135932848,0.969363689,0.373588502,0.674152434,-0.123286031,0.99542284,0.463730186,0.84083575,0.31365788,0.975984693,0.362287313,0.877094686,-0.046396714,0.991149068,0.454422951,0.865889311,0.325012475,0.902053475,0.359641135,0.898485065,-0.045623217,0.854436696,0.497222841,0.89646405,0.216562986,0.970327735,0.374883145,0.958045602,-0.195250615,0.983817518
1,0.556776404,0.459339142,-0.055964164,0.999900222,0.555541933,0.440560699,-0.04298437,0.99993366,0.555582404,0.440029174,-0.043077763,0.999938846,0.555540562,0.439386755,-0.043144111,0.999947309,0.551255345,0.441043466,-0.071910389,0.999925017,0.54798764,0.440853596,-0.072001114,0.999930978,0.544627905,0.440324396,-0.072004281,0.999929726,0.542453945,0.444223076,0.021175966,0.999949753,0.526762545,0.443665087,-0.107342705,0.999896169,0.554228663,0.48081696,-0.030365407,0.999919415,0.549322486,0.480516702,-0.067398578,0.999875963,0.531418979,0.524900377,0.096095607,0.999539554,0.506685615,0.552892447,-0.150745988,0.999366343,0.573116899,0.606355667,0.062947258,0.833987355,0.568710208,0.647638619,-0.119286343,0.960915565,0.576906681,0.512984276,-0.041560255,0.77238363,0.570618808,0.527886689,0.017020769,0.941543877,0.579666793,0.477260679,-0.057035975,0.645284712,0.575737357,0.495757222,0.011330753,0.905591786,0.56959945,0.474685997,-0.041147951,0.634444058,0.565155208,0.489317834,-0.002476061,0.909573317,0.565275133,0.481777281,-0.039402414,0.620028198,0.560548186,0.49597007,0.01490768,0.899155319,0.467658281,0.706602037,0.086746134,0.999856234,0.445726007,0.736468613,-0.086503044,0.999938965,0.544521153,0.709506214,0.137806788,0.579914212,0.550287545,0.737290621,-0.185996383,0.985814869,0.514743388,0.823061526,0.223754406,0.498603642,0.510368764,0.900906384,-0.137201458,0.957823455,0.501705468,0.840244114,0.233152777,0.492414653,0.493452311,0.932787895,-0.131007329,0.931628287,0.535697043,0.848567188,0.237683922,0.645566761,0.554008365,0.943955898,-0.146365032,0.953679681
0,0.50301069,0.134375125,-0.15355508,0.999558866,0.497869194,0.11508467,-0.138800636,0.999614716,0.497842968,0.114066355,-0.138890952,0.999544799,0.497767031,0.113059141,-0.138943106,0.999571085,0.494360387,0.117244273,-0.171606973,0.999563158,0.491505086,0.117610201,-0.171626538,0.999550402,0.488283545,0.117816441,-0.171612486,0.999575913,0.487215132,0.120370962,-0.046067692,0.999115705,0.47457543,0.126322985,-0.191333026,0.99955231,0.501500428,0.15109086,-0.11537955,0.999472916,0.497094154,0.154339701,-0.15755406,0.999561906,0.484759718,0.235839859,0.083143219,0.99879843,0.456508547,0.236825839,-0.242213696,0.999765337,0.524309993,0.330256194,0.021008156,0.322562695,0.516471028,0.328124851,-0.241215423,0.953998685,0.53648144,0.242075533,-0.182061851,0.325355798,0.524944007,0.226747051,-0.115672812,0.904557288,0.540580034,0.213823304,-0.2154551,0.291286379,0.531564593,0.202101856,-0.129102051,0.871730924,0.533031464,0.205734059,-0.204922512,0.287700027,0.523627877,0.194469586,-0.140715227,0.864148259,0.528300643,0.215112984,-0.18686606,0.288028568,0.518861651,0.201323047,-0.115902483,0.828159511,0.470179379,0.488159776,0.110810444,0.996774256,0.451665789,0.493712306,-0.11078544,0.999106646,0.48605293,0.647769392,0.265218765,0.197587669,0.48905617,0.684188306,-0.136066616,0.944151759,0.493819803,0.840706289,0.428370237,0.282595545,0.502182245,0.901507378,-0.150250107,0.941039741,0.488538921,0.867112398,0.440662086,0.30531764,0.491720855,0.936715782,-0.157556742,0.894019306,0.539956212,0.862024367,0.396744847,0.497538924,0.55389595,0.943856239,-0.262774289,0.926960886
1,0.563180685,0.465340763,-0.114685282,0.999930501,0.56325537,0.448289454,-0.094958678,0.999947608,0.56445992,0.448689103,-0.095054962,0.999951482,0.565570951,0.449071199,-0.095123433,0.999958277,0.556408584,0.448001444,-0.119115748,0.999940813,0.553457141,0.447970212,-0.11922276,0.999947131,0.54941076,0.447465807,-0.119222902,0.999945879,0.556648314,0.454792827,-0.007745964,0.999960899,0.533144653,0.455723435,-0.112842783,0.999912441,0.561994851,0.487397075,-0.08270546,0.999935806,0.553865016,0.486020207,-0.113411509,0.999901474,0.543115735,0.530502975,0.077433445,0.999627233,0.514547348,0.556025088,-0.155225605,0.999471664,0.580793142,0.617129326,0.034958445,0.842450798,0.57432425,0.652222335,-0.131824493,0.959951937,0.589197516,0.52759093,-0.0733063,0.791159034,0.578133225,0.535514176,0.007856161,0.942558408,0.595226705,0.500208974,-0.08937756,0.665828586,0.585386336,0.504749179,0.005538107,0.906667411,0.582145095,0.492108762,-0.071730547,0.654413283,0.575083017,0.497098297,-0.008049151,0.909733057,0.576926827,0.499889761,-0.070414469,0.640968502,0.570486784,0.504975855,0.006042524,0.899081349,0.475529611,0.709578931,0.085622594,0.999886334,0.450251013,0.734435081,-0.085421778,0.999950886,0.553942382,0.712154984,0.098131314,0.648429096,0.550547004,0.736592531,-0.196713164,0.988066673,0.518407464,0.828216493,0.195633799,0.582442105,0.511217177,0.900924504,-0.128496081,0.971495926,0.505997777,0.8451401,0.20636043,0.566075146,0.494662762,0.931877673,-0.120370999,0.947981656,0.539519429,0.858027399,0.211221293,0.715908289,0.553454459,0.943365753,-0.13380076,0.968708336
0,0.508862197,0.137734368,-0.095515303,0.999576867,0.503349245,0.118030906,-0.083832651,0.999633968,0.502705872,0.117050797,-0.083921798,0.999563634,0.501987457,0.116033733,-0.083956972,0.999590099,0.500808597,0.119342826,-0.121910475,0.999596417,0.498425901,0.11925865,-0.121917143,0.999567032,0.495788038,0.119046181,-0.121912062,0.999568999,0.489266396,0.121672623,-0.005745117,0.999221325,0.481040001,0.125456333,-0.174971253,0.999631941,0.505420089,0.155091211,-0.061907701,0.999633193,0.502151132,0.156490147,-0.111129798,0.999679804,0.485427618,0.232551575,0.1170514,0.999161124,0.460914671,0.234028324,-0.232624859,0.999839783,0.528180182,0.330545068,0.06229645,0.332006603,0.522885799,0.326087117,-0.206864327,0.960292459,0.542641401,0.23978585,-0.143570021,0.383059949,0.53080225,0.228981718,-0.045705516,0.926171064,0.548292935,0.211106464,-0.175036058,0.348824292,0.538159132,0.202873275,-0.054677874,0.902155578,0.54027909,0.204609483,-0.166844487,0.349361837,0.528623939,0.196792871,-0.065185405,0.895795405,0.534929156,0.215095282,-0.149457529,0.353276938,0.523850381,0.204599425,-0.044300981,0.857475698,0.473773807,0.487056732,0.114412352,0.997736692,0.457582861,0.492556751,-0.114442073,0.999180436,0.486292601,0.663989007,0.248069257,0.218935043,0.486918867,0.688583016,-0.096939124,0.95746702,0.496432006,0.860080361,0.394953579,0.366588891,0.504056036,0.901183128,-0.084453203,0.961614668,0.491420597,0.882296681,0.406018645,0.402167052,0.495126873,0.934603214,-0.08864677,0.924921095,0.543665051,0.877967238,0.364275903,0.613038421,0.555171072,0.941767395,-0.183330148,0.950028121
1,0.565658391,0.463118911,-0.087775931,0.999905944,0.564940989,0.445835799,-0.074219167,0.999934077,0.565312445,0.445964426,-0.074316099,0.999934793,0.565702081,0.44598186,-0.074406788,0.999942482,0.560125589,0.445622027,-0.099482015,0.999929905,0.556805491,0.445411503,-0.099585541,0.99993813,0.553238094,0.4449296,-0.099581808,0.999938667,0.555129945,0.451708645,-0.00650081,0.99993819,0.535697699,0.453275293,-0.119297661,0.999894977,0.56178987,0.484615713,-0.061495047,0.999904633,0.555379748,0.483825564,-0.093977034,0.999869227,0.538153648,0.527474999,0.07205312,0.999507427,0.517895639,0.555373728,-0.159208566,0.999470055,0.582196891,0.604594946,0.06864956,0.75640732,0.579663396,0.644783378,-0.125903726,0.954093099,0.590205908,0.52254194,0.004111302,0.670478642,0.580623507,0.534591436,0.017204577,0.926632226,0.597898901,0.497083843,-0.005148936,0.537809849,0.588864982,0.505626023,0.014959177,0.882936954,0.583787262,0.489838153,0.006864958,0.526378691,0.577543795,0.49660936,0.002349781,0.888065219,0.578632772,0.496185809,0.005882805,0.524754107,0.572454631,0.503608227,0.015686534,0.881924152,0.47695905,0.712038279,0.084502153,0.999844968,0.454479635,0.73957783,-0.084283866,0.999944448,0.553162217,0.716809988,0.106843077,0.510408521,0.55563724,0.748110712,-0.199933961,0.979504347,0.527071714,0.828155875,0.217450425,0.417591423,0.512453198,0.902307808,-0.1432475,0.952468395,0.514908671,0.844628453,0.228647873,0.428422421,0.495703131,0.930604637,-0.135961875,0.928115904,0.548107505,0.855878711,0.238810614,0.579431534,0.554951429,0.942460299,-0.146856353,0.951936722
0,0.454123825,0.112924546,-0.123618618,0.999980211,0.459832728,0.098018445,-0.101698615,0.999979138,0.463592291,0.098634049,-0.101711489,0.999975502,0.466849416,0.099394113,-0.101721361,0.999979079,0.447967917,0.097580127,-0.102132961,0.999967337,0.4436028,0.098192342,-0.102130331,0.999959469,0.439490646,0.099056326,-0.102121726,0.999961138,0.473401725,0.111167021,0.009047559,0.99996829,0.433296114,0.111676268,0.008371935,0.999941885,0.461947292,0.136211738,-0.083546974,0.999969304,0.446510166,0.134464696,-0.084360473,0.999951541,0.501832247,0.225931078,0.017358277,0.999614179,0.407157242,0.214839295,0.009670435,0.999366522,0.510783076,0.277989864,-0.224186853,0.981653154,0.396597803,0.277613252,-0.209231094,0.97047317,0.500918865,0.148171291,-0.44405508,0.990954638,0.41637367,0.154261172,-0.425042927,0.978412628,0.501415372,0.120697275,-0.48842144,0.979147613,0.411227316,0.125038743,-0.472754329,0.952405214,0.50085777,0.113767877,-0.468032181,0.977057695,0.412489414,0.121078223,-0.460003912,0.949315608,0.498638391,0.125680879,-0.442867279,0.968568444,0.416274637,0.132505715,-0.428140819,0.939647973,0.484598815,0.49014926,-0.002379688,0.999829233,0.424604952,0.490908384,0.00218858,0.999797821,0.503395677,0.694567084,-0.05433454,0.997630715,0.401576847,0.700766683,-0.054430805,0.996965408,0.521889269,0.877425313,0.083414182,0.994827449,0.382898808,0.880277574,0.078320846,0.992586792,0.518836141,0.896001875,0.089675888,0.805870593,0.387714744,0.898258626,0.084308937,0.797073126,0.528138101,0.946517289,-0.04777522,0.98771137,0.370839417,0.953410566,-0.046229709,0.983120501
1,0.444756657,0.475036144,-0.580995262,0.999991775,0.452483416,0.456501096,-0.564420342,0.999973476,0.456377804,0.456261069,-0.564436138,0.99998492,0.45979771,0.456158996,-0.564587712,0.999948263,0.438037574,0.456729889,-0.565465689,0.999955535,0.433135688,0.456395328,-0.565535188,0.999979198,0.429806083,0.45600903,-0.565509677,0.999954522,0.466122001,0.462152004,-0.429296166,0.999984682,0.423622757,0.460127056,-0.434210688,0.999987662,0.451832831,0.494100392,-0.527904272,0.999995291,0.435913026,0.494628698,-0.529646933,0.999994159,0.49638781,0.543302,-0.327925801,0.999938965,0.392800629,0.543432117,-0.324115336,0.999883533,0.517994404,0.685127795,-0.540896177,0.991160274,0.376342207,0.688112319,-0.540335655,0.984114051,0.486740977,0.54257828,-0.779056609,0.989812255,0.398896515,0.549649,-0.793959439,0.98408854,0.484049171,0.506653666,-0.823935628,0.966192424,0.396334559,0.509830177,-0.845252872,0.953508079,0.483169407,0.501006663,-0.798149526,0.952683032,0.399482012,0.502993226,-0.812115669,0.927824855,0.481378555,0.512901962,-0.774296641,0.884767652,0.403028786,0.516055465,-0.786033988,0.827669621,0.474671781,0.693915069,0.001548747,0.999917209,0.416854441,0.700649619,-0.001612058,0.999936998,0.53805393,0.70622319,-0.461319059,0.995082438,0.359837115,0.722114623,-0.457530111,0.994458795,0.521911919,0.871339083,-0.18543227,0.988427579,0.382278562,0.879380286,-0.188874692,0.99783206,0.512405276,0.89544636,-0.167621121,0.950380445,0.390876919,0.899119914,-0.17133297,0.983136535,0.531893373,0.944485962,-0.325719714,0.984813988,0.365243971,0.953545034,-0.324726641,0.994829655
0,0.445020765,0.118239246,-0.160433948,0.999969482,0.451222599,0.101321824,-0.140458837,0.999956965,0.45463568,0.101793036,-0.140469342,0.999948263,0.457953125,0.102363236,-0.140470266,0.99995333,0.439490139,0.101016872,-0.14003861,0.99993974,0.435030371,0.101256214,-0.140025809,0.999922395,0.431283534,0.101842105,-0.140026808,0.999925196,0.465346575,0.112716831,-0.024709275,0.99993068,0.425785065,0.11187654,-0.021451037,0.999874353,0.45266524,0.139675781,-0.117094539,0.999957085,0.438268661,0.137674227,-0.116692521,0.999931216,0.494820774,0.219394267,0.00953746,0.999767184,0.400097191,0.211072475,0.007708567,0.999622405,0.516512036,0.320748001,-0.189344674,0.988010108,0.391844451,0.316587269,-0.174414724,0.958325922,0.490399301,0.182297915,-0.404624701,0.990688562,0.409736097,0.178133056,-0.392605931,0.974898636,0.489323199,0.151066288,-0.447230011,0.974363804,0.405280173,0.1517317,-0.439522892,0.94229871,0.489699125,0.1452602,-0.429423481,0.97150135,0.404968649,0.148126051,-0.428679526,0.935894251,0.487327039,0.155349329,-0.403167337,0.958573401,0.408220589,0.157189384,-0.395693123,0.918710351,0.48222661,0.484227329,-0.000755087,0.999793708,0.421431214,0.484499156,0.000629583,0.999776423,0.49806124,0.689647615,-0.017946335,0.997734785,0.405485541,0.698837817,-0.005585229,0.997107983,0.521661639,0.874857664,0.126479656,0.995307267,0.381883234,0.882124186,0.176381215,0.994138122,0.517838657,0.894841075,0.133405149,0.855763137,0.387774706,0.900240064,0.187132969,0.861883581,0.530825436,0.944810152,-0.007919548,0.989857852,0.367418587,0.951348424,0.058192443,0.98741293
1,0.446945906,0.4958812,-0.690477788,0.999986053,0.454278141,0.4745121,-0.675720155,0.999958575,0.458161682,0.47398138,-0.675697148,0.999974132,0.461626053,0.473626763,-0.675850451,0.999898314,0.440536022,0.4749569,-0.675625682,0.999936461,0.435566515,0.474205941,-0.67572242,0.999971509,0.431539059,0.473344296,-0.675720215,0.999935269,0.468796104,0.475540489,-0.530519605,0.999963284,0.4260571,0.474902719,-0.530347466,0.999983191,0.453668356,0.514376342,-0.631736159,0.999990344,0.438199461,0.513772011,-0.631923139,0.999988437,0.499371201,0.549098611,-0.405791134,0.999863565,0.397389859,0.544050455,-0.404689968,0.999913096,0.522240222,0.704203665,-0.640721917,0.97206223,0.376377225,0.702443242,-0.610821426,0.989826202,0.489774644,0.563933253,-0.91202116,0.95961076,0.398696214,0.567167878,-0.832705379,0.979554057,0.486832201,0.530559361,-0.962406039,0.896062016,0.398737967,0.52805686,-0.879392505,0.938462079,0.485596031,0.524730086,-0.936001897,0.858415306,0.402671248,0.520794332,-0.846986413,0.904055476,0.483718306,0.534870207,-0.908381641,0.707049549,0.405459642,0.534166455,-0.824354053,0.779244959,0.478703976,0.704027593,0.002316566,0.999900401,0.419855356,0.709877968,-0.002421268,0.999926507,0.544688642,0.716507018,-0.494985253,0.99321878,0.353485167,0.727646232,-0.451162815,0.995458543,0.521925092,0.872571468,-0.128927141,0.986872435,0.38247937,0.878713369,-0.108579993,0.99789685,0.510969698,0.895257831,-0.100757979,0.958189309,0.392647952,0.899421453,-0.082449734,0.985364079,0.533643126,0.949704289,-0.254892945,0.981199265,0.362864375,0.955148757,-0.229906231,0.99392575
0,0.451602936,0.124720395,-0.178341269,0.999978065,0.457060754,0.106845856,-0.159050614,0.999969184,0.460092962,0.107285023,-0.159061491,0.999962032,0.463923633,0.107907467,-0.159069389,0.999964952,0.445933878,0.105300322,-0.161845222,0.999955356,0.441275448,0.104846254,-0.161835879,0.999942005,0.436759233,0.104889847,-0.161853179,0.999943614,0.470019728,0.117158093,-0.041335054,0.999955773,0.430421442,0.113193393,-0.049738169,0.999914229,0.457867384,0.146035269,-0.133205682,0.999974132,0.44441548,0.143169656,-0.136900321,0.999956489,0.497183084,0.220933899,-0.000313264,0.999838948,0.402147233,0.211469918,-0.023194242,0.999654949,0.524399221,0.325230122,-0.187124223,0.989509344,0.394617945,0.31769225,-0.210437924,0.965656996,0.494482428,0.179790959,-0.391931385,0.990871549,0.414737314,0.1796491,-0.423847616,0.977763534,0.493688196,0.149726257,-0.431762755,0.973681688,0.411662757,0.151431769,-0.468487918,0.946386874,0.493357748,0.145159364,-0.414120615,0.969994366,0.412035137,0.146873429,-0.458968639,0.938990355,0.490841091,0.155593857,-0.390221536,0.955526114,0.414108753,0.156886801,-0.426448733,0.918562174,0.484980971,0.489440382,0.000939826,0.999830186,0.423568189,0.489191979,-0.001070966,0.999815643,0.502409339,0.690776646,-0.0157157,0.998230219,0.404900163,0.702805579,-0.008928665,0.997718096,0.52283448,0.869675338,0.160064489,0.995347202,0.381877869,0.880136967,0.190198585,0.995470881,0.518140852,0.892059684,0.170883,0.868681312,0.388821304,0.901195467,0.203215688,0.900232136,0.530910373,0.944938302,0.035627577,0.989732563,0.365464479,0.95294857,0.076997384,0.989686012
1,0.448904514,0.497423053,-0.664215326,0.999987483,0.456457466,0.476063669,-0.650240004,0.999963999,0.46035099,0.475101262,-0.650235534,0.999977469,0.463909864,0.474143088,-0.650393128,0.999914646,0.442393243,0.475939065,-0.650458574,0.999946058,0.437488407,0.47471267,-0.650555313,0.999974966,0.43356806,0.473453611,-0.650553346,0.999944866,0.470745623,0.473127872,-0.506921411,0.999969304,0.427938879,0.473685503,-0.507487655,0.999985576,0.455626637,0.5151335,-0.605712771,0.999990404,0.440396845,0.514283836,-0.606063068,0.999988019,0.500171185,0.542879403,-0.383576185,0.999885142,0.39826566,0.545810878,-0.385852009,0.999920428,0.523011446,0.695668638,-0.611873746,0.973396897,0.377055496,0.705340624,-0.586060405,0.989912271,0.492044985,0.559420109,-0.880739689,0.958547235,0.401247084,0.566686988,-0.803245068,0.980388582,0.488662392,0.524305403,-0.930925012,0.890046537,0.400607288,0.525753617,-0.848256409,0.938560545,0.487300217,0.517944396,-0.904672444,0.854468167,0.403682858,0.518685222,-0.818234742,0.906032205,0.485577047,0.52953285,-0.877152562,0.702635705,0.406627893,0.532547474,-0.795488417,0.787138224,0.478324741,0.701527596,0.001363613,0.999889791,0.419544041,0.708271563,-0.001388664,0.999925971,0.540810823,0.71597147,-0.489944458,0.994407296,0.355603695,0.730067015,-0.450887054,0.996318102,0.52148217,0.872247577,-0.143787324,0.989805222,0.382015526,0.878654242,-0.116993584,0.998045743,0.509996176,0.89694351,-0.117590412,0.968710899,0.39235872,0.899333,-0.091428861,0.987347424,0.533016562,0.947481871,-0.266774476,0.984675109,0.361553639,0.953692555,-0.23281157,0.994131088
1,0.550284743,0.480697125,-0.037052907,0.999994993,0.543839335,0.46327278,-0.020390358,0.999997139,0.543319464,0.46224314,-0.020443054,0.999997199,0.542730212,0.461196899,-0.020422872,0.999997437,0.541680217,0.466792792,-0.053995378,0.999997258,0.539527953,0.468283087,-0.054098673,0.999997497,0.537008286,0.469894707,-0.054090559,0.999997735,0.531039596,0.467863053,0.054294329,0.999998152,0.521481693,0.478946298,-0.098855935,0.999997437,0.548351884,0.504219592,-0.00847977,0.999996722,0.544320941,0.505580246,-0.052509975,0.999994159,0.515705347,0.53874743,0.127679318,0.999964416,0.513361752,0.606073022,-0.168170184,0.999982119,0.57703495,0.560303986,0.090987362,0.702545822,0.580861628,0.691105843,-0.097639754,0.99311173,0.560220242,0.519896746,-0.01593346,0.510344565,0.558373034,0.554444194,0.091527678,0.963212907,0.56175673,0.498080373,-0.037843775,0.397074312,0.561277211,0.52511555,0.084204473,0.937600553,0.550195575,0.496925652,-0.033691943,0.428034365,0.550407708,0.524111331,0.051957875,0.948763549,0.546685934,0.505275667,-0.020224061,0.439542681,0.547251403,0.535255015,0.083929904,0.947133482,0.424910069,0.706663251,0.11452657,0.999987066,0.405905634,0.756693363,-0.114378169,0.999996603,0.499441952,0.728315473,0.30216223,0.213645071,0.514197052,0.791741192,-0.235825092,0.996202528,0.480728477,0.853887081,0.451974452,0.27915898,0.47071448,0.950056016,-0.218761325,0.968276739,0.467906386,0.87349695,0.468827397,0.351298094,0.452606052,0.9670344,-0.214269325,0.952824712,0.513597131,0.860186875,0.508175015,0.430053562,0.514900327,0.966195226,-0.220857263,0.958931744
0,0.512757123,0.128126621,-0.148837209,0.998873472,0.506223798,0.107712753,-0.136537239,0.998692274,0.505223036,0.106991872,-0.136592939,0.998316765,0.504227161,0.106506392,-0.136634454,0.998350084,0.505006433,0.108844891,-0.173142344,0.998945475,0.503121138,0.108884513,-0.173234865,0.999093771,0.501102149,0.109222338,-0.173254281,0.999204993,0.490639448,0.114922404,-0.057876766,0.997938156,0.488119841,0.119410358,-0.221341342,0.999182463,0.509346664,0.149637237,-0.114411391,0.997400045,0.507846057,0.151535854,-0.161717802,0.99759388,0.472611904,0.215887055,0.087946892,0.996414304,0.485958904,0.243055657,-0.278935015,0.999587834,0.517469108,0.27236861,0.221503064,0.095179044,0.554041266,0.327647239,-0.226215318,0.918319702,0.517932773,0.188091263,0.281945169,0.075217329,0.532140613,0.197676927,-0.005983398,0.816858709,0.511817455,0.15983814,0.292087018,0.068693347,0.530231476,0.167285562,-0.007852404,0.789344132,0.50094384,0.160563931,0.288927913,0.071173146,0.517754018,0.171218783,-0.022805057,0.784884095,0.499688953,0.17242226,0.278184921,0.081625283,0.516008019,0.181439936,-0.006069926,0.757442474,0.475841045,0.50431931,0.1141847,0.996783614,0.477572501,0.519840419,-0.114182256,0.999051452,0.481947899,0.686032593,0.319649816,0.437854797,0.469086468,0.737363875,-0.054220587,0.966905177,0.471635103,0.833639681,0.518572092,0.614955306,0.463606775,0.939130545,-0.008937525,0.973152637,0.463760138,0.868638873,0.535115004,0.6113379,0.457592875,0.970158696,-0.009274616,0.922705173,0.522579134,0.855790377,0.506932378,0.764933646,0.518570006,0.983919978,-0.10140498,0.960750222
1,0.555672765,0.494829863,-0.056314506,0.999993265,0.550912678,0.473926753,-0.040065654,0.999995649,0.550730586,0.472634465,-0.040115129,0.999996185,0.550493896,0.471278161,-0.040106542,0.999996245,0.548140228,0.477516949,-0.073288128,0.999995589,0.545873284,0.478794515,-0.073393032,0.999996364,0.543388486,0.4800722,-0.073383197,0.999996245,0.539420724,0.476118505,0.033427153,0.999997556,0.52749759,0.486207247,-0.115490302,0.999995947,0.552675605,0.516721666,-0.027838316,0.999995291,0.548248589,0.517363667,-0.070769832,0.999991298,0.515618384,0.551539898,0.116514102,0.999953985,0.516392648,0.613121688,-0.183129653,0.99995929,0.573347628,0.600460231,0.072034627,0.759083092,0.580322385,0.71060878,-0.115303442,0.991178155,0.566118121,0.549127221,-0.048997719,0.587479532,0.564980984,0.571206391,0.08534316,0.966573894,0.568412185,0.518418431,-0.071502879,0.433089525,0.57107538,0.541425705,0.080122992,0.937496722,0.558932781,0.520868659,-0.065261863,0.449623436,0.558263063,0.538512349,0.052947391,0.946818292,0.554876924,0.528467774,-0.052560568,0.453448802,0.553635001,0.548907042,0.079692483,0.944579303,0.428793997,0.717060089,0.111315608,0.999979675,0.411204875,0.767278194,-0.111195207,0.99999398,0.501428246,0.746582031,0.268598557,0.265243381,0.515630901,0.798201442,-0.198838741,0.994071901,0.482328117,0.874716759,0.413766444,0.268045664,0.472482532,0.945040643,-0.120224833,0.946484387,0.464510113,0.886781573,0.430241823,0.324876189,0.454484791,0.964724123,-0.109498426,0.921305656,0.514306784,0.888537288,0.469413936,0.410801977,0.516435623,0.961963058,-0.097919211,0.932699442
0,0.52087146,0.132647246,-0.152785555,0.999044538,0.514907598,0.110856488,-0.140532553,0.998917282,0.514057994,0.109673418,-0.14056626,0.998589993,0.513201356,0.108720347,-0.140585512,0.998611152,0.513248563,0.112459958,-0.177644089,0.999118686,0.51115042,0.112409309,-0.177743584,0.999226689,0.508799434,0.112645343,-0.177764446,0.999314487,0.499378979,0.115402803,-0.056734212,0.99794507,0.494733661,0.121228717,-0.219708279,0.999311268,0.517514944,0.153322473,-0.116844811,0.997807682,0.515028179,0.155044362,-0.164819077,0.998105884,0.480102599,0.216167063,0.096100979,0.996308684,0.489864051,0.241806298,-0.276284516,0.999631166,0.5237571,0.290948212,0.213479355,0.076541424,0.559365809,0.333478063,-0.210697532,0.900445044,0.527781606,0.200969383,0.255825698,0.079769686,0.537316203,0.202942953,0.025517499,0.827840924,0.525469959,0.169255897,0.266328961,0.080069363,0.536824942,0.17055957,0.030095961,0.809217989,0.512861431,0.17289345,0.263050139,0.082517743,0.52414757,0.173285365,0.01363025,0.806058943,0.511295617,0.189743683,0.251806587,0.0934567,0.522119105,0.184017241,0.025903437,0.777675867,0.482999951,0.500096202,0.116814949,0.996146679,0.48119086,0.51509285,-0.116828777,0.998800218,0.488281399,0.681772947,0.303597689,0.45403716,0.473885298,0.729280114,-0.079038516,0.963990748,0.474711269,0.83231014,0.48866576,0.654777586,0.465054572,0.935580969,-0.047280535,0.97206974,0.465375423,0.867902219,0.503424287,0.635104179,0.458870471,0.971946895,-0.049310736,0.916009426,0.52421397,0.861582339,0.476629436,0.789240122,0.516879201,0.985095441,-0.139205381,0.961106956
1,0.553905845,0.491378814,-0.043531928,0.999996006,0.548680246,0.472256541,-0.02507641,0.999997199,0.548252046,0.471261293,-0.025108358,0.999997437,0.547755361,0.470139742,-0.025101155,0.999997556,0.54675132,0.474712253,-0.059475731,0.999997079,0.544811726,0.475733787,-0.059590302,0.999997497,0.542565525,0.476880431,-0.059579115,0.999997556,0.535957873,0.475432515,0.052547485,0.99999845,0.526392579,0.484185904,-0.104738034,0.999997139,0.550496161,0.513565361,-0.013651157,0.999996603,0.546570897,0.514072776,-0.05838012,0.99999398,0.513171852,0.554546237,0.130724236,0.999959588,0.513065577,0.608149707,-0.172585934,0.999966145,0.560745716,0.626693189,0.086182147,0.764138103,0.5738796,0.701977134,-0.102743879,0.990955234,0.560155571,0.546833873,-0.037122183,0.586317599,0.561236501,0.570565641,0.103791729,0.964842796,0.565138757,0.517520547,-0.056420315,0.430745602,0.566309094,0.542191088,0.101329781,0.933868766,0.553590894,0.516608238,-0.047366582,0.453671545,0.553423703,0.538405478,0.074813686,0.943673491,0.548439801,0.524551034,-0.039184935,0.457420141,0.549858809,0.547377467,0.09910728,0.941648245,0.426618338,0.724428296,0.108702481,0.999982178,0.408520401,0.768295825,-0.108618066,0.999994636,0.501007617,0.748403847,0.266875356,0.337189168,0.514510632,0.792747319,-0.219078586,0.994755387,0.482833326,0.88084197,0.398397774,0.373539239,0.471631467,0.936649084,-0.151146993,0.95043087,0.463576078,0.893729091,0.413812816,0.423613489,0.455612361,0.95163399,-0.141327158,0.926947117,0.516342461,0.876449168,0.455474705,0.515307486,0.517429471,0.953955352,-0.126152143,0.936426342
1,0.45374912,0.468915522,-0.572152257,0.999997258,0.460833609,0.452781349,-0.553125143,0.999989986,0.464500427,0.452624768,-0.553130507,0.999994338,0.468200207,0.452581912,-0.553265095,0.99997884,0.448088586,0.453086942,-0.552872241,0.999982297,0.443466276,0.452970296,-0.552948475,0.999992371,0.439524502,0.453018457,-0.552925229,0.999981225,0.475167423,0.459261328,-0.418647289,0.999992728,0.434036583,0.457900584,-0.418221891,0.999995053,0.459783643,0.48884961,-0.520802855,0.999998033,0.446161121,0.488575757,-0.52086395,0.999997377,0.505081236,0.543851018,-0.327449143,0.999965489,0.405229509,0.533981979,-0.32117179,0.999929011,0.523940802,0.686478734,-0.563697934,0.993614078,0.392451465,0.684854388,-0.55091083,0.987656593,0.497074544,0.551773727,-0.817983925,0.991231382,0.413742155,0.558277667,-0.813867569,0.986516893,0.496049404,0.518035293,-0.86673516,0.972856164,0.409260273,0.519842207,-0.864191651,0.965314507,0.494241327,0.510296464,-0.837009251,0.962333262,0.413309097,0.512775302,-0.832595527,0.945711911,0.492239892,0.521723449,-0.812193573,0.89516443,0.417477369,0.52400732,-0.807360768,0.858980179,0.483840466,0.69205153,-8.53E-05,0.999940932,0.427253008,0.697453916,1.58E-05,0.999947011,0.542332411,0.714458525,-0.461781263,0.99505198,0.371059209,0.734517395,-0.438265979,0.993608713,0.525271297,0.870114744,-0.151778728,0.991733313,0.395023108,0.87728101,-0.13173686,0.997438133,0.516039252,0.89212054,-0.129812524,0.953374207,0.402921379,0.894276023,-0.110338531,0.977787435,0.535002589,0.943153024,-0.282165885,0.984863698,0.382044286,0.952994764,-0.256423533,0.992593586
0,0.456045955,0.142872825,-0.131506011,0.999956727,0.462376744,0.126271352,-0.112664327,0.999945819,0.465527624,0.126756981,-0.112665676,0.999931633,0.46926266,0.12746641,-0.11267449,0.999941468,0.450968325,0.125864923,-0.114108346,0.999922991,0.446283519,0.126079261,-0.114102699,0.99990195,0.442244858,0.126526311,-0.114120707,0.999908149,0.476078838,0.137062043,-0.005989152,0.999915481,0.436392218,0.136875838,-0.011208382,0.999861777,0.463540375,0.163773611,-0.091396049,0.999950111,0.449235618,0.161859378,-0.093436517,0.999914467,0.503956854,0.2418724,0.021811292,0.999620616,0.412481457,0.23775512,-0.01217196,0.999457955,0.523240089,0.324595273,-0.178438738,0.97796911,0.409895748,0.322760463,-0.2152123,0.957298934,0.500930905,0.190615252,-0.371139646,0.983905971,0.424057901,0.188175246,-0.414274842,0.971350789,0.500447154,0.160906971,-0.408785045,0.961369038,0.419963121,0.16060856,-0.458110482,0.939747095,0.500751138,0.15489836,-0.389878929,0.956795275,0.420076072,0.157216161,-0.448238909,0.933618546,0.498837769,0.164879203,-0.369327009,0.941631019,0.422739357,0.166906744,-0.417650282,0.918252409,0.490763724,0.499735385,0.006089075,0.999834418,0.432015479,0.500085473,-0.006262963,0.999797046,0.505931675,0.695612252,-0.030467698,0.997454762,0.417611778,0.706301391,-0.015193571,0.996077895,0.525403619,0.872383475,0.102225244,0.993725121,0.395769507,0.878776789,0.155270576,0.990806997,0.519963384,0.8919909,0.108825147,0.823077917,0.40046078,0.897678375,0.1659908,0.806846738,0.534761786,0.945128798,-0.020472899,0.987188458,0.384618104,0.952279568,0.047217079,0.981655359
1,0.458994865,0.490668654,-0.613527894,0.999997139,0.46607548,0.474396944,-0.595013261,0.999989569,0.469828546,0.474612683,-0.5950073,0.999994159,0.473494291,0.474819452,-0.595151126,0.999976933,0.454032034,0.472956032,-0.598600209,0.999982893,0.449081838,0.472114831,-0.598683476,0.999992669,0.445146382,0.471458703,-0.59866184,0.999981105,0.479479551,0.481299847,-0.456723452,0.999992371,0.43866691,0.473759323,-0.471606731,0.999995053,0.464538187,0.512704611,-0.559808016,0.999997795,0.450849444,0.509917676,-0.565032125,0.999997139,0.506276548,0.561312377,-0.354507864,0.999964476,0.408934593,0.551568627,-0.368003607,0.99992311,0.534234643,0.690617502,-0.586412907,0.994620502,0.393746585,0.700004518,-0.58513993,0.988602757,0.501892447,0.56044203,-0.84971571,0.992157161,0.416851342,0.566798508,-0.827154338,0.985176086,0.497459352,0.525375605,-0.900739849,0.972271144,0.414888918,0.530422568,-0.877510846,0.958193421,0.495515585,0.52086091,-0.871732116,0.961190581,0.418144763,0.524775684,-0.845265687,0.933299422,0.493836939,0.53180635,-0.844551206,0.89233762,0.421613276,0.53586477,-0.819596291,0.82600987,0.485179126,0.703272104,0.003474168,0.999939382,0.430062056,0.711886585,-0.003525102,0.999954224,0.548298955,0.71864444,-0.45618701,0.995278716,0.373161137,0.732603967,-0.441263735,0.995352089,0.525429904,0.870126486,-0.111373782,0.990791023,0.395231426,0.878766716,-0.105753802,0.998082519,0.515131712,0.891966403,-0.085432179,0.963570952,0.403524071,0.897008419,-0.080716036,0.984215021,0.536257267,0.943676651,-0.23108533,0.985772073,0.380508512,0.953929842,-0.222247154,0.994297862
0,0.460615546,0.145089462,-0.142789394,0.999962151,0.466626465,0.128641546,-0.122866131,0.99995029,0.469471306,0.129153356,-0.122870937,0.999936938,0.473368406,0.129722089,-0.122887157,0.999945104,0.455630153,0.127024859,-0.125738934,0.999931931,0.451000154,0.126731917,-0.125732839,0.999915063,0.446750253,0.126828432,-0.125738651,0.999921441,0.479720294,0.139570817,-0.013370494,0.99992317,0.44090265,0.136452213,-0.024793545,0.999875069,0.4675861,0.166733831,-0.10185796,0.999957204,0.453867733,0.163271844,-0.105739452,0.999927878,0.505546451,0.241839394,0.016736217,0.999685407,0.41493088,0.236436784,-0.018456021,0.999451697,0.535179496,0.320656896,-0.176373631,0.985805213,0.410969675,0.329634488,-0.213877961,0.957829595,0.504766762,0.190339431,-0.367081761,0.985046268,0.428005993,0.196287319,-0.410751998,0.96996659,0.50355351,0.161055028,-0.404445708,0.958468378,0.424520493,0.168357313,-0.454693317,0.932644725,0.502620101,0.155990899,-0.382283032,0.95323813,0.42437014,0.165430441,-0.443277448,0.924815714,0.500498593,0.167340532,-0.363552123,0.936159015,0.426775038,0.174953401,-0.413016707,0.905451536,0.492780268,0.496693343,0.004972781,0.999801278,0.434938252,0.496769875,-0.005132121,0.999757171,0.506120324,0.689457476,-0.023326319,0.997588217,0.419154704,0.703254998,-0.019139977,0.995922208,0.525215209,0.867292166,0.13294521,0.993857682,0.396163911,0.874689579,0.16710858,0.991125226,0.520712614,0.886996865,0.142305702,0.82082963,0.400648594,0.893142343,0.179431394,0.809408665,0.534242511,0.941440761,0.017258372,0.987218559,0.384923488,0.948962331,0.059811004,0.981761754
1,0.45367533,0.498111248,-0.627744794,0.999996781,0.460346282,0.479227155,-0.611470401,0.999989867,0.463965893,0.47904405,-0.611453533,0.999994159,0.467364132,0.478836149,-0.611596763,0.999976099,0.447694004,0.478701651,-0.611691296,0.999983907,0.443298817,0.478095174,-0.611776471,0.999993205,0.439478725,0.47749868,-0.611752152,0.999982536,0.473398536,0.482819825,-0.47823137,0.999992967,0.433409125,0.479572296,-0.480080664,0.99999553,0.459006935,0.517926812,-0.575580716,0.999998093,0.445926815,0.516564548,-0.576399326,0.999997437,0.501394272,0.560847163,-0.374958128,0.999961376,0.401766151,0.556379616,-0.368770987,0.999928355,0.530441403,0.691361845,-0.591279387,0.995179236,0.384845495,0.695097864,-0.579219222,0.991271079,0.497698486,0.558831334,-0.82848531,0.992545724,0.409856647,0.565714478,-0.826374888,0.988627136,0.494393915,0.523795426,-0.875523388,0.972323,0.405169398,0.531067491,-0.876451969,0.966020465,0.492597163,0.520232618,-0.847660899,0.960602939,0.409978777,0.5241642,-0.844171524,0.945913792,0.490532726,0.531522751,-0.822778225,0.8926934,0.414349496,0.535888612,-0.81906873,0.857640266,0.48172766,0.702134609,0.000556853,0.999907553,0.426077545,0.709625185,-0.000621534,0.999933124,0.54580313,0.721849978,-0.460745394,0.99386853,0.368529975,0.735666037,-0.42996344,0.99471724,0.524995923,0.870729744,-0.1307192,0.988078356,0.394606769,0.879003227,-0.118259057,0.997703075,0.514650285,0.892818809,-0.106573083,0.955586612,0.40403527,0.897288203,-0.095439263,0.981523335,0.535075366,0.943312347,-0.253685564,0.981204152,0.379256219,0.952751338,-0.235033467,0.993177354
1,0.565855503,0.457810044,-0.036057204,0.999995053,0.557990193,0.439838916,-0.019428408,0.999997258,0.557211041,0.438446969,-0.019472919,0.999997199,0.556412756,0.437193036,-0.019441841,0.999997556,0.556716383,0.445126474,-0.054762371,0.999997497,0.554925025,0.447458446,-0.054906093,0.999997616,0.552941144,0.450007409,-0.054902904,0.999997795,0.545495391,0.447279483,0.052552156,0.999997854,0.539102733,0.462262481,-0.107206345,0.999997139,0.565139711,0.481699169,-0.008614048,0.999996603,0.562464416,0.485767394,-0.055254735,0.999994636,0.530781865,0.521028876,0.134103492,0.999948859,0.531562984,0.587870657,-0.173572898,0.99998194,0.588107884,0.563948929,0.124850534,0.622978449,0.592463613,0.676273406,-0.093080081,0.987521827,0.574648738,0.513287425,0.040158361,0.62146157,0.577949762,0.544125676,0.148278251,0.949147999,0.577801168,0.492504835,0.026463637,0.544357657,0.580882192,0.515686572,0.148392767,0.923963368,0.566397071,0.486688405,0.024364762,0.576699674,0.569384515,0.513021648,0.122840561,0.935537755,0.562473893,0.492926121,0.034836255,0.563376307,0.566114008,0.522469223,0.144592866,0.932602167,0.439818472,0.694761217,0.11580465,0.99998951,0.422638714,0.744714022,-0.115663968,0.999998152,0.522058666,0.721874475,0.292860985,0.290028155,0.533410549,0.785901964,-0.234296799,0.9964329,0.492934167,0.853569984,0.435364872,0.400660962,0.485837281,0.936504424,-0.188851774,0.963501453,0.477670342,0.877711654,0.450799763,0.434927583,0.468384802,0.95184654,-0.182210475,0.940683603,0.528531969,0.865080714,0.485083103,0.552835703,0.531197906,0.946962118,-0.178566933,0.950795174
0,0.519016922,0.130549595,-0.157169148,0.999008119,0.512706101,0.112576164,-0.141748488,0.998807073,0.511939585,0.111872517,-0.141799465,0.998387396,0.511177897,0.111267619,-0.141845033,0.998517811,0.510607481,0.113851726,-0.174035877,0.999040067,0.508319497,0.11412771,-0.174108103,0.999142826,0.50577575,0.11460375,-0.174095869,0.999276519,0.498358428,0.119256467,-0.05389329,0.997958243,0.49309954,0.124475531,-0.198356196,0.999147236,0.517288625,0.151144996,-0.120456263,0.99754858,0.514502764,0.153875947,-0.161943659,0.997351527,0.487877905,0.216996983,0.0886731,0.996396542,0.499333143,0.244071409,-0.253439933,0.999351025,0.53651458,0.251690954,0.21596539,0.119239233,0.572031438,0.310427397,-0.218025014,0.915186644,0.531145692,0.175722137,0.284002215,0.105558865,0.541760087,0.191803321,-0.033091791,0.815086126,0.526260138,0.143638223,0.295177877,0.093079925,0.538763642,0.160989106,-0.037618019,0.791044474,0.513033986,0.152404591,0.293602079,0.096593924,0.526485562,0.166647866,-0.051809024,0.787825584,0.512024105,0.162950709,0.281371504,0.108004518,0.525197625,0.176932737,-0.033888455,0.76091218,0.494363695,0.500126839,0.110359885,0.996978402,0.496109724,0.51386404,-0.11035689,0.999011219,0.498293012,0.689435005,0.293771565,0.390507817,0.489715427,0.729408443,-0.071853079,0.957051575,0.488801658,0.844010055,0.470348209,0.583007991,0.483984768,0.927000701,-0.039829146,0.964200258,0.47938028,0.869099081,0.484691381,0.574136853,0.476403415,0.961042881,-0.041301083,0.904764652,0.536924243,0.860354781,0.457724959,0.732250452,0.539840639,0.954920888,-0.128643543,0.948721886
1,0.566294134,0.473925769,-0.030402988,0.999996006,0.559201717,0.457939148,-0.014138823,0.999997199,0.558339477,0.456785083,-0.014187135,0.999997437,0.557365537,0.455591619,-0.014162833,0.999997675,0.557966232,0.46175614,-0.048640691,0.999997199,0.556168497,0.463456631,-0.04875306,0.999997735,0.55402869,0.465341657,-0.04873506,0.999997735,0.545040488,0.463479698,0.058293004,0.999998391,0.539179921,0.475371629,-0.099858806,0.999997079,0.564055562,0.496970654,-0.002748628,0.99999696,0.561152339,0.500018537,-0.048097953,0.999994874,0.527698159,0.53739804,0.1333386,0.999968112,0.531248331,0.600963831,-0.164737299,0.999979675,0.585830092,0.576828539,0.135691091,0.740994155,0.593535244,0.690422416,-0.089401431,0.991737545,0.574771285,0.533501744,0.081641003,0.603801072,0.575410485,0.560536265,0.125556022,0.967404962,0.579387844,0.511037827,0.071830481,0.482329249,0.579093754,0.53187573,0.126202419,0.945378244,0.567645013,0.508422911,0.072607562,0.505838096,0.56788224,0.529919624,0.100968339,0.953877509,0.563158572,0.514634609,0.078369126,0.505975544,0.565091729,0.537926257,0.121593989,0.951205611,0.440288246,0.702445447,0.109673299,0.9999879,0.42566061,0.754568636,-0.109448016,0.999997318,0.514789522,0.727352202,0.274136007,0.275201589,0.530105472,0.784009039,-0.233593345,0.996259391,0.494685113,0.865215659,0.405471563,0.368324518,0.486844599,0.941003442,-0.234281629,0.976115942,0.478218079,0.885890305,0.420184046,0.426998377,0.468126059,0.960673928,-0.232176155,0.958778024,0.529988229,0.866523087,0.457131237,0.521431804,0.534993112,0.956554234,-0.236518294,0.968948781
0,0.521032393,0.132420525,-0.162469402,0.99902463,0.514534891,0.114143014,-0.149206415,0.998834431,0.513260365,0.113401845,-0.149248615,0.998506367,0.512029707,0.112724297,-0.149283916,0.998550713,0.513827205,0.114982575,-0.183329388,0.999052584,0.51206392,0.114908852,-0.183418334,0.999193072,0.510196447,0.114989653,-0.183425218,0.999269187,0.498470873,0.119834505,-0.067156427,0.998262882,0.496568203,0.12413419,-0.220582873,0.999244094,0.517277837,0.152850062,-0.127347425,0.997794688,0.515902996,0.156019717,-0.171673492,0.997694016,0.479962289,0.215612024,0.07527633,0.997409761,0.498196989,0.246167347,-0.275610507,0.999551535,0.533750176,0.247799128,0.212831855,0.143477768,0.569242179,0.313958138,-0.224630326,0.933047414,0.526297271,0.173108906,0.301806003,0.11728809,0.539056301,0.194719553,-0.0131073,0.82778424,0.520730615,0.13747026,0.315802902,0.097221918,0.535372913,0.162496641,-0.015898244,0.794813633,0.510299802,0.149540871,0.31191504,0.101945423,0.522869587,0.171199083,-0.031407595,0.793260038,0.509044766,0.160456717,0.298433065,0.114518747,0.522170424,0.181475386,-0.013826896,0.770281672,0.482557714,0.501743078,0.112969182,0.997682393,0.489087164,0.5187729,-0.113025442,0.999227166,0.492090464,0.677550197,0.304443479,0.386737883,0.482196033,0.731026232,-0.046887446,0.961334467,0.486784935,0.81948024,0.490109921,0.560377121,0.482429683,0.923069835,0.006266656,0.972717702,0.479895681,0.857568502,0.505849063,0.590389669,0.474803448,0.958480656,0.007254245,0.935270309,0.534649491,0.850240171,0.480399042,0.718966067,0.538490295,0.94279474,-0.077418879,0.958030283
1,0.569684207,0.488445401,-0.037549321,0.999993503,0.563889563,0.470097899,-0.023272127,0.999996126,0.563167095,0.468957633,-0.023325438,0.999996364,0.562366307,0.467711896,-0.023306374,0.999996543,0.562488019,0.473123074,-0.05742855,0.999996185,0.560771644,0.474282801,-0.057546247,0.999996722,0.558785379,0.475428313,-0.057539545,0.999996841,0.549620986,0.472343057,0.046115104,0.999997556,0.543445468,0.48256281,-0.109363161,0.999996185,0.565911651,0.511053324,-0.010824146,0.999995291,0.562663198,0.512267232,-0.055486433,0.999992013,0.528929591,0.538961709,0.123362817,0.999962986,0.533799171,0.606281638,-0.1789442,0.999975622,0.58087188,0.565863609,0.132880196,0.688786089,0.595141113,0.69614327,-0.104307592,0.991336286,0.575528264,0.532618165,0.084224351,0.567374408,0.577572107,0.561522603,0.109990083,0.963831365,0.579035401,0.5091483,0.074136652,0.470444173,0.580107749,0.534375131,0.107331857,0.940418065,0.567594171,0.50915724,0.071131006,0.497448683,0.568868339,0.53222996,0.080102719,0.94970572,0.563652933,0.517973721,0.078997135,0.506528497,0.565396845,0.542088807,0.10502024,0.948836386,0.441166967,0.712252319,0.111584522,0.999987185,0.426034927,0.759969175,-0.111429691,0.999996722,0.5188815,0.731956422,0.271301121,0.230144486,0.533468604,0.790096223,-0.207166597,0.995004773,0.501592159,0.866477311,0.404823452,0.32020551,0.489305317,0.941325307,-0.161335856,0.965269983,0.486676127,0.886938453,0.419920683,0.384772092,0.471611798,0.958045185,-0.154242784,0.946480274,0.533932388,0.880673289,0.46042037,0.479222894,0.535395741,0.958187103,-0.146136254,0.95692122
1,0.465631664,0.51267755,-0.444270134,0.999713361,0.473301321,0.494422108,-0.427497774,0.998823225,0.4769575,0.494235367,-0.42750898,0.999213576,0.480540663,0.493979722,-0.427629411,0.997279346,0.459735543,0.492485821,-0.426737249,0.998996198,0.455486715,0.491015553,-0.426811069,0.99951303,0.452169806,0.489907205,-0.426851273,0.998806596,0.487497747,0.498236597,-0.320137918,0.998844624,0.446537107,0.494867027,-0.315172732,0.999659777,0.473307043,0.535386622,-0.40318808,0.999809921,0.457876533,0.531565309,-0.402124733,0.999862611,0.522046328,0.585825324,-0.247667626,0.998453021,0.41160807,0.593414962,-0.244936109,0.999736965,0.537261903,0.726796746,-0.429222196,0.975498199,0.399570554,0.732460856,-0.426450074,0.988390148,0.48154512,0.612636089,-0.624995947,0.948770821,0.449375689,0.621688187,-0.607854247,0.967810333,0.477077067,0.582903981,-0.66073072,0.882462919,0.449418157,0.585254431,-0.643874466,0.902480245,0.477807939,0.570817351,-0.624872804,0.837722123,0.450214297,0.575884223,-0.610923529,0.848236442,0.478916556,0.579789519,-0.614345968,0.651802599,0.450565755,0.587476492,-0.597944379,0.680667996,0.498730332,0.730995595,-0.000887441,0.999316037,0.439438522,0.737086177,0.000948335,0.999623001,0.555320203,0.740166783,-0.400849164,0.986172915,0.386143982,0.753751218,-0.375157684,0.985557854,0.542461216,0.895674706,-0.13302128,0.974306047,0.410213858,0.902581215,-0.115705684,0.991097748,0.532216847,0.919266343,-0.113617681,0.912302732,0.420759529,0.925283134,-0.096957318,0.95752418,0.551269352,0.96900183,-0.24852629,0.946678519,0.390482455,0.970678806,-0.228878647,0.97176373
1,0.468821585,0.522943139,-0.411114603,0.99943167,0.475376666,0.503021777,-0.394743472,0.997927785,0.479206085,0.502408028,-0.39475596,0.998549938,0.482713044,0.501887023,-0.394874156,0.995458841,0.46274823,0.503864765,-0.394096315,0.998249829,0.458240211,0.503722966,-0.394159645,0.999095619,0.454776198,0.503738165,-0.394192964,0.99789685,0.489762217,0.504930496,-0.289207488,0.997918546,0.449644506,0.506443799,-0.283874094,0.999281347,0.476565361,0.543595791,-0.370408833,0.999658287,0.462140322,0.543525696,-0.369293153,0.999719083,0.525152147,0.593554735,-0.212325975,0.998465717,0.412652731,0.602681279,-0.21165815,0.999673247,0.545521975,0.736109316,-0.363935053,0.972640157,0.409665823,0.749051809,-0.36182794,0.989866257,0.485194921,0.627695501,-0.526751935,0.937120438,0.453379929,0.636093497,-0.501824379,0.96662575,0.479498088,0.594250977,-0.556343675,0.848311603,0.455460966,0.596932828,-0.53051579,0.884643912,0.480667174,0.583233714,-0.520635962,0.793833613,0.454944521,0.589917123,-0.49895826,0.820530713,0.481723249,0.593075633,-0.514797747,0.598962128,0.454987049,0.600083053,-0.490851074,0.643231809,0.502078235,0.73461467,-0.001402931,0.999377728,0.441382498,0.740322948,0.001506857,0.999588609,0.55723983,0.743605971,-0.391156703,0.987951159,0.385249794,0.759884477,-0.354399383,0.987989724,0.542041838,0.89844346,-0.124241039,0.975460708,0.410196245,0.901878357,-0.102784798,0.991670549,0.532231152,0.922343969,-0.104230478,0.915213823,0.421080679,0.925427914,-0.083935,0.960651577,0.553723633,0.971307874,-0.232324332,0.952982485,0.388836682,0.969711542,-0.208316848,0.974710047
0,0.467898369,0.225423709,-0.444237411,0.999983013,0.474984407,0.205052167,-0.425598085,0.99995023,0.478423119,0.204945803,-0.425572813,0.999961436,0.481936216,0.204661265,-0.425640494,0.999902785,0.46219486,0.205334097,-0.425256878,0.999953389,0.457928896,0.20504038,-0.425334781,0.999971569,0.453770816,0.204537541,-0.42535013,0.999946475,0.488270283,0.210590303,-0.295184672,0.999946177,0.449337095,0.210198209,-0.291430026,0.999974966,0.475662291,0.24267906,-0.39370352,0.999984443,0.460379183,0.241916239,-0.393055588,0.999985456,0.521504283,0.30858013,-0.214095592,0.999779284,0.415872991,0.318821937,-0.205356643,0.999873281,0.54001224,0.427538633,-0.386062533,0.992164731,0.405419737,0.450500518,-0.378375858,0.991187394,0.481522799,0.333468527,-0.604647517,0.972063661,0.456927538,0.340426415,-0.606299043,0.968642235,0.473779351,0.304138005,-0.650757194,0.91767329,0.458780944,0.309629083,-0.656372249,0.908173203,0.474006325,0.295314491,-0.629769206,0.896357656,0.457449436,0.300658196,-0.636572957,0.874659956,0.476050794,0.302650213,-0.600925446,0.803358197,0.458330721,0.308852077,-0.603579521,0.776524425,0.500966668,0.533791542,-0.003764485,0.999643981,0.439473867,0.537058413,0.003604313,0.999725401,0.53737551,0.713868558,-0.174076274,0.995749295,0.416159213,0.721969604,-0.143203035,0.995367885,0.543808937,0.892303467,0.054904301,0.991376877,0.407960027,0.897637248,0.065252922,0.995844841,0.536060333,0.914787829,0.068844333,0.90093863,0.415925086,0.919691384,0.077550605,0.930967569,0.554494023,0.962139368,-0.087890878,0.979336977,0.392772317,0.967909098,-0.071399823,0.987714469
1,0.466000378,0.489899099,-0.393105865,0.999731123,0.472415447,0.470162421,-0.37735787,0.999112844,0.476141781,0.469129354,-0.377370298,0.99937737,0.479452193,0.468233705,-0.377492696,0.998212159,0.459127843,0.471229166,-0.37671414,0.999129295,0.454460233,0.470502943,-0.376773596,0.999518514,0.451144695,0.469808042,-0.376797616,0.998910308,0.485357106,0.470726043,-0.271854937,0.999197066,0.445277393,0.473486751,-0.267038047,0.999604762,0.473486036,0.508343577,-0.352012366,0.999829233,0.458272219,0.508125901,-0.350968689,0.999848604,0.52198875,0.551156759,-0.199157715,0.999213398,0.410892785,0.573276222,-0.194205359,0.999653339,0.541845679,0.693150759,-0.346954703,0.98134762,0.40556708,0.707256615,-0.349560082,0.987791121,0.483335197,0.590456963,-0.508635938,0.966007948,0.449332058,0.60157311,-0.506746113,0.964958489,0.477130085,0.562170744,-0.539019704,0.913922668,0.450016558,0.562828064,-0.537235379,0.89245224,0.477363676,0.551911831,-0.507314801,0.882537603,0.450159013,0.555182576,-0.508639693,0.836907566,0.478758186,0.559471905,-0.498336643,0.737553,0.450494945,0.564913452,-0.497690141,0.675543547,0.502144456,0.720226526,-0.001527891,0.999476612,0.443454802,0.728253603,0.001626842,0.999634326,0.56062144,0.736459374,-0.391973764,0.984416187,0.38958782,0.751290739,-0.359026134,0.983509183,0.541790068,0.898488045,-0.132774264,0.967833281,0.410733402,0.901194096,-0.114113547,0.987584889,0.531311691,0.921942651,-0.113230489,0.901301086,0.420902669,0.922314048,-0.09571442,0.949827254,0.554742575,0.970733404,-0.239469141,0.940036416,0.389931023,0.971141815,-0.221006423,0.965236008
0,0.46763438,0.236534178,-0.439461291,0.999989033,0.473455667,0.215818673,-0.419217914,0.9999699,0.476816595,0.215599194,-0.419183433,0.999975085,0.4805592,0.215344742,-0.419263452,0.999944806,0.461636931,0.21586363,-0.418737471,0.99997139,0.457072914,0.215431705,-0.418812424,0.999981284,0.453216791,0.21481052,-0.418827355,0.999967754,0.486865044,0.221104085,-0.290152311,0.999966264,0.447101533,0.221148789,-0.286527127,0.999984086,0.475211084,0.25364536,-0.390444219,0.999987364,0.460720241,0.252176881,-0.389676362,0.999989152,0.521161437,0.317292243,-0.218409777,0.999779403,0.415387303,0.330510914,-0.209807992,0.999880075,0.539100468,0.436191648,-0.400849193,0.992809236,0.402056366,0.459697694,-0.397246867,0.992463648,0.479408652,0.341311812,-0.616841912,0.977071106,0.454831749,0.345511377,-0.617515087,0.966044962,0.472223699,0.311823964,-0.662962019,0.932350338,0.455971569,0.314166486,-0.665629745,0.899567723,0.472971201,0.304702789,-0.63894695,0.916498303,0.455192089,0.30783695,-0.642429709,0.86592555,0.474635035,0.312686473,-0.612235665,0.837765515,0.456425995,0.316540748,-0.61357528,0.772862256,0.504432201,0.541024804,-0.003597158,0.999669671,0.44258818,0.546060026,0.003440651,0.999771357,0.544002414,0.721870482,-0.215495348,0.996152401,0.411816776,0.724742889,-0.201701552,0.996748328,0.543658853,0.896182001,0.030191135,0.99249506,0.408317715,0.896032393,0.026458755,0.996406138,0.533805966,0.915167809,0.045863397,0.916446567,0.417819202,0.918925226,0.041022204,0.945097268,0.555915773,0.96599865,-0.10732305,0.981756687,0.38989979,0.96787709,-0.099333674,0.989359677
1,0.465984017,0.510780513,-0.426710069,0.999673665,0.472763687,0.491774827,-0.409133255,0.998838127,0.476502657,0.491294771,-0.409148276,0.999164402,0.479935735,0.490955144,-0.409267426,0.99749893,0.460262477,0.492201567,-0.408373922,0.999011457,0.455772102,0.491850704,-0.408440053,0.999464929,0.45231089,0.491738588,-0.408477694,0.998791218,0.486808956,0.493589789,-0.297490418,0.99888736,0.447505891,0.494389802,-0.292344898,0.999582231,0.473644793,0.53105098,-0.383697569,0.999765515,0.459026664,0.531717896,-0.382585734,0.999818385,0.521665454,0.580277741,-0.22081086,0.998624921,0.410116732,0.589625657,-0.218510956,0.999718666,0.541323066,0.72095412,-0.390238255,0.978677332,0.398405701,0.729849815,-0.389365315,0.991615415,0.480481297,0.611208439,-0.575945258,0.947394788,0.448743194,0.621073961,-0.556349933,0.967909634,0.474440962,0.579859674,-0.610633135,0.87312603,0.448586762,0.582165897,-0.590288043,0.887884438,0.475368649,0.569369912,-0.575542271,0.825917065,0.449520737,0.574137568,-0.557768941,0.825247943,0.476955354,0.580012798,-0.564997435,0.64098537,0.450103223,0.585402489,-0.545958638,0.651100993,0.49839288,0.730287492,-0.000449711,0.999420583,0.439440817,0.736762762,0.000564868,0.999639809,0.559580386,0.741176069,-0.404373974,0.985928178,0.383700252,0.75610733,-0.371559322,0.988010526,0.541533828,0.899429679,-0.124450907,0.970904589,0.410363108,0.902471781,-0.104191557,0.990552366,0.530770481,0.922958374,-0.103305116,0.910307407,0.421630204,0.925462484,-0.084950894,0.958102465,0.555182338,0.970316887,-0.23360014,0.942667067,0.389334053,0.970262647,-0.21626763,0.970129967
1,0.475579262,0.506707311,-0.318283677,0.999661982,0.482505381,0.48793593,-0.301855057,0.999052942,0.486862481,0.487108111,-0.301868975,0.999282181,0.490397602,0.486496776,-0.301988184,0.99820739,0.470497996,0.487860113,-0.302383631,0.99915725,0.465762943,0.487345815,-0.302432448,0.999488533,0.462004483,0.486880124,-0.302448153,0.999016821,0.495881945,0.488842785,-0.202055737,0.999091387,0.455155283,0.488880485,-0.202643037,0.999561131,0.482258379,0.527689517,-0.279648691,0.999726236,0.468597114,0.526779234,-0.280255795,0.999759376,0.529173851,0.577021658,-0.136352524,0.998583615,0.418639183,0.583286166,-0.139450341,0.999571741,0.548600614,0.713365853,-0.256830752,0.970855355,0.403978407,0.718050718,-0.263187587,0.985429645,0.489018738,0.60548538,-0.386015773,0.939552426,0.458867252,0.614107192,-0.374454796,0.946256697,0.484759003,0.573361397,-0.408516884,0.837993979,0.461492717,0.573716342,-0.396170169,0.816249549,0.48529321,0.562883019,-0.377234191,0.786020696,0.461086273,0.565975845,-0.367783248,0.734731197,0.486097425,0.573421478,-0.374838173,0.609107256,0.461322308,0.579218864,-0.364030421,0.563602209,0.503057778,0.732285082,-0.000636009,0.999356449,0.444793463,0.737518251,0.00076729,0.999583006,0.559530497,0.745351672,-0.371442616,0.987228751,0.386957347,0.751355469,-0.340577453,0.988476276,0.541303992,0.898321807,-0.12314485,0.966438711,0.410568178,0.901675999,-0.109595373,0.990596473,0.530927837,0.923171043,-0.103236675,0.909163773,0.421260774,0.924528003,-0.091652103,0.960949957,0.555168569,0.967823625,-0.217817664,0.943008244,0.388219416,0.97124058,-0.208339304,0.973005295
0,0.47069487,0.243602604,-0.467592478,0.999985039,0.476870477,0.224210188,-0.447987169,0.999961138,0.480221272,0.223798156,-0.447944939,0.999967456,0.483692884,0.223506242,-0.448024273,0.999928176,0.464930475,0.223947525,-0.447478116,0.999965429,0.460426807,0.223123342,-0.447564065,0.99997741,0.456549883,0.2223178,-0.447578818,0.999961615,0.489839792,0.227988437,-0.317058325,0.999957085,0.451297432,0.227894321,-0.313594311,0.999981582,0.47796163,0.261465549,-0.417530477,0.999983966,0.463529259,0.260974407,-0.416816711,0.999986231,0.522689581,0.322837412,-0.239381671,0.999709785,0.417889595,0.338521034,-0.228873581,0.999886215,0.543613732,0.435937405,-0.423296124,0.993162811,0.402052343,0.461485028,-0.418616682,0.992723882,0.481154919,0.347373277,-0.642833471,0.973534346,0.456043392,0.349468797,-0.645870268,0.965315104,0.472486973,0.316581994,-0.690076947,0.91898638,0.457258463,0.317309707,-0.694780648,0.89437747,0.473205805,0.309880137,-0.665932536,0.897712231,0.456694514,0.311207235,-0.672159612,0.855660379,0.475476503,0.318385959,-0.638174474,0.804134727,0.45766893,0.320418298,-0.642152011,0.754318476,0.507245719,0.540204704,-0.004781892,0.999616981,0.445208549,0.545976222,0.0045986,0.999756813,0.540379941,0.722145498,-0.215014026,0.995266974,0.413120985,0.723268986,-0.189880043,0.996110976,0.543125629,0.895975828,0.012758717,0.990533531,0.408554703,0.898520887,0.021885188,0.996053815,0.534324944,0.917652786,0.026172275,0.911129475,0.417837054,0.921964765,0.033867564,0.942530572,0.555752218,0.967547178,-0.12859787,0.978197992,0.386959285,0.970410943,-0.113419011,0.987796187
1,0.46928972,0.528715014,-0.439136356,0.999746203,0.476316988,0.505757272,-0.421616703,0.999129891,0.479824603,0.505130827,-0.421645939,0.999382138,0.483181,0.504434526,-0.421770513,0.998043954,0.46394071,0.506656408,-0.421772391,0.999254525,0.459501922,0.506384552,-0.421837002,0.999596775,0.45581159,0.505795658,-0.421878994,0.999046683,0.489926249,0.505934834,-0.30578202,0.999190986,0.451195538,0.506208479,-0.304450542,0.999738038,0.476515293,0.547079027,-0.393889487,0.999846339,0.462246269,0.548126757,-0.393875271,0.999879956,0.524294257,0.589249253,-0.21942544,0.999329448,0.413134247,0.595597684,-0.222580552,0.999805212,0.549295485,0.73142606,-0.377541602,0.984553814,0.39968735,0.736996889,-0.380004883,0.993683577,0.484417051,0.632983267,-0.562669277,0.96025908,0.451788723,0.636339664,-0.532159209,0.973634243,0.477978081,0.601708829,-0.597380221,0.889472425,0.454749018,0.599354267,-0.564298451,0.902662396,0.479324639,0.591666996,-0.562480092,0.847652018,0.454159498,0.59188354,-0.532617748,0.847802579,0.480023801,0.600387216,-0.55149287,0.662397385,0.454318762,0.600589156,-0.521445036,0.675214589,0.500013053,0.734159529,-0.000424614,0.999345899,0.441241175,0.740068913,0.000600227,0.999649405,0.561233282,0.745205283,-0.398289889,0.981630027,0.384776413,0.75693655,-0.369318515,0.98714608,0.541763186,0.900123537,-0.117367163,0.964818358,0.410207897,0.904215395,-0.102775238,0.990414262,0.530974746,0.924116015,-0.095910199,0.909789622,0.421562016,0.927165568,-0.083137609,0.958787322,0.556747258,0.970196426,-0.224013537,0.932321966,0.387925118,0.970517993,-0.212126642,0.9696697
0,0.474211395,0.206196889,-0.270712316,0.999949098,0.480745614,0.184451357,-0.256752938,0.99990356,0.484614998,0.183890358,-0.256763369,0.999895811,0.488253891,0.183663368,-0.256789625,0.999849558,0.46964708,0.184494227,-0.255828679,0.999913573,0.465291113,0.183332846,-0.255855024,0.999916077,0.461260796,0.182422742,-0.25588122,0.99990803,0.495508343,0.188844889,-0.144594714,0.999860227,0.455319703,0.185400903,-0.13868463,0.999913335,0.481865585,0.22433202,-0.225197524,0.999931574,0.467427313,0.222737312,-0.224020809,0.999942422,0.528382838,0.281604886,-0.078301974,0.999623179,0.422804505,0.290959805,-0.065724432,0.99984622,0.546309412,0.405862808,-0.201859087,0.987771988,0.407246917,0.41913864,-0.191789225,0.987114489,0.486769199,0.317331046,-0.384635121,0.963731945,0.460521549,0.320704579,-0.381352782,0.961151481,0.479250997,0.285134584,-0.420659691,0.898180127,0.463482797,0.289265484,-0.421642721,0.883333802,0.479283005,0.275886267,-0.405217648,0.879272759,0.462618917,0.280285209,-0.405351579,0.853433371,0.480906576,0.285199344,-0.381379426,0.796565473,0.463089854,0.289543599,-0.378373921,0.771902263,0.510184169,0.525797307,-0.006858488,0.999548674,0.44857654,0.525705218,0.006771598,0.999690175,0.529841483,0.717867136,-0.042325996,0.995527804,0.429049343,0.719171882,-0.017946996,0.996784151,0.543741286,0.896134973,0.140765756,0.992109835,0.408350289,0.896309078,0.148915082,0.996722639,0.537400007,0.916969836,0.151993841,0.905088127,0.416268587,0.921139181,0.158534244,0.947590351,0.553685486,0.964249074,0.017174117,0.982956588,0.389041603,0.967238188,0.027468333,0.990318954
1,0.553611457,0.42933166,-0.064559907,0.999995768,0.546400607,0.415323257,-0.044771634,0.999997675,0.545535207,0.414828569,-0.044784777,0.999998152,0.544622004,0.414273202,-0.04473592,0.999997735,0.544778168,0.418281943,-0.081161439,0.999997914,0.542811096,0.420064658,-0.081298217,0.99999851,0.54058969,0.421893597,-0.081317201,0.999998391,0.530131519,0.427074969,0.045030177,0.999998152,0.52334404,0.437174439,-0.122047767,0.999998331,0.550802112,0.450955123,-0.031142209,0.999997854,0.548684895,0.454536319,-0.079048097,0.999997199,0.51331377,0.527120352,0.130273983,0.999932468,0.505450666,0.576008737,-0.190115869,0.999988735,0.557649493,0.612136543,0.047459345,0.655445576,0.565943837,0.693885386,-0.124846518,0.990131915,0.556714833,0.543826997,-0.13011691,0.486629665,0.55883497,0.563616157,0.064383931,0.965249777,0.556579947,0.505367637,-0.156429291,0.356099665,0.55887264,0.531210244,0.057557512,0.943184912,0.547274351,0.504534185,-0.145526007,0.377823412,0.54882586,0.526982605,0.027213028,0.952609003,0.542158723,0.517116725,-0.132884413,0.379190564,0.546147645,0.537724972,0.057850897,0.946442127,0.417543709,0.683870852,0.120451987,0.999976158,0.390557587,0.719672978,-0.12019106,0.999997675,0.498681784,0.698957086,0.261562109,0.315003812,0.50273025,0.757800221,-0.309480816,0.997768044,0.468831122,0.853538752,0.363770902,0.411751509,0.454650879,0.931815684,-0.339803398,0.989333868,0.450796604,0.879165232,0.374328405,0.465713203,0.432933152,0.960488975,-0.342178673,0.97695452,0.507792771,0.864593267,0.387164265,0.580536902,0.503671288,0.972075164,-0.384859324,0.985286832
1,0.553474605,0.439195603,-0.042807341,0.999990165,0.546356916,0.422266841,-0.025104772,0.999993265,0.545467317,0.42187196,-0.025102388,0.999994695,0.544519544,0.421282649,-0.025061306,0.999993742,0.54510057,0.424252152,-0.061787359,0.999994099,0.543383002,0.425484389,-0.061938681,0.999995708,0.541417718,0.426573336,-0.061977975,0.999995291,0.531665921,0.431006461,0.060541727,0.999995589,0.525442719,0.437463552,-0.107743308,0.99999547,0.549770236,0.464104325,-0.009980377,0.999994516,0.547576368,0.464155495,-0.058487844,0.999993026,0.51412487,0.523636818,0.155010849,0.999908864,0.510000825,0.57221365,-0.179680377,0.999976277,0.560106814,0.62877059,0.085397385,0.698047817,0.571665525,0.695244372,-0.100082137,0.987831652,0.558110952,0.546025157,-0.072418854,0.550918996,0.560357869,0.562250614,0.122708179,0.954642475,0.558588982,0.505535543,-0.093328319,0.412999094,0.562411666,0.530072629,0.122370921,0.928756535,0.550329566,0.499709576,-0.079121687,0.432963103,0.552426219,0.524931431,0.092029795,0.939180076,0.544685721,0.512683511,-0.073078409,0.432534844,0.548027456,0.537662208,0.117530443,0.933098614,0.417234004,0.685821831,0.121864535,0.9999578,0.392185807,0.722820878,-0.121668018,0.999993265,0.501348138,0.698253036,0.273700535,0.319934219,0.504160166,0.75762862,-0.305094242,0.997207999,0.471118927,0.852644503,0.388444543,0.402791142,0.454174429,0.932466745,-0.324827403,0.984357536,0.450123698,0.876807094,0.400571406,0.459475011,0.432762206,0.959492326,-0.3257038,0.967589557,0.507119298,0.874718904,0.428141922,0.575508535,0.501688361,0.972384155,-0.361185133,0.977054119
0,0.542236626,0.126116037,-0.099776886,0.999795616,0.5355919,0.106243432,-0.082727961,0.999835968,0.53432554,0.105920263,-0.0827801,0.999867141,0.532855392,0.105523914,-0.082791694,0.999871671,0.534666121,0.108709343,-0.118892051,0.999845147,0.532923758,0.11008656,-0.119011953,0.99988842,0.530907094,0.111331895,-0.119041577,0.999895573,0.518741012,0.117521644,0.001515262,0.999874413,0.516135871,0.124470785,-0.160066396,0.999865115,0.538396776,0.149918213,-0.066039808,0.999754429,0.535998046,0.151412025,-0.113368012,0.99977231,0.501878858,0.236675918,0.114443101,0.997325838,0.503649712,0.265454113,-0.223186404,0.999665797,0.552712083,0.333441168,0.111181855,0.279742122,0.563509047,0.377354354,-0.160458848,0.945510149,0.548951447,0.267682552,0.036253292,0.16445227,0.54826808,0.272214711,0.049238667,0.859758019,0.548084021,0.226189062,0.032070555,0.137723565,0.546728253,0.234962448,0.041887119,0.850086868,0.538761735,0.224215612,0.03277,0.145372346,0.536828279,0.234121457,0.021842198,0.8578493,0.535154104,0.236524388,0.032578129,0.151369363,0.533989191,0.246624053,0.046122037,0.841832519,0.419696003,0.478430182,0.117749549,0.999198377,0.407288015,0.49996537,-0.117577687,0.999828815,0.462615401,0.644855738,0.228044063,0.595933378,0.457445443,0.703559518,-0.127552047,0.998320758,0.461537838,0.802023768,0.361079931,0.701348543,0.454450786,0.926226735,-0.14004156,0.996834278,0.459522098,0.822081566,0.372891486,0.652068377,0.441414773,0.963141859,-0.144540936,0.98844552,0.515950084,0.836422801,0.356832296,0.799689472,0.511582613,0.958962858,-0.220262572,0.992473602
1,0.551305175,0.416554898,-0.069883548,0.999987781,0.544202924,0.402191579,-0.049893264,0.999992132,0.543319106,0.401646852,-0.049909066,0.999993682,0.542362392,0.400997877,-0.049862627,0.999992251,0.542797863,0.404819459,-0.086303949,0.999993205,0.540984035,0.406337649,-0.08644326,0.999995112,0.53888458,0.407909721,-0.086475357,0.999994636,0.529266477,0.412230432,0.040989719,0.999994338,0.522015512,0.421540141,-0.125458032,0.999994636,0.548332274,0.439654291,-0.035970904,0.999993265,0.546116233,0.441657484,-0.083782509,0.999991953,0.515191197,0.513352692,0.13153477,0.999892831,0.505358756,0.560157239,-0.19434227,0.99997431,0.559001267,0.622504771,0.040516622,0.695889473,0.567320466,0.681228936,-0.127894849,0.986989021,0.553638101,0.535927653,-0.151294693,0.557081282,0.55550766,0.551745951,0.0686801,0.955275476,0.554328859,0.494255483,-0.179115891,0.429213434,0.557291865,0.516921639,0.062402882,0.931548417,0.544900298,0.490636945,-0.166121036,0.45177862,0.547798157,0.512342691,0.032504607,0.942191839,0.539148331,0.503583968,-0.153290376,0.446075171,0.543563426,0.524182379,0.0627435,0.934703469,0.418279409,0.671431124,0.121905863,0.99995172,0.390129715,0.706992447,-0.121664092,0.999993205,0.496545464,0.689613461,0.264123499,0.335861683,0.503177285,0.752252877,-0.309746593,0.99804157,0.467556536,0.84743315,0.371826142,0.431048363,0.453664303,0.928665936,-0.318328232,0.99069947,0.451775402,0.874478459,0.382915109,0.472843736,0.434470564,0.958452523,-0.318269998,0.978088796,0.506231248,0.86160022,0.398831546,0.585387468,0.502497017,0.96905762,-0.354539096,0.984981954
0,0.542747796,0.155067414,-0.140838236,0.999895394,0.536483169,0.137231186,-0.121330962,0.999914467,0.535520554,0.13691403,-0.121365413,0.999928892,0.534360349,0.136484012,-0.121374644,0.999928772,0.535013139,0.139312252,-0.157859668,0.999923587,0.533232808,0.140524536,-0.157971442,0.999943197,0.531234741,0.141694725,-0.157951564,0.99994415,0.520418227,0.146847636,-0.027467817,0.999926627,0.516155601,0.154529914,-0.191043779,0.999924362,0.539416254,0.181310907,-0.104745984,0.99987942,0.536904216,0.181716412,-0.15224576,0.999881029,0.509909272,0.258618653,0.080653943,0.998146474,0.502513468,0.297591597,-0.25046435,0.999688089,0.561014056,0.360893667,0.041054755,0.358645737,0.566675484,0.407936811,-0.180905893,0.964091539,0.555971146,0.284273416,-0.093163021,0.229576766,0.552630246,0.29508391,0.031138605,0.894340515,0.555396795,0.244809747,-0.114734784,0.185619771,0.552859366,0.255719006,0.022364777,0.87463063,0.543714941,0.241396457,-0.111799262,0.198269784,0.540342867,0.254351616,-0.005061126,0.883550763,0.539665997,0.258315295,-0.098617092,0.205517709,0.537169516,0.268960178,0.025487486,0.867680013,0.427026361,0.495231152,0.120969638,0.9991557,0.406281561,0.525864005,-0.120852053,0.999801219,0.481782049,0.659446836,0.215292409,0.705797553,0.471931994,0.716900289,-0.160175398,0.998759866,0.466947228,0.826786637,0.341747224,0.768296719,0.45615679,0.928477466,-0.18090339,0.99750185,0.47441721,0.852656364,0.352597713,0.700615704,0.441802204,0.964049697,-0.186366826,0.988718331,0.518773079,0.85457468,0.335633337,0.83613503,0.510916829,0.969413996,-0.261834264,0.993634343
1,0.55237484,0.423930645,-0.060080964,0.999988377,0.545490384,0.408286542,-0.041220963,0.999992132,0.544631183,0.407572389,-0.041233882,0.999993622,0.543758273,0.406781733,-0.041184463,0.99999249,0.544088066,0.411245823,-0.076976098,0.999993205,0.542210877,0.41284579,-0.077117167,0.999994993,0.540011942,0.414543986,-0.077150501,0.999994636,0.53089726,0.417394936,0.04653389,0.999994278,0.523009419,0.427892715,-0.117239736,0.99999404,0.549274027,0.446784765,-0.027231991,0.999992549,0.546650827,0.449704349,-0.074311569,0.999990761,0.517033219,0.520729005,0.135622114,0.999876261,0.509573102,0.566403627,-0.188171327,0.999967039,0.562663853,0.625370383,0.053172112,0.64593637,0.571011066,0.686668575,-0.118261717,0.986657023,0.555938125,0.542411089,-0.116429999,0.44808957,0.559337974,0.555687904,0.080720738,0.951195359,0.556503356,0.505898476,-0.140820712,0.325315475,0.559429109,0.523241103,0.076095551,0.924787164,0.546424747,0.500110269,-0.129116163,0.346776992,0.549854636,0.519421458,0.045793179,0.93678695,0.540292919,0.512417793,-0.118646979,0.352575898,0.545932353,0.531085372,0.074688658,0.930666745,0.420603514,0.677395403,0.120086744,0.999943197,0.393683821,0.713118434,-0.119829394,0.999990046,0.499966621,0.69710052,0.252615571,0.319657475,0.503235221,0.757963121,-0.304492027,0.99774605,0.470818341,0.852283299,0.35120219,0.399837196,0.454943269,0.934645236,-0.333770156,0.989601672,0.451669753,0.874056578,0.361589283,0.453530878,0.433864206,0.962346315,-0.335815877,0.976857066,0.504415929,0.876286149,0.378501832,0.560798168,0.501595676,0.975860357,-0.374155939,0.983785868
0,0.536061943,0.118279681,-0.098868147,0.999885738,0.529476345,0.099338189,-0.082207881,0.999899149,0.528367162,0.099190459,-0.082243845,0.999917924,0.5269894,0.098967053,-0.082250036,0.999913573,0.527966142,0.101099618,-0.118440725,0.99990356,0.526099503,0.102218725,-0.118540406,0.99992919,0.523916483,0.103295073,-0.118533492,0.999926448,0.512673974,0.111299314,0.003578497,0.999911904,0.50872457,0.116727553,-0.158406481,0.99991262,0.532196343,0.14143759,-0.064893231,0.999866545,0.529239416,0.142189667,-0.112123452,0.999881029,0.498988688,0.233524218,0.110177658,0.998643577,0.495811045,0.263832062,-0.217353374,0.999767721,0.550007284,0.336379439,0.067246072,0.387606114,0.557089567,0.373083889,-0.147863194,0.959219217,0.547936797,0.262840539,-0.0674216,0.249675855,0.544406533,0.266362667,0.077069953,0.889269233,0.545662224,0.219337627,-0.087353483,0.205382526,0.543768823,0.227634728,0.07461977,0.871476233,0.536493659,0.214246362,-0.080325544,0.214347497,0.531954408,0.224790379,0.049774539,0.878060639,0.532993853,0.228211805,-0.070711806,0.222382471,0.528369725,0.238722235,0.073028408,0.863096654,0.427431643,0.483353049,0.11908672,0.999131322,0.413045108,0.506644309,-0.119049154,0.999801397,0.473269552,0.653859258,0.216450661,0.667991221,0.467318058,0.711980939,-0.149551421,0.998221993,0.48301059,0.838102281,0.337546706,0.740198731,0.454398215,0.932591677,-0.15977779,0.996159673,0.469409466,0.868525267,0.347929448,0.673410296,0.437471569,0.968025804,-0.164049715,0.981344104,0.517221749,0.857940495,0.337214321,0.819944203,0.509113908,0.979869843,-0.228822425,0.990607381
1,0.552677989,0.419291377,-0.050380044,0.999982178,0.546342969,0.403850555,-0.031898826,0.999987543,0.545562863,0.403188527,-0.031904586,0.999990225,0.544716954,0.40247789,-0.031838171,0.999988377,0.54454416,0.40620324,-0.067109987,0.999988079,0.542546391,0.407487363,-0.0672407,0.999991357,0.540229976,0.408870727,-0.067271776,0.999990404,0.531418324,0.411874086,0.055217277,0.999992549,0.523103833,0.420541465,-0.105490647,0.999990463,0.549192667,0.442477077,-0.017699666,0.99998945,0.546403229,0.443489194,-0.063927554,0.999985695,0.518457234,0.517711163,0.145770624,0.999855161,0.507717252,0.556766927,-0.184241652,0.999936581,0.567158401,0.627027273,0.047912143,0.714450717,0.57430625,0.671808302,-0.124596335,0.985970736,0.554608881,0.536790311,-0.141246244,0.496798247,0.555404723,0.548829436,0.06691952,0.938058138,0.556055188,0.499845505,-0.167517334,0.366658717,0.55615592,0.51352787,0.060447346,0.907999635,0.546216607,0.499787509,-0.15359278,0.390464455,0.546402216,0.512683034,0.029851679,0.92152679,0.540821671,0.510968089,-0.142927215,0.391060561,0.542158008,0.52509135,0.060826361,0.915356636,0.417966217,0.675331295,0.123534344,0.99993521,0.391381204,0.712027669,-0.123360634,0.999986053,0.502799451,0.69718343,0.289032072,0.396340907,0.504060149,0.756667018,-0.275569886,0.998154521,0.468079388,0.847270727,0.39852351,0.509452343,0.45449701,0.937928259,-0.290161699,0.991335332,0.449641287,0.868099272,0.409798086,0.554164946,0.433104277,0.965811253,-0.290777624,0.980156481,0.502182364,0.873034,0.428794086,0.651161253,0.502714813,0.974446595,-0.323790222,0.984315097
0,0.544092238,0.147894174,-0.123744145,0.999885857,0.537945449,0.130759805,-0.105063558,0.999909937,0.536970019,0.130391702,-0.105108641,0.999925435,0.535777926,0.130081594,-0.105135381,0.999926209,0.536439598,0.133039147,-0.140943155,0.999919236,0.53461045,0.134063259,-0.141038284,0.999939024,0.53251189,0.135093406,-0.141021162,0.99993974,0.521314204,0.142527997,-0.014078794,0.999925256,0.517126083,0.14926292,-0.174960405,0.999918699,0.540558219,0.170486555,-0.088370763,0.999878764,0.538120151,0.1710971,-0.134913176,0.999877453,0.508127809,0.261818707,0.093413629,0.998302698,0.501221001,0.296533167,-0.237066671,0.999657214,0.55626303,0.356197447,0.066299275,0.389125556,0.56404835,0.405756623,-0.166613013,0.965635061,0.553733766,0.292087317,-0.055703998,0.236095309,0.548856735,0.302536845,0.05254665,0.896524847,0.552092135,0.253140092,-0.074027576,0.189250872,0.548567057,0.264539182,0.045623254,0.87520504,0.542895973,0.249191433,-0.071900718,0.201563403,0.537443936,0.263022691,0.019720729,0.884917021,0.539682806,0.261315942,-0.060949437,0.208631143,0.53407979,0.277468532,0.047590464,0.869151115,0.423932791,0.4893547,0.119183384,0.999161184,0.403035581,0.512887597,-0.119056441,0.999781847,0.475265175,0.656365037,0.199286878,0.68474406,0.468239695,0.713933229,-0.139288276,0.998552442,0.465486914,0.809799373,0.31958583,0.732077777,0.454846919,0.928866148,-0.149314612,0.997229457,0.47246784,0.844984114,0.330124736,0.665800273,0.440404594,0.964253247,-0.153439671,0.988134027,0.519038439,0.845277905,0.313861251,0.805934966,0.511308312,0.969391108,-0.225133806,0.992982984
1,0.558074594,0.427202702,-0.061086833,0.999963105,0.552392721,0.408240288,-0.042625856,0.99997437,0.551950872,0.407607317,-0.042656567,0.999979913,0.551441073,0.406861752,-0.042611878,0.999975979,0.549807906,0.410392284,-0.077137858,0.999975502,0.547499061,0.411500901,-0.077270821,0.999982238,0.544845402,0.412493825,-0.077296503,0.999980628,0.538516879,0.413570017,0.044719834,0.999982655,0.527160764,0.42017886,-0.112101153,0.999979198,0.554285109,0.451799303,-0.028115276,0.999976456,0.550479412,0.451583147,-0.073104426,0.999971807,0.521003783,0.509079039,0.136438221,0.999764025,0.507731259,0.549619138,-0.184596032,0.999916434,0.56384629,0.619477868,0.036159057,0.63739574,0.56868881,0.674934089,-0.127250433,0.981697798,0.556322873,0.539178073,-0.156779379,0.443227977,0.555959463,0.5486992,0.069603249,0.931606174,0.55769974,0.49737817,-0.184723049,0.342568606,0.558752537,0.513434708,0.065250561,0.903769195,0.54704082,0.49066034,-0.168853059,0.363963217,0.54917711,0.50799185,0.033956643,0.917496443,0.541196465,0.506058812,-0.157952592,0.367370009,0.544730306,0.51833868,0.063116983,0.909981549,0.417307556,0.666769326,0.120620593,0.999872386,0.391022533,0.699886858,-0.120389186,0.99997431,0.499525398,0.695455194,0.266072631,0.40153265,0.502435923,0.752022803,-0.277005732,0.997853577,0.4693726,0.846672654,0.365292341,0.509260237,0.452922285,0.933676898,-0.289531171,0.992417395,0.452694178,0.87241745,0.375478804,0.544350505,0.433313757,0.961482942,-0.28975755,0.981885791,0.505881488,0.873599648,0.38371405,0.637526214,0.501738667,0.968791008,-0.330434084,0.986291945
1,0.494987637,0.427156985,-0.16490899,0.999791503,0.503577888,0.409396708,-0.141436234,0.999632478,0.507833719,0.409792811,-0.141467407,0.999619365,0.511783123,0.410365969,-0.141529575,0.999496818,0.489936888,0.408702195,-0.141333953,0.999632955,0.485343635,0.408895761,-0.141377792,0.99966675,0.481332302,0.409290999,-0.141426802,0.999611795,0.520257294,0.421317905,-0.037525915,0.999246418,0.477668345,0.420498759,-0.037165999,0.999475718,0.503463686,0.450279087,-0.128104195,0.999625206,0.487559706,0.449508399,-0.128428504,0.999696612,0.562527478,0.533720315,-0.005400288,0.994360447,0.439582139,0.540517092,-0.008692473,0.998866022,0.570099771,0.694866478,-0.117825724,0.936021686,0.423273474,0.70067811,-0.124421105,0.95292908,0.521832347,0.571899235,-0.212699741,0.953641772,0.457611918,0.564105093,-0.236242741,0.958475292,0.518013954,0.537386358,-0.227818996,0.883825243,0.462713867,0.528629541,-0.252052516,0.872076392,0.518978834,0.523354828,-0.20191519,0.858827174,0.464704692,0.518173456,-0.225195572,0.830424547,0.519128025,0.532277286,-0.203318611,0.779478848,0.464628756,0.530058444,-0.226507798,0.741216123,0.53576684,0.760549784,0.004250465,0.999573171,0.467623383,0.767417729,-0.004281527,0.999732375,0.606663525,0.747284472,-0.37012583,0.993036687,0.399727255,0.744224131,-0.362789899,0.993410051,0.580853522,0.91476965,-0.12376564,0.976508796,0.421410829,0.917707324,-0.131011799,0.993353486,0.567149043,0.940423131,-0.101947442,0.94206655,0.43348518,0.945097744,-0.110872023,0.967471361,0.601585984,0.980535448,-0.201481864,0.966387212,0.401213288,0.981447697,-0.225692615,0.984470189
0,0.497514307,0.069666296,-0.178459495,0.999933481,0.505883813,0.051883493,-0.155964836,0.999878109,0.509643376,0.052957881,-0.156008691,0.999866605,0.512911201,0.054305784,-0.156025141,0.999854743,0.490993381,0.050330956,-0.154836953,0.99987042,0.486176908,0.050159425,-0.154821828,0.999855578,0.481804579,0.050245814,-0.154804051,0.999854743,0.52163434,0.068228178,-0.025700837,0.999748647,0.476697385,0.064220525,-0.020168869,0.99977833,0.506525457,0.095851481,-0.129671007,0.999840558,0.490025043,0.093164183,-0.12839289,0.999848545,0.557756305,0.190003172,0.028976213,0.999466062,0.440627187,0.192599535,0.024132274,0.999678791,0.568649232,0.341932237,-0.120349713,0.980210721,0.426623702,0.337276846,-0.122023582,0.969523668,0.523885906,0.216660082,-0.31790936,0.981015921,0.465100318,0.20808512,-0.321475893,0.970308959,0.51920414,0.185827225,-0.361939877,0.951016366,0.471304059,0.180821091,-0.368304789,0.923842251,0.520578742,0.173022956,-0.347965509,0.946313977,0.470855534,0.168459699,-0.354834974,0.911827147,0.521210194,0.185796604,-0.317121059,0.91554451,0.470308572,0.178756118,-0.321331412,0.875054181,0.533886194,0.491770029,0.005249427,0.999651313,0.464296043,0.490854621,-0.005247044,0.999700487,0.554315805,0.715401113,0.013967892,0.995609581,0.447953016,0.710232437,0.031088518,0.99666059,0.583170176,0.920144796,0.152556881,0.99377054,0.420185149,0.916034698,0.223296136,0.99542588,0.577217638,0.947100282,0.158038482,0.914080441,0.424478024,0.940222204,0.234052077,0.917811692,0.601090372,0.981273174,0.000878517,0.987860262,0.406487554,0.975489318,0.086011745,0.989484191
1,0.502409637,0.425947398,-0.197811589,0.999828815,0.511117339,0.409313053,-0.173203304,0.999703169,0.515303791,0.409862339,-0.173232168,0.999703526,0.519184947,0.410552591,-0.173280761,0.999557793,0.496824294,0.408508539,-0.175047591,0.999731362,0.491927117,0.408588171,-0.175106227,0.999774396,0.487694442,0.408599705,-0.175142393,0.99970448,0.526976287,0.421023071,-0.062708139,0.999435186,0.483686805,0.418965816,-0.074934579,0.999687195,0.510668159,0.448347002,-0.158926457,0.999756157,0.494207501,0.446990013,-0.161757275,0.999817312,0.566706836,0.533717334,-0.023123385,0.995717525,0.444197297,0.544799328,-0.048056699,0.999240518,0.579185367,0.699225843,-0.161495358,0.934764624,0.431678385,0.71012938,-0.187164709,0.963548124,0.531293988,0.585495949,-0.334865391,0.951048553,0.471753448,0.588265419,-0.331079423,0.970191658,0.526778758,0.550649345,-0.35794428,0.881037235,0.473574787,0.55015564,-0.35290882,0.910261393,0.526581168,0.536291063,-0.3237257,0.855963647,0.472989738,0.539107442,-0.324573547,0.880396783,0.527039528,0.546310246,-0.32316497,0.767095506,0.473453492,0.549190402,-0.32064873,0.795815527,0.540444493,0.759450674,0.007411651,0.999631226,0.472214788,0.767857075,-0.007432656,0.999788821,0.611429274,0.746527135,-0.378833592,0.990172684,0.403047502,0.745193541,-0.378693938,0.991353273,0.581313252,0.91772002,-0.126122296,0.967486084,0.42182079,0.916100442,-0.133868769,0.991636097,0.566722751,0.94437623,-0.104243726,0.939789832,0.434512317,0.943688989,-0.11338114,0.962983429,0.602311134,0.978006303,-0.211940855,0.958461285,0.400682718,0.979871154,-0.23388648,0.980754972
0,0.498265415,0.068752475,-0.191200569,0.999951065,0.506911159,0.049474847,-0.167386323,0.999910712,0.510763407,0.050478917,-0.16744028,0.999902129,0.514231384,0.051339701,-0.167466328,0.999888599,0.491168857,0.048458681,-0.169031486,0.999906719,0.486443251,0.04815704,-0.169018939,0.999897599,0.482011944,0.048381351,-0.168987319,0.999896586,0.522538185,0.06477569,-0.028142579,0.999826968,0.47690782,0.063413836,-0.035405938,0.99984628,0.507528543,0.096500188,-0.138737544,0.999892652,0.490619838,0.094268009,-0.141169325,0.999900222,0.558374941,0.189424053,0.039485823,0.99958396,0.440874577,0.192979634,0.022255968,0.999754786,0.570720911,0.348415673,-0.101172298,0.983432114,0.424160004,0.347041339,-0.121982887,0.971223056,0.527606785,0.24170725,-0.326606452,0.983012795,0.465298027,0.220831767,-0.348557055,0.975567758,0.523762167,0.214835301,-0.37447992,0.955662131,0.472545087,0.190877393,-0.398713917,0.937846243,0.523730755,0.198455155,-0.361470699,0.951847255,0.473351061,0.174773499,-0.386198431,0.928102076,0.523749232,0.206953183,-0.326622516,0.92266798,0.471843421,0.185591623,-0.348527908,0.894581795,0.534221292,0.490963131,0.0041457,0.999530852,0.464746684,0.490221769,-0.004120131,0.999641418,0.556468666,0.717846572,0.015969086,0.995448291,0.448111862,0.712751329,0.018417487,0.996763706,0.583667517,0.921151817,0.163544938,0.993954837,0.421271592,0.917914093,0.202162877,0.995653152,0.577349663,0.947370112,0.169585705,0.911328912,0.426243633,0.942261338,0.21187529,0.925908923,0.602886498,0.980986655,0.008904826,0.988127887,0.40815419,0.97743845,0.058996789,0.989804864
1,0.598896325,0.422492713,-0.105506644,0.999952137,0.5942325,0.405317307,-0.087516479,0.99997133,0.594328046,0.405594319,-0.087607808,0.999978423,0.5943501,0.40580529,-0.087668151,0.999976397,0.588582218,0.404301405,-0.115620486,0.999953926,0.584683776,0.404039979,-0.115705572,0.999957085,0.580220342,0.403823137,-0.115705043,0.999946415,0.580262959,0.414199769,0.003720313,0.999972999,0.560696006,0.417221963,-0.118682362,0.999957025,0.597474277,0.446958423,-0.070612356,0.999964118,0.59125942,0.446580857,-0.106064677,0.999944627,0.579952478,0.531790555,0.096755385,0.999574065,0.518362284,0.533213317,-0.163943991,0.999839783,0.587443411,0.692275703,0.002484237,0.401464701,0.55522573,0.697408497,-0.142768964,0.977792263,0.607230306,0.605583429,-0.202829883,0.4699682,0.602116168,0.592047393,-0.006354057,0.95997721,0.61315918,0.583144307,-0.222348869,0.42852518,0.610621154,0.566253424,-0.000942495,0.922045946,0.609468043,0.556542337,-0.199348643,0.41676116,0.604430258,0.550902247,-0.00468601,0.916300058,0.602976263,0.565908372,-0.199775934,0.398420423,0.60035038,0.558382869,-0.00171,0.886680126,0.508413851,0.735586107,0.08250735,0.999678254,0.455094069,0.753429592,-0.082205854,0.999859095,0.620404482,0.737718523,0.014332901,0.912209451,0.549025595,0.773034453,-0.338342696,0.996202409,0.559783638,0.8988024,0.114512831,0.917541981,0.502957582,0.9535833,-0.291523039,0.992652416,0.544187248,0.921294987,0.123702183,0.881688774,0.489991993,0.974464953,-0.286334246,0.981053531,0.60623467,0.947316647,0.092428014,0.935591757,0.546253383,1.022783995,-0.354170442,0.991404533
0,0.560978353,0.058549616,-0.100143448,0.999934554,0.553948224,0.04081744,-0.08619044,0.999931037,0.553176284,0.040488686,-0.086166523,0.999930382,0.552214265,0.03996155,-0.086138479,0.999917686,0.551136613,0.041910775,-0.127281934,0.999925375,0.548421502,0.042413909,-0.127323166,0.999933481,0.545344055,0.042609647,-0.127347678,0.999923587,0.536592126,0.050388835,0.014202027,0.999847591,0.525810003,0.056593888,-0.171071365,0.999960124,0.55864799,0.081223339,-0.058438905,0.999946594,0.554882705,0.081843436,-0.11170543,0.999953687,0.544889271,0.184598789,0.14135018,0.999517143,0.498213112,0.190647304,-0.229084089,0.999964058,0.574623227,0.332425982,0.027129062,0.253766298,0.543136656,0.335785419,-0.189659446,0.986106932,0.601805925,0.2466553,-0.292185217,0.323321432,0.591903746,0.231024235,0.00453988,0.956516802,0.604806185,0.215518519,-0.339284241,0.303897411,0.599606752,0.206393585,0.007720008,0.922970057,0.596533835,0.19816418,-0.330842376,0.310440958,0.592726648,0.193814859,-0.002983671,0.916669071,0.593258679,0.206694648,-0.301872581,0.316093862,0.590261161,0.199745983,0.00957622,0.879299164,0.558508098,0.492740661,0.109584317,0.99813503,0.524374127,0.49286589,-0.109756902,0.999238133,0.557903111,0.709237576,0.265068859,0.682745457,0.51480931,0.736501932,-0.0825008,0.981228888,0.557834685,0.914112628,0.438176066,0.816456497,0.498818696,0.963621676,-0.025515871,0.967843652,0.546177685,0.947419167,0.450679779,0.788859367,0.495576441,0.982157528,-0.023833433,0.881655753,0.610464394,0.955650926,0.386673182,0.875753701,0.546717703,1.040783286,-0.142279193,0.955735445
1,0.600753784,0.414428502,-0.15004693,0.999922156,0.59509027,0.395984083,-0.13350606,0.999949098,0.5951823,0.395763069,-0.133608446,0.999961734,0.595062256,0.395518959,-0.133700937,0.999958873,0.589937627,0.397101045,-0.161563233,0.999921381,0.586249173,0.397692263,-0.161636844,0.999924242,0.58174026,0.39790225,-0.161610693,0.999904513,0.580612838,0.403641313,-0.044717312,0.999951661,0.561768472,0.409633577,-0.167369828,0.999921858,0.598957896,0.437714398,-0.115637168,0.999936879,0.592944145,0.437959194,-0.151199505,0.999908686,0.575250745,0.511589587,0.051540792,0.999511361,0.521151245,0.52728498,-0.200731844,0.999743938,0.597303927,0.664209783,-0.024649203,0.450944275,0.558503449,0.692253649,-0.178490579,0.980811536,0.615929186,0.587291539,-0.216559008,0.54108268,0.609444916,0.58431828,-0.050624024,0.963932037,0.622989774,0.557890296,-0.236503541,0.4872455,0.618074477,0.559101284,-0.048027854,0.930465221,0.615614295,0.542651176,-0.216597453,0.473695815,0.607819796,0.545648694,-0.051637035,0.925696194,0.609888852,0.552434146,-0.214256555,0.447885394,0.603827119,0.551877499,-0.046444144,0.89426285,0.51593399,0.716911852,0.07997898,0.999583662,0.462440193,0.74166733,-0.07968656,0.99981159,0.624018669,0.733183265,0.025397111,0.927893519,0.552021146,0.7868312,-0.320697486,0.99580574,0.567446351,0.895564675,0.12604107,0.925778449,0.502325118,0.95499301,-0.24651061,0.990767241,0.550366104,0.923585355,0.135040686,0.876970112,0.490506649,0.97546196,-0.23830466,0.972336054,0.613017917,0.949762404,0.106176682,0.937990069,0.539557159,1.016867638,-0.292485625,0.988885164
0,0.570938706,0.051148556,-0.102392547,0.999930203,0.56258148,0.032013975,-0.087190166,0.999923766,0.561900735,0.031754348,-0.087194927,0.999925256,0.561091483,0.031513795,-0.08718995,0.999910653,0.559390664,0.03331133,-0.126621038,0.9999125,0.556388676,0.034021202,-0.126677588,0.999921381,0.553011835,0.034709435,-0.126706153,0.999908447,0.546971202,0.0453397,0.013870317,0.999848425,0.533550501,0.052550863,-0.162095696,0.999950051,0.568745613,0.074443251,-0.060849927,0.999941349,0.564459801,0.075899139,-0.111480452,0.999948204,0.551807582,0.183573738,0.146317288,0.999528527,0.507677138,0.183846161,-0.227354795,0.999958813,0.576327264,0.339254767,0.031455066,0.295429438,0.546441436,0.336575925,-0.18603687,0.987033427,0.607546747,0.259239048,-0.278799474,0.373806864,0.598510027,0.240739807,0.014359103,0.961932957,0.610528767,0.228191197,-0.323914021,0.347093433,0.606824994,0.214632809,0.017026145,0.931947351,0.605253577,0.211878598,-0.31226334,0.352856308,0.601440609,0.20248051,0.006771754,0.926665008,0.602569342,0.219928965,-0.286698669,0.351815879,0.598952353,0.208918333,0.019407623,0.894533157,0.550386965,0.491242975,0.111504637,0.997615457,0.518270314,0.490618736,-0.111646399,0.998992264,0.551331282,0.712126613,0.240825757,0.679068625,0.517146051,0.729410827,-0.093582869,0.978265822,0.551955462,0.918715894,0.404300332,0.775739253,0.500665009,0.959216058,-0.032507543,0.956056774,0.533967078,0.953069866,0.415086567,0.734926879,0.496099681,0.981149971,-0.031302389,0.855318606,0.60627991,0.952070653,0.345396549,0.838383317,0.539043963,1.034907937,-0.147210926,0.941493869
1,0.455790341,0.468918949,-0.199456841,0.999852538,0.462201059,0.451334774,-0.181261972,0.999686003,0.465890259,0.451152116,-0.181258708,0.999733388,0.46941179,0.450920612,-0.181307465,0.999564469,0.449767828,0.451883048,-0.181395665,0.999663949,0.445360184,0.452173412,-0.181446582,0.999755085,0.441468388,0.452287167,-0.181460887,0.999624491,0.476170063,0.458516181,-0.097691618,0.999572039,0.436743557,0.459923804,-0.09813755,0.999577224,0.462363303,0.489118576,-0.169617981,0.999860466,0.448228687,0.488692135,-0.170060679,0.999856055,0.511021554,0.565003335,-0.063322261,0.997755468,0.401947975,0.568005562,-0.064633019,0.998552859,0.521702349,0.700531304,-0.129880369,0.954911709,0.392709643,0.706712782,-0.141898483,0.964339137,0.473875672,0.59139818,-0.189938158,0.955281198,0.440574348,0.601567686,-0.202363446,0.949146986,0.469308525,0.560488582,-0.196645454,0.869702756,0.440923065,0.56038928,-0.210652232,0.828638732,0.47034812,0.548920751,-0.16704537,0.838854671,0.440487295,0.553323328,-0.184905067,0.761381507,0.471270859,0.557743013,-0.176962256,0.723525405,0.441284895,0.565738857,-0.191485494,0.61343354,0.484984159,0.733857036,0.001005706,0.999657333,0.427233875,0.737438798,-0.001023111,0.999683857,0.539325833,0.75553757,-0.344112396,0.988491654,0.374074429,0.75498426,-0.312716931,0.983694017,0.507091045,0.87327534,-0.079816431,0.960046351,0.402251065,0.883797944,-0.065491922,0.987192214,0.495359331,0.886623025,-0.055250488,0.89362514,0.411076069,0.898915708,-0.043274574,0.940984845,0.512126386,0.952970207,-0.142633349,0.953085959,0.387527287,0.961302876,-0.136233121,0.975677609
0,0.445773035,0.128896728,-0.177255988,0.999904513,0.452249825,0.109597363,-0.1589403,0.99983865,0.456174135,0.109697394,-0.158960894,0.999821961,0.459288776,0.110330328,-0.158972681,0.999823689,0.440274715,0.109015614,-0.156533748,0.999800622,0.436649799,0.108892992,-0.156487867,0.999759912,0.43255505,0.108797476,-0.156495959,0.999771535,0.464619815,0.121452801,-0.045854513,0.999789178,0.42860046,0.119800448,-0.03231027,0.999669731,0.454446405,0.150717676,-0.133499205,0.99986726,0.439687639,0.148275092,-0.130214229,0.999838412,0.497713476,0.229070604,-0.006434114,0.999617279,0.398763448,0.230494261,0.007437071,0.999471903,0.51587975,0.333818585,-0.171135262,0.985728443,0.384329766,0.332326412,-0.14853397,0.975676119,0.463905096,0.224930078,-0.34592548,0.983690262,0.433041096,0.233459741,-0.327468902,0.970405877,0.45522657,0.188521087,-0.38507691,0.956841052,0.438273609,0.199995607,-0.370743334,0.917170942,0.45668155,0.183015972,-0.368647724,0.950433671,0.4367854,0.190618709,-0.35307008,0.903259695,0.458990723,0.196263269,-0.34320724,0.927113831,0.437028229,0.203742832,-0.325385183,0.871845603,0.478385985,0.49737069,-0.007520944,0.999679267,0.417343676,0.495483577,0.007532647,0.999669373,0.492060006,0.700667262,0.022589421,0.997683585,0.415007204,0.703014195,0.027059486,0.997419596,0.505637586,0.8730914,0.205067784,0.994039774,0.403515995,0.882295489,0.202292368,0.993545055,0.503734767,0.891953349,0.214419082,0.833446145,0.410275877,0.902894318,0.212846562,0.883187115,0.508048475,0.949793935,0.071898498,0.987563431,0.392093718,0.957451224,0.080619171,0.987072527
1,0.457113981,0.47642526,-0.17403999,0.999948978,0.463222355,0.45845601,-0.156942606,0.999906063,0.467292249,0.458405226,-0.156927571,0.999910057,0.471244335,0.458395541,-0.156982824,0.999874592,0.451080412,0.459361225,-0.158247724,0.99990505,0.446455568,0.459703654,-0.158294529,0.999923229,0.442788303,0.460209399,-0.158293918,0.999904275,0.477383226,0.467585087,-0.080012187,0.999856055,0.437023163,0.468212724,-0.083646759,0.999873877,0.463147819,0.497716695,-0.146570474,0.99993825,0.44993645,0.496487767,-0.148431495,0.999943256,0.509249628,0.578562915,-0.044751327,0.998031914,0.401226193,0.572320819,-0.050320238,0.999124467,0.52030313,0.717255831,-0.075373568,0.940999389,0.386749744,0.708486021,-0.090490557,0.976248443,0.470413506,0.607557416,-0.086730666,0.943335891,0.440074384,0.614768267,-0.095971398,0.96088618,0.467168421,0.576243043,-0.083370611,0.83288461,0.443772018,0.576251447,-0.094039455,0.842614353,0.468476385,0.564517677,-0.054255903,0.794921458,0.442791373,0.567133486,-0.070996694,0.778375804,0.469053596,0.573991716,-0.072685108,0.683063149,0.442873478,0.580359161,-0.084493749,0.655133188,0.482937902,0.744370282,-7.28E-05,0.999634862,0.424387306,0.746020675,8.68E-05,0.999701202,0.543570161,0.754688859,-0.291435987,0.993229032,0.370223105,0.758603811,-0.278410256,0.991632581,0.507305503,0.873258293,-0.052091293,0.968264878,0.402701855,0.884644926,-0.052137218,0.992561698,0.4949871,0.886198699,-0.029380715,0.910954654,0.412443399,0.900815904,-0.031112481,0.967294276,0.512518227,0.952175558,-0.105748333,0.961296618,0.388941139,0.960313678,-0.112578452,0.986491919
0,0.454105288,0.128366277,-0.199721292,0.99988091,0.460795075,0.109267734,-0.181393266,0.999785066,0.464479774,0.109530218,-0.181401014,0.999752164,0.466872513,0.110260762,-0.181399852,0.999755263,0.448782027,0.108466074,-0.180422246,0.999750972,0.444602162,0.108205445,-0.180393785,0.999704957,0.440876335,0.108135551,-0.180407614,0.999730647,0.472190678,0.120494716,-0.06590502,0.999674916,0.435794771,0.118107639,-0.059509922,0.999595881,0.462017208,0.150526032,-0.154897064,0.999828637,0.447371811,0.148507982,-0.153661057,0.999818623,0.504137814,0.228655308,-0.023601335,0.999544084,0.403803527,0.227403581,-0.019297509,0.999475539,0.522317052,0.329874247,-0.189425364,0.985743821,0.387531042,0.323272675,-0.178263426,0.979582906,0.469699919,0.223216817,-0.376912981,0.981704652,0.440238059,0.23099795,-0.358573496,0.969741702,0.461777449,0.186198249,-0.417840779,0.949257314,0.44720602,0.197710037,-0.402176052,0.913087487,0.462348789,0.1807089,-0.398841351,0.941792548,0.445316255,0.188085943,-0.383560121,0.89884913,0.464416742,0.193886548,-0.373340577,0.914897501,0.445031554,0.201043487,-0.355706036,0.863601327,0.48233667,0.494540572,-0.004584187,0.999558985,0.421657085,0.493421286,0.004537514,0.999579132,0.49448809,0.691697121,0.017496901,0.997203171,0.418354332,0.697009146,0.013380347,0.997042716,0.505986333,0.874222398,0.21310468,0.993721128,0.402695,0.883029759,0.180057198,0.994375527,0.50254792,0.894988596,0.225654572,0.837680697,0.409791052,0.903697431,0.188694179,0.888739467,0.509684086,0.953131199,0.080950253,0.987563908,0.391818345,0.95712173,0.047231596,0.988504291
1,0.453815937,0.478304386,-0.176670089,0.999903619,0.46058926,0.459896982,-0.160224915,0.999816895,0.46426335,0.459759831,-0.160206124,0.999830604,0.467668474,0.459658563,-0.160263151,0.999747932,0.448331416,0.4596394,-0.160268635,0.999808073,0.443821728,0.459181458,-0.16031979,0.999847889,0.440202862,0.458752394,-0.16032657,0.999796629,0.474393427,0.466364831,-0.083988823,0.999751329,0.435220897,0.464494675,-0.083899871,0.999761164,0.460028976,0.497610271,-0.149105042,0.999901772,0.445786417,0.495628148,-0.149466366,0.99990052,0.50699693,0.567165613,-0.050355036,0.998036206,0.399496764,0.568472266,-0.050622392,0.999002516,0.518882096,0.700898468,-0.090527043,0.944711804,0.3864941,0.700699806,-0.1047014,0.966204107,0.470114887,0.594281554,-0.101166427,0.93315208,0.439711481,0.604480684,-0.12278235,0.940849185,0.465604156,0.56436944,-0.09843199,0.80435878,0.442271173,0.56381458,-0.12319839,0.785098195,0.466722012,0.553409755,-0.068255514,0.760015488,0.441484988,0.556254029,-0.096749321,0.704430342,0.467317522,0.562251449,-0.086601786,0.632282078,0.441600025,0.569345117,-0.11043708,0.557969093,0.481204927,0.739164889,-9.96E-05,0.999649167,0.424316823,0.741887808,8.98E-05,0.999703348,0.534799218,0.75565654,-0.33243984,0.992043793,0.370126277,0.756844103,-0.300468266,0.990307033,0.506965816,0.872103095,-0.069262497,0.966747403,0.402648628,0.884682953,-0.060287677,0.991719782,0.496037066,0.886119246,-0.044320066,0.901572049,0.412062168,0.89858669,-0.038081881,0.960393786,0.51212424,0.951965988,-0.128566727,0.960983634,0.389482766,0.960561395,-0.126648396,0.983930111
1,0.556860685,0.44844988,-0.084609792,0.999949098,0.550173461,0.433632523,-0.066177733,0.999971926,0.549817979,0.433114082,-0.066195846,0.999977052,0.549332917,0.432635635,-0.066180415,0.99997431,0.547553599,0.436561704,-0.098462775,0.999972761,0.545304596,0.438407004,-0.098594591,0.999979913,0.542694688,0.440340161,-0.098620005,0.999974906,0.537725329,0.444032758,0.022707446,0.999978244,0.526915908,0.45421648,-0.121471643,0.999973595,0.556237698,0.468245387,-0.051277779,0.99995929,0.552725434,0.470572591,-0.092789069,0.99993664,0.534406424,0.541642606,0.122440256,0.999762475,0.523005009,0.587158561,-0.185195088,0.999870181,0.568945169,0.638444781,0.069923423,0.47016266,0.5848943,0.70120132,-0.105228618,0.983794034,0.564772964,0.577235818,-0.092867635,0.426461786,0.568815053,0.581849813,0.123495415,0.964152694,0.563321412,0.54209435,-0.110845268,0.337873042,0.566976905,0.547104239,0.131630078,0.931628346,0.55399859,0.539486587,-0.096331283,0.341328681,0.558668256,0.545830786,0.10776858,0.937364161,0.550462425,0.563910961,-0.092797175,0.352272809,0.55561614,0.557403505,0.121005103,0.931607425,0.469232142,0.725563884,0.10673748,0.999887407,0.448974133,0.762862325,-0.106667742,0.999948323,0.553617835,0.711903453,0.153837278,0.507090271,0.558584392,0.781976461,-0.224598363,0.989666879,0.513803124,0.844134748,0.211356431,0.450243801,0.494856179,0.919685125,-0.162826091,0.950992465,0.506916642,0.869982719,0.218613073,0.509632528,0.481170952,0.941082239,-0.153512493,0.925341368,0.542976499,0.88056463,0.240937784,0.60616827,0.541194558,0.958741069,-0.145297617,0.939011097
0,0.526226878,0.108910866,-0.110264122,0.999795198,0.518843532,0.091340952,-0.097619399,0.999796033,0.51794976,0.09116938,-0.097606733,0.999778867,0.516887903,0.091361798,-0.09756384,0.999725103,0.517738938,0.092599168,-0.134473413,0.999794602,0.516119957,0.093098693,-0.134535491,0.999838948,0.514260948,0.093862228,-0.134545058,0.999815226,0.503405631,0.106380731,-0.014961978,0.99957186,0.502268314,0.109095022,-0.178803533,0.999889433,0.524445891,0.129073158,-0.075465955,0.999773383,0.522514522,0.130708322,-0.122963451,0.999801457,0.498250067,0.220197067,0.110655084,0.999125242,0.509588182,0.237740099,-0.245427087,0.999919474,0.552470565,0.316675842,0.038975768,0.108111493,0.578813195,0.340490907,-0.169787064,0.934907854,0.548166692,0.2388926,-0.150707364,0.094617888,0.552519679,0.237108588,0.085162416,0.800884008,0.543896973,0.201888546,-0.176856339,0.088460267,0.547789454,0.199547172,0.092230238,0.732040405,0.534501374,0.203438014,-0.1647273,0.09147045,0.538414299,0.201140866,0.07179822,0.721454978,0.532200992,0.214624345,-0.15515019,0.098942801,0.536869764,0.213009879,0.084851362,0.690870047,0.505431056,0.497406185,0.115415491,0.998764813,0.501578152,0.506914198,-0.115734264,0.999528646,0.507197678,0.683092177,0.31927979,0.46987623,0.497085154,0.718246996,-0.074187502,0.983922899,0.497077614,0.846033394,0.505441844,0.714215696,0.488181651,0.918057561,-0.046232723,0.98543483,0.48743096,0.872612596,0.521066129,0.730574787,0.481132597,0.953157485,-0.048237167,0.954156101,0.540367246,0.873443007,0.495251238,0.853684306,0.541155159,0.96780473,-0.137569055,0.978108466
1,0.560608864,0.455312639,-0.0486518,0.999894679,0.553668082,0.440369934,-0.03379805,0.999942839,0.553151727,0.439829767,-0.033825714,0.999954879,0.55245918,0.439323813,-0.033825442,0.999954343,0.551380694,0.444244206,-0.067173757,0.999943852,0.549296618,0.446435511,-0.067306429,0.999959886,0.546734691,0.448879451,-0.067343704,0.999953508,0.540323675,0.452195406,0.042733867,0.999965131,0.530898631,0.463380545,-0.106436014,0.999953568,0.559806168,0.474715799,-0.018963633,0.999919713,0.556383014,0.478226334,-0.061600465,0.999891162,0.535007358,0.552468419,0.138496608,0.999634326,0.525431693,0.592276931,-0.177544564,0.99987936,0.569461942,0.649951875,0.089291237,0.275309175,0.586353421,0.710945308,-0.08856985,0.983954191,0.564663887,0.595414996,-0.070740253,0.214168653,0.568993926,0.592338383,0.137390018,0.957416058,0.564686835,0.560064614,-0.086790115,0.1791251,0.568162978,0.560637057,0.14610827,0.923546851,0.554946005,0.554764032,-0.075678334,0.185914993,0.560111344,0.556927979,0.122204378,0.932001054,0.551994264,0.586016893,-0.072032548,0.201083571,0.557131529,0.565389693,0.135276154,0.928889573,0.469944537,0.740002632,0.104680322,0.999916792,0.450593054,0.774971068,-0.10456834,0.999958098,0.555247664,0.736198008,0.14139685,0.412967771,0.561094642,0.794585943,-0.199994713,0.982269824,0.512591362,0.848629355,0.187192813,0.342934966,0.493192434,0.917146742,-0.114555322,0.907327712,0.501210272,0.869747162,0.194003671,0.437680453,0.476690948,0.936358154,-0.101964973,0.891876221,0.535648763,0.880533934,0.222156093,0.531093657,0.537932515,0.951708078,-0.079018727,0.904641807
0,0.530625463,0.1101797,-0.106784999,0.999741912,0.523079395,0.093243599,-0.094962195,0.999733627,0.52220273,0.093047373,-0.0949542,0.999708116,0.521295071,0.093102649,-0.094916329,0.999643564,0.521904469,0.094207913,-0.132557482,0.999735892,0.520294309,0.094541006,-0.132622823,0.999793589,0.518405735,0.095116824,-0.13264142,0.99976927,0.507968009,0.106502078,-0.014202848,0.999437809,0.506384134,0.10961917,-0.181773365,0.999859095,0.528495967,0.130393624,-0.072558053,0.999703586,0.526426017,0.131708458,-0.121190071,0.99974525,0.499912798,0.222222179,0.115456596,0.998936057,0.51059407,0.23547107,-0.249041244,0.999913692,0.554332852,0.319700658,0.066798195,0.101222619,0.581691265,0.333969653,-0.175300136,0.928534269,0.548978388,0.236987352,-0.100892641,0.079422511,0.552981496,0.232592791,0.081162937,0.783465087,0.543816447,0.20067741,-0.123992763,0.073662065,0.548171461,0.198619887,0.087320834,0.716832876,0.533797085,0.201875553,-0.113049626,0.076525852,0.538795352,0.200212628,0.067048445,0.707114697,0.532363057,0.212058812,-0.105399348,0.0844649,0.537274003,0.21094805,0.080760524,0.676647186,0.506533742,0.495536298,0.117387533,0.998703718,0.502042174,0.503842652,-0.117689237,0.99952966,0.508691549,0.681202769,0.322934568,0.446179926,0.497393548,0.715299249,-0.069535114,0.982046485,0.497872174,0.843036652,0.513748527,0.696979821,0.487297922,0.916637599,-0.029909024,0.98458904,0.488310337,0.868113637,0.529778421,0.716012418,0.481206238,0.951048136,-0.030775841,0.952113032,0.542169213,0.871794581,0.501755953,0.847344637,0.540712953,0.963529706,-0.121614993,0.977160275
1,0.551005483,0.458548725,-0.044777624,0.999932289,0.544068336,0.443374813,-0.030075397,0.999961615,0.543457985,0.442740858,-0.030096915,0.999968886,0.542724848,0.442174077,-0.030099969,0.999966085,0.541986823,0.446417272,-0.06233551,0.999962509,0.539943099,0.448125511,-0.062463641,0.999972701,0.537530422,0.449939996,-0.062509239,0.999966264,0.53028816,0.453759968,0.046048004,0.999973595,0.522315025,0.462791622,-0.098637387,0.999969542,0.549624085,0.477438003,-0.015257062,0.999945521,0.54642719,0.479574293,-0.056870274,0.99991703,0.524885356,0.552922547,0.137408063,0.999775112,0.519138217,0.592464924,-0.166445166,0.999874175,0.565272868,0.640499175,0.076871887,0.504030585,0.58184278,0.702156842,-0.08524888,0.982346296,0.55625689,0.582068145,-0.07822641,0.439607054,0.561885953,0.589585543,0.136406288,0.953695416,0.55405724,0.544903636,-0.09484525,0.342992991,0.55976814,0.559051692,0.144394159,0.91273278,0.543801427,0.54342705,-0.078643583,0.347141534,0.551814198,0.556601167,0.121058404,0.92023313,0.539318442,0.554922998,-0.077404566,0.347219974,0.548994899,0.566302121,0.13413915,0.914033413,0.466324389,0.743077099,0.104446627,0.999909759,0.447481483,0.780804217,-0.104383364,0.999948204,0.550911307,0.737159491,0.163660228,0.445128381,0.556859791,0.791919112,-0.22389324,0.982888699,0.508767664,0.849286795,0.229679465,0.377045631,0.493846834,0.92312777,-0.160698384,0.916444361,0.501632094,0.867207229,0.238426283,0.46170637,0.477773845,0.945672333,-0.151050836,0.896327734,0.531810403,0.873007953,0.26713106,0.550236404,0.538114965,0.964578152,-0.139084339,0.905209482
0,0.471291691,0.114366561,-0.249363229,0.999770105,0.476977974,0.092935152,-0.229455739,0.999610007,0.480123669,0.09374506,-0.229493111,0.999574959,0.483619303,0.094815858,-0.229516387,0.999581575,0.465061277,0.091740862,-0.2301476,0.999421597,0.459637254,0.09196347,-0.230132371,0.999314606,0.455075651,0.092631817,-0.23015371,0.999254465,0.489258915,0.107676223,-0.107897677,0.999380171,0.448108375,0.103055947,-0.110370852,0.998868704,0.478970915,0.137423933,-0.202932432,0.999676943,0.463548899,0.135473236,-0.204090878,0.999530971,0.522085726,0.224025115,-0.064539462,0.998938799,0.415300786,0.227365032,-0.068954304,0.99822998,0.526342213,0.342369497,-0.222816661,0.967877805,0.421103954,0.350963593,-0.226229697,0.95360899,0.484172583,0.221188277,-0.409667581,0.976811945,0.456444263,0.228491187,-0.405267477,0.95810771,0.47896117,0.180879802,-0.448020548,0.946567178,0.458738416,0.1931106,-0.44554013,0.907351077,0.479830176,0.169930205,-0.431083679,0.941310167,0.456124634,0.17940706,-0.429402769,0.895047128,0.480975449,0.185649961,-0.406825304,0.921333432,0.456344992,0.194796309,-0.403706253,0.864292264,0.501377404,0.492278755,0.002067091,0.999485195,0.440609872,0.496566474,-0.002149457,0.999225736,0.501825035,0.699295521,0.0022883,0.991724551,0.448115051,0.699472189,0.045226205,0.988114238,0.50354296,0.872849166,0.240870908,0.984036565,0.448621213,0.871305585,0.286321163,0.978630722,0.499118477,0.892766654,0.258814514,0.84746784,0.450194597,0.892344892,0.304760605,0.768300116,0.502653718,0.95330584,0.129674748,0.975942552,0.450804561,0.94988215,0.175543606,0.96774596
1,0.477294683,0.461053014,-0.295214713,0.999909759,0.482865751,0.441735893,-0.275548667,0.999773979,0.486373603,0.44170025,-0.275549918,0.99982661,0.489929736,0.441864431,-0.275621295,0.999664962,0.470714748,0.441718847,-0.275893748,0.999725342,0.465802431,0.441607296,-0.275973767,0.999828458,0.461641848,0.44167164,-0.276016772,0.999725819,0.496164709,0.452735126,-0.178557754,0.999640048,0.455514967,0.450986177,-0.179953158,0.999716043,0.483508438,0.484175324,-0.26054877,0.999932349,0.469364703,0.483490616,-0.261140853,0.999934375,0.529890418,0.555056989,-0.147458673,0.99843055,0.420331061,0.565277934,-0.154988229,0.998653173,0.534669816,0.694189847,-0.30383271,0.969674885,0.423664272,0.701644659,-0.315727949,0.980510294,0.493401855,0.574485779,-0.453411251,0.971298516,0.462724596,0.576536834,-0.460685909,0.97403121,0.489739716,0.539744675,-0.47986117,0.925640106,0.458318323,0.537870765,-0.488040745,0.918673635,0.490365446,0.532454491,-0.445628822,0.907495439,0.457948744,0.533703446,-0.457767665,0.888023555,0.491075426,0.542934716,-0.442412466,0.830349982,0.459597826,0.544854045,-0.450939566,0.793159068,0.508587956,0.737549424,0.002918358,0.999787509,0.449340641,0.740877211,-0.002896784,0.999718368,0.527608991,0.757831335,-0.370152891,0.989023685,0.437722594,0.757127643,-0.335873812,0.959637582,0.504338384,0.875592709,-0.078458965,0.959616244,0.45009318,0.880782843,-0.026500622,0.960417271,0.497013271,0.884298623,-0.052899726,0.853641093,0.455132335,0.890891612,0.000666381,0.842150509,0.500547528,0.956724882,-0.154487386,0.956326723,0.452527344,0.961606026,-0.103685856,0.949834645
0,0.475343406,0.107854791,-0.153589398,0.999590635,0.482197672,0.087777577,-0.13405399,0.999259591,0.486084849,0.087880269,-0.134088323,0.999206364,0.488603413,0.088541865,-0.134105533,0.99922508,0.469810009,0.086906776,-0.133036166,0.998996437,0.465676785,0.086666159,-0.133008063,0.998859167,0.461593926,0.086589806,-0.133025497,0.998865128,0.493866771,0.099930897,-0.022321749,0.998793125,0.456528723,0.097363606,-0.016216878,0.998068631,0.483819634,0.131068692,-0.110935643,0.999357104,0.468031079,0.129326597,-0.10963209,0.999140978,0.526625454,0.211574137,0.006632001,0.999010086,0.424086243,0.21335724,0.004105125,0.998247504,0.536334395,0.322884381,-0.164379045,0.9732939,0.423550785,0.330254376,-0.162757158,0.952528536,0.491228819,0.197375298,-0.327638417,0.974900305,0.46007356,0.209702626,-0.334890664,0.958258569,0.483191103,0.158337533,-0.365671784,0.938744128,0.462189674,0.171907812,-0.376416981,0.906354606,0.484608322,0.1519223,-0.343080133,0.930980027,0.460046053,0.161667734,-0.359467328,0.893289268,0.487136364,0.165076524,-0.322787941,0.906597733,0.460946798,0.175657839,-0.333623141,0.860893726,0.502222896,0.48339501,2.16E-05,0.999471188,0.443662167,0.481635541,-8.31E-05,0.999220252,0.498996735,0.6915977,0.017652545,0.992003679,0.453031003,0.689058006,0.028149405,0.987191916,0.504991174,0.871021926,0.210210353,0.983130157,0.449866951,0.869129121,0.219429582,0.973937333,0.500285745,0.892028868,0.222223684,0.797968566,0.451229662,0.890188456,0.232051179,0.736572802,0.49829793,0.954941988,0.088574044,0.973633349,0.449987471,0.951558232,0.101479769,0.962877154
1,0.473868698,0.474614501,-0.295732915,0.999872983,0.479892164,0.454024255,-0.278107226,0.999698699,0.483270556,0.4539105,-0.278104216,0.999745071,0.486481279,0.454070657,-0.278179228,0.999541521,0.467603445,0.453648001,-0.277691394,0.999653041,0.462827861,0.453068376,-0.277766168,0.999762118,0.458890378,0.45259884,-0.277800798,0.999656022,0.492749602,0.46103707,-0.183516324,0.999473274,0.453210205,0.459624916,-0.181717977,0.99962914,0.48085466,0.493939251,-0.260992944,0.999876082,0.465838671,0.493979126,-0.260673404,0.999894798,0.52907294,0.554758072,-0.148894101,0.997629821,0.418553203,0.567528009,-0.151859641,0.998707354,0.530658364,0.690769076,-0.293268144,0.959673643,0.423068196,0.703044415,-0.305088788,0.982069194,0.487228632,0.566365838,-0.427324355,0.96744144,0.458564103,0.575680137,-0.439058125,0.974238873,0.483231604,0.534765363,-0.451588333,0.917271376,0.455185503,0.537617743,-0.463821471,0.913080215,0.484871477,0.52670455,-0.418770462,0.89796716,0.454789311,0.53304702,-0.433298886,0.880153239,0.486592859,0.539043963,-0.416491181,0.819786787,0.455870301,0.544169545,-0.428842932,0.790601611,0.509054542,0.733488381,0.002645081,0.999700069,0.450207084,0.739175498,-0.002631339,0.99965477,0.534414172,0.752039433,-0.355329365,0.989165843,0.433588982,0.753478408,-0.327679694,0.96635735,0.504856229,0.874598622,-0.084620304,0.962765396,0.449195713,0.881449103,-0.040935252,0.964417696,0.496074617,0.883857548,-0.060661864,0.881795108,0.454593003,0.891678214,-0.015995439,0.865297079,0.500545382,0.954694271,-0.158474505,0.959103346,0.449925035,0.962422252,-0.117372394,0.95065999
0,0.474741161,0.105039194,-0.146831647,0.999623477,0.480822027,0.087040961,-0.128275424,0.999384999,0.483563751,0.087576061,-0.128304988,0.999345422,0.486088514,0.08828716,-0.12833336,0.999362648,0.469015032,0.085924082,-0.127820149,0.999138355,0.4636994,0.085454598,-0.127792999,0.999008894,0.459792674,0.085297599,-0.12780723,0.998993099,0.491744429,0.099654801,-0.019885458,0.999128997,0.453417838,0.096333459,-0.015763514,0.998633206,0.482675731,0.127424404,-0.105083309,0.999557793,0.467706382,0.125831395,-0.104237735,0.999341667,0.525046647,0.206674084,0.005339557,0.999082148,0.422656715,0.209816396,-0.004543836,0.998523891,0.5314008,0.311373591,-0.162872225,0.969285309,0.422951221,0.317842185,-0.178218111,0.964491248,0.485687792,0.189748928,-0.3150343,0.972924888,0.459962606,0.198421881,-0.338585526,0.961208344,0.476819903,0.156558439,-0.350028783,0.93982321,0.462235749,0.164398879,-0.377235711,0.911904871,0.478728771,0.149601802,-0.328484297,0.932345867,0.459712654,0.155759901,-0.360043466,0.899321318,0.481194973,0.161003932,-0.310125083,0.911217153,0.460347354,0.166670471,-0.337044537,0.873556912,0.503458261,0.487987101,0.002087935,0.999609172,0.4443129,0.487082541,-0.002130414,0.999414265,0.498857349,0.695357859,-0.011842601,0.994091332,0.450780779,0.701284289,0.010650573,0.990440965,0.504560471,0.872772753,0.199338257,0.98427999,0.446687311,0.868713379,0.244138688,0.964561403,0.499849617,0.892856956,0.214822054,0.821535826,0.448697895,0.88330394,0.262864798,0.686595142,0.500713706,0.954654157,0.092458166,0.970717609,0.451978385,0.952831268,0.147599071,0.944929957
1,0.481419712,0.46323216,-0.258230627,0.99990344,0.487934023,0.445949942,-0.238199234,0.99976337,0.492111981,0.446324974,-0.238193825,0.999806881,0.495752037,0.446791172,-0.238238931,0.999626756,0.476710141,0.444788814,-0.238727763,0.999719679,0.47173363,0.444307625,-0.238798738,0.999821663,0.467472613,0.443964183,-0.238834098,0.99972266,0.50116688,0.458474934,-0.144598261,0.999581814,0.460225284,0.4517712,-0.147582203,0.99966681,0.486868948,0.486545175,-0.225356549,0.999934614,0.473166287,0.483668566,-0.226489067,0.999936163,0.531363845,0.566994965,-0.113524869,0.998125136,0.421598107,0.56408143,-0.122083768,0.998810947,0.536851168,0.701473653,-0.241743237,0.960051656,0.423887312,0.701363027,-0.256736338,0.978147507,0.493637085,0.579371452,-0.370888621,0.961346984,0.467043817,0.584715009,-0.379336089,0.97105974,0.4901371,0.547151208,-0.39185831,0.897026777,0.464640677,0.545021594,-0.401764095,0.900193632,0.491479307,0.539971113,-0.360008717,0.87292701,0.463556945,0.540506721,-0.372627318,0.861978769,0.492352188,0.549422383,-0.359766304,0.784860551,0.46515426,0.551473677,-0.369151026,0.759936094,0.508485496,0.738346636,0.003273168,0.99981153,0.449095428,0.740213513,-0.003269526,0.999722064,0.528038085,0.754007459,-0.356490076,0.989438832,0.431729794,0.755832016,-0.314170063,0.966605365,0.50350529,0.875926733,-0.078025825,0.962605715,0.448116153,0.879265904,-0.010795688,0.966583252,0.496358067,0.885245919,-0.053260505,0.867497683,0.454092592,0.889085233,0.016070077,0.872645676,0.498965919,0.955951273,-0.152136117,0.961076021,0.448846817,0.962355018,-0.081231318,0.958707631
1,0.572551608,0.418476433,-0.075686499,0.999963105,0.564100266,0.404619604,-0.059891094,0.999978602,0.563323617,0.404121011,-0.059905279,0.999980509,0.562364697,0.403766006,-0.059906088,0.999980628,0.562631071,0.408493012,-0.090761796,0.999982536,0.560884714,0.410661995,-0.090896741,0.999986172,0.558868945,0.412995577,-0.090914011,0.999985754,0.550721884,0.417891353,0.019912312,0.999981642,0.545516372,0.427502155,-0.122768655,0.999981582,0.573976159,0.437885761,-0.046464663,0.999959409,0.571635246,0.442003548,-0.086669341,0.999947727,0.540743947,0.512818336,0.113853194,0.999278307,0.549868464,0.564585388,-0.185115546,0.999836564,0.577860594,0.574379385,0.112668812,0.478501439,0.60976702,0.670981765,-0.101592168,0.985516369,0.580303371,0.519534826,0.049567811,0.453437924,0.598341823,0.541473329,0.124241546,0.965763152,0.583001256,0.484679997,0.045456208,0.375597805,0.59897536,0.509576857,0.129720002,0.938602746,0.574777186,0.488614261,0.049654774,0.377982229,0.588359654,0.506490827,0.111023262,0.944360852,0.570043921,0.497431189,0.047828678,0.380618155,0.584660709,0.517163277,0.123066708,0.93979758,0.478367001,0.715890944,0.10631603,0.999845386,0.474432707,0.755426049,-0.106119201,0.999943078,0.569269657,0.678593516,0.178500324,0.395924151,0.591974676,0.742022455,-0.186457425,0.992617071,0.525151432,0.831558228,0.258776814,0.417609841,0.525889218,0.891406357,-0.140266657,0.967205822,0.518521428,0.856158555,0.268301189,0.434266865,0.506621718,0.922585309,-0.131933644,0.937294543,0.552970529,0.865211666,0.302278757,0.58579123,0.571766019,0.927628577,-0.113929369,0.957094133
0,0.562894464,0.078797422,-0.15650925,0.999842942,0.555447757,0.064007126,-0.142016679,0.999828041,0.554305136,0.064340092,-0.142011821,0.999818206,0.552993655,0.064904846,-0.142022789,0.999812245,0.554373741,0.065518275,-0.177574351,0.999846876,0.552717626,0.066622779,-0.177597642,0.999877572,0.55088824,0.06792032,-0.177547887,0.999865472,0.539363265,0.080752462,-0.05321629,0.999797642,0.538208365,0.08498393,-0.206244871,0.999892056,0.561939597,0.09977591,-0.119328931,0.999746919,0.560122192,0.101030894,-0.165007383,0.999746859,0.528114676,0.198164493,0.07734707,0.998793006,0.545339704,0.221915886,-0.258505374,0.999729872,0.57851696,0.285423964,0.148495823,0.12091884,0.609759808,0.324348718,-0.189422429,0.921015322,0.580517113,0.208993956,0.122018084,0.105925962,0.588974833,0.203861594,0.037416171,0.8112275,0.576068401,0.17122677,0.119650699,0.099841692,0.585866332,0.170107812,0.034864489,0.760560811,0.566630125,0.170865417,0.120622255,0.104693949,0.575813532,0.172253698,0.020174904,0.748855472,0.564553857,0.181649268,0.118312165,0.114407979,0.573561311,0.182733774,0.037297677,0.726769686,0.514824569,0.479787946,0.111672521,0.999380589,0.522100329,0.494435072,-0.111872211,0.999529183,0.523342073,0.67188257,0.27075842,0.435084879,0.524963737,0.703444302,0.023961738,0.979398727,0.520708442,0.855828285,0.42966637,0.664369822,0.520954192,0.892770112,0.153399795,0.98478657,0.510778427,0.885714412,0.4436813,0.682664514,0.50863415,0.934542835,0.164206624,0.959781349,0.559011936,0.884843886,0.412197262,0.813621819,0.569370329,0.933297753,0.101454481,0.97493428
1,0.573525608,0.459695607,-0.059322726,0.999947608,0.565682769,0.442847401,-0.042597674,0.999969244,0.564954102,0.442105412,-0.04260717,0.999974191,0.564091742,0.441355765,-0.042580016,0.999973655,0.563776851,0.446017593,-0.075008444,0.999968588,0.561828017,0.4475905,-0.075131141,0.999975085,0.559636295,0.449222088,-0.075140871,0.999971926,0.551553965,0.452246934,0.039741624,0.999977827,0.545004666,0.461502403,-0.106656611,0.999967456,0.572357059,0.477398247,-0.028245518,0.999956727,0.569694638,0.480750054,-0.070262112,0.999935865,0.542900443,0.54422015,0.132328957,0.999757707,0.545256972,0.592057586,-0.169409126,0.999862611,0.592225909,0.646088004,0.062500559,0.535699308,0.608458638,0.695967734,-0.095791981,0.98563236,0.584650874,0.570624828,-0.119770154,0.571944833,0.59036237,0.569624186,0.126579717,0.9595052,0.583114982,0.5296278,-0.139644131,0.482226551,0.588256717,0.536756694,0.132103547,0.925610483,0.571702361,0.52752322,-0.124663875,0.490865767,0.5789783,0.534739733,0.110402539,0.932529569,0.56640172,0.542095721,-0.119400308,0.478770554,0.576503456,0.547253847,0.124595687,0.927745283,0.478521973,0.741305709,0.10568589,0.999924183,0.472916991,0.784611285,-0.105609342,0.999970078,0.571170211,0.696704805,0.189271748,0.416924,0.59096235,0.755352855,-0.205708504,0.992875934,0.536828876,0.835658252,0.265506357,0.446180701,0.527275205,0.896515071,-0.116537049,0.966191173,0.525676489,0.860216677,0.274068773,0.460866481,0.509348392,0.925833464,-0.104328312,0.93924135,0.562165558,0.865015149,0.302691251,0.609233201,0.574455619,0.928288043,-0.083661474,0.956699193
0,0.539268076,0.073840939,-0.125769332,0.999781191,0.530802369,0.060261391,-0.111407891,0.999768078,0.529761136,0.060739618,-0.111371018,0.999766171,0.528467417,0.061399933,-0.111347035,0.999755561,0.530137658,0.062266365,-0.148812905,0.999799311,0.528856397,0.063798644,-0.148842275,0.999844909,0.527323604,0.065580018,-0.14884311,0.999828339,0.516433716,0.078766868,-0.022672908,0.999717355,0.515650392,0.08517459,-0.190766618,0.999868155,0.539394259,0.094212562,-0.08889918,0.999702036,0.537998676,0.096593462,-0.137168497,0.999717176,0.512606621,0.199136168,0.105986416,0.998606861,0.528642297,0.21519585,-0.254222184,0.999739408,0.562721908,0.298755616,0.089009002,0.138104647,0.595735252,0.31593281,-0.179697603,0.941196144,0.566445947,0.206842765,-0.041620929,0.124192163,0.573349416,0.202148229,0.070979193,0.848032892,0.560580015,0.169323951,-0.058641158,0.114418365,0.568787634,0.167831257,0.073391378,0.791637242,0.551098704,0.168423146,-0.050118018,0.120696016,0.558520436,0.168758258,0.055719525,0.781675994,0.548916757,0.179236755,-0.045623887,0.130121768,0.556315362,0.179063797,0.07113184,0.760860682,0.513549685,0.479725957,0.115813687,0.999324203,0.518422306,0.490597486,-0.116174027,0.999447763,0.521385312,0.673683822,0.261863261,0.399181485,0.521151245,0.701101959,0.003016102,0.974716663,0.519030392,0.85631901,0.41024977,0.621784627,0.519907713,0.892842591,0.121411242,0.979130566,0.509174824,0.886857927,0.423303276,0.661079645,0.508032322,0.934585631,0.130477294,0.951428592,0.557703793,0.888659239,0.393345803,0.790712714,0.569483936,0.933082938,0.059779298,0.967591345
1,0.567953467,0.445509344,-0.030980522,0.999921978,0.559229314,0.432529569,-0.016228737,0.999956191,0.558306038,0.432031512,-0.016223297,0.999964058,0.557221472,0.431591749,-0.016201001,0.999962568,0.558001935,0.436858594,-0.049044289,0.999958754,0.556300581,0.439316809,-0.049171202,0.999971032,0.554360509,0.441867203,-0.049196072,0.999969482,0.545014739,0.446862757,0.055733234,0.999966979,0.541378617,0.457629323,-0.092565447,0.999966443,0.567498565,0.46402362,-0.003313472,0.99992907,0.565441132,0.467790395,-0.046082329,0.999914765,0.537996769,0.543582797,0.145992979,0.999387324,0.547069669,0.585932851,-0.164991781,0.999892294,0.581893086,0.640723646,0.087359324,0.248086005,0.60467279,0.698583722,-0.079357125,0.975877345,0.57953912,0.574124634,-0.063030109,0.259910256,0.585042834,0.58093971,0.160966709,0.931291759,0.576949716,0.536973417,-0.07681074,0.231062517,0.581997037,0.545905888,0.168958992,0.889016628,0.568119109,0.534898698,-0.065311104,0.239960432,0.57374537,0.545010448,0.14859952,0.899577498,0.564892828,0.54735899,-0.063634358,0.249669477,0.571410656,0.557291389,0.160034612,0.900983632,0.473491758,0.746094823,0.107958995,0.999894381,0.473516405,0.788407445,-0.107873343,0.999960721,0.567925811,0.698276103,0.191490442,0.342904747,0.589991033,0.751768053,-0.18668437,0.992181718,0.522601783,0.836439252,0.264134675,0.404871702,0.526762366,0.897638202,-0.111947596,0.971595109,0.520781159,0.863456309,0.27270776,0.441857785,0.509697437,0.927322924,-0.10102129,0.948207021,0.554486156,0.865808249,0.302806079,0.583625555,0.573640227,0.928398788,-0.081917346,0.961335182
1,0.454170376,0.478319675,-0.703496575,0.99999094,0.461500645,0.4571684,-0.680610478,0.999966085,0.465429217,0.456854194,-0.680624604,0.999973893,0.469186842,0.456578612,-0.680803835,0.999943733,0.447125047,0.455529481,-0.682184339,0.999937296,0.442289203,0.454300314,-0.682303429,0.999964058,0.438924164,0.453436494,-0.682236195,0.999939859,0.476227432,0.4577277,-0.521944463,0.999964476,0.433238924,0.454348296,-0.530149043,0.99993372,0.461164892,0.497215599,-0.643432558,0.99998951,0.444771856,0.497130364,-0.645764232,0.999976099,0.510672688,0.548429489,-0.405588001,0.999947786,0.400412261,0.541539729,-0.395743579,0.998344779,0.560844183,0.638924479,-0.504376888,0.998704791,0.376280576,0.694835424,-0.600687444,0.985094428,0.60348618,0.727359414,-0.666667044,0.992696047,0.397764653,0.553872228,-0.881904304,0.983433425,0.620650947,0.748758674,-0.705721617,0.971501231,0.397148162,0.509292424,-0.936772943,0.966972828,0.612456262,0.75360924,-0.723101437,0.969887495,0.39893955,0.504980028,-0.915648758,0.950760543,0.604064882,0.746677399,-0.677693367,0.947907329,0.401643187,0.5201841,-0.878651023,0.882439733,0.488032669,0.68394804,-0.00234436,0.999654412,0.425894916,0.697886765,0.002103533,0.999756694,0.549845219,0.723948061,-0.466327518,0.989807963,0.37045005,0.745436072,-0.45188871,0.991320491,0.537934422,0.891274452,-0.162875682,0.985406041,0.38473165,0.903376579,-0.14779456,0.99563539,0.528422236,0.914865553,-0.142500505,0.909292758,0.393271625,0.922021568,-0.125082195,0.962820947,0.54776293,0.964631796,-0.305366576,0.966869295,0.366853535,0.976453125,-0.273415536,0.985493481
0,0.452316105,0.138655066,-0.247939512,0.999993861,0.45873642,0.118665487,-0.225968242,0.99998492,0.462254435,0.118192226,-0.225984186,0.99998194,0.465966463,0.117580883,-0.22600624,0.999982119,0.446560144,0.119680308,-0.22648029,0.999980569,0.442340851,0.119643554,-0.226494819,0.999980152,0.438420594,0.11926727,-0.226402596,0.9999789,0.472978503,0.125423715,-0.099005014,0.999979377,0.432676733,0.126238629,-0.100005493,0.999944031,0.459662497,0.158525005,-0.20068045,0.999987364,0.445327371,0.15856342,-0.201140553,0.999976277,0.508937359,0.237028673,-0.02949279,0.999982297,0.405310929,0.236407742,-0.041646108,0.999744296,0.56316936,0.311784744,-0.056398541,0.997190297,0.378601849,0.32587266,-0.206530362,0.994129241,0.608492315,0.376916915,-0.205931827,0.995871663,0.405575335,0.183490291,-0.464382082,0.995818377,0.626163602,0.39196074,-0.237870291,0.985078692,0.403113842,0.149266079,-0.521488607,0.985565603,0.621000886,0.395094752,-0.266367376,0.986344695,0.406113625,0.145373851,-0.515807748,0.984046698,0.613522172,0.392133623,-0.220938921,0.982235551,0.409490049,0.156981125,-0.469626009,0.975477159,0.492643416,0.501132309,-0.002561822,0.999889493,0.430043936,0.50306195,0.002460042,0.999839067,0.516142249,0.705430567,-0.03280469,0.99739778,0.409945071,0.718736291,-0.023560811,0.99781996,0.539821863,0.891418993,0.164530694,0.995705247,0.384320855,0.901204586,0.155137792,0.996823013,0.534846425,0.914508164,0.175609797,0.884125233,0.390513688,0.923566103,0.165245011,0.919870555,0.550276399,0.967296004,0.027751049,0.990264118,0.366317689,0.97910285,0.022238018,0.993387878
1,0.454683453,0.463980496,-0.566517115,0.999961555,0.461808383,0.445027471,-0.544967175,0.999866843,0.465861231,0.445119083,-0.544961751,0.999897778,0.469955117,0.445182115,-0.545114636,0.999765873,0.447821051,0.443472743,-0.547136128,0.999799192,0.443001181,0.442540228,-0.547240138,0.999895513,0.439210564,0.441817105,-0.547210991,0.999821305,0.477813393,0.44914791,-0.399031043,0.999853194,0.43449229,0.443774194,-0.409308493,0.99984622,0.461625874,0.485173762,-0.511332393,0.999963343,0.445799679,0.483901262,-0.514421761,0.999933064,0.510204434,0.536218643,-0.281065792,0.999920368,0.403682172,0.534662485,-0.288832873,0.998161972,0.550885499,0.615446091,-0.31314072,0.996598065,0.380245864,0.66139406,-0.451915741,0.985799193,0.581786335,0.694016457,-0.428898335,0.987492859,0.405328512,0.532084167,-0.693514466,0.98870784,0.596892774,0.71862185,-0.454589128,0.961191118,0.404768378,0.49782452,-0.741305411,0.977482617,0.586902738,0.722095847,-0.473723799,0.958180428,0.406621367,0.490419477,-0.721047938,0.967370093,0.578603864,0.717474878,-0.438773304,0.930712163,0.408810794,0.503594816,-0.690137029,0.921132982,0.488833338,0.68881011,0.001366709,0.999614716,0.427219957,0.696063161,-0.001573829,0.999545574,0.553390205,0.727102399,-0.421724945,0.990236163,0.374312341,0.753844857,-0.403144419,0.987230837,0.537059963,0.897445619,-0.194074541,0.983820677,0.384999126,0.901893973,-0.178169832,0.991056561,0.526238561,0.920969307,-0.180537105,0.919558644,0.393423468,0.918993533,-0.16317758,0.942858696,0.551737666,0.966004491,-0.332172573,0.96272248,0.367111415,0.977267146,-0.304271996,0.973879397
0,0.454818815,0.128384888,-0.233057708,0.999980211,0.461466253,0.109001331,-0.209095523,0.999965489,0.465003431,0.108887874,-0.209141254,0.999960601,0.468742222,0.109150387,-0.209158659,0.999963999,0.44911924,0.109892473,-0.213439316,0.999946058,0.444612682,0.110191718,-0.213439301,0.999939919,0.440666586,0.110610463,-0.213360786,0.99992919,0.475299537,0.118432492,-0.075420678,0.999952435,0.434677422,0.118928351,-0.092647649,0.999806285,0.462060362,0.149556756,-0.183965653,0.999971569,0.44780311,0.148256421,-0.189100951,0.999927044,0.509104311,0.230307192,-0.020410389,0.99996978,0.405504376,0.229881778,-0.063298106,0.999209046,0.546870232,0.302682728,-0.118858121,0.992005348,0.394095868,0.334972143,-0.270076036,0.989632487,0.57793963,0.361512721,-0.32948935,0.994199038,0.410638034,0.188587099,-0.530725598,0.994464517,0.588413,0.380896419,-0.371713936,0.984912813,0.407787234,0.157954216,-0.590380371,0.985837758,0.58510077,0.378780574,-0.393619776,0.985803902,0.408806801,0.153470993,-0.587948382,0.984793901,0.580641568,0.373953074,-0.343600214,0.981325924,0.411793888,0.163682267,-0.537593305,0.976589084,0.493079722,0.502390563,0.004300195,0.999919176,0.430314869,0.505226195,-0.004378937,0.999822497,0.514623284,0.707638741,-0.048549388,0.997621059,0.41098848,0.724789619,-0.016522372,0.997675121,0.538869739,0.89400965,0.136815727,0.995505869,0.385939509,0.900796533,0.190641254,0.995328844,0.533048511,0.917767823,0.147187367,0.896648347,0.391094804,0.921447515,0.204714939,0.883094549,0.555115104,0.968927264,0.006589056,0.990544915,0.367872417,0.980875492,0.071717724,0.990754426
1,0.452156395,0.472801626,-0.67769134,0.999993503,0.459980398,0.45206359,-0.655205727,0.999979734,0.464077473,0.452400684,-0.655217946,0.999987602,0.468072087,0.452635646,-0.655380845,0.999960661,0.445623159,0.450659931,-0.65636605,0.999963045,0.441073328,0.449865818,-0.656483889,0.999983549,0.437432855,0.448923498,-0.656419158,0.999964356,0.47582227,0.455809027,-0.500752568,0.999982536,0.43307361,0.449461311,-0.506126761,0.999981821,0.459228605,0.492273241,-0.619686484,0.999996424,0.442897409,0.491487235,-0.621243358,0.99999398,0.508031964,0.543545723,-0.395809114,0.99996835,0.401571363,0.536825418,-0.385970682,0.999667406,0.547500551,0.638735175,-0.579326272,0.995787263,0.382809699,0.689556479,-0.609455228,0.993532121,0.560268104,0.689204931,-0.815670848,0.984018266,0.401368767,0.552426219,-0.902706325,0.994115949,0.571675777,0.714513242,-0.869810939,0.957707584,0.400120497,0.51139909,-0.961926341,0.988869786,0.5594033,0.711938143,-0.871761143,0.949332416,0.401773542,0.505345404,-0.940024018,0.983764708,0.552087903,0.703145742,-0.822704434,0.901155233,0.404415309,0.520511389,-0.899812579,0.953371227,0.488993227,0.693468332,0.000691493,0.999774098,0.426517874,0.70306468,-0.000759942,0.999768257,0.55189693,0.714308083,-0.487418503,0.99176091,0.368199736,0.743273854,-0.445622206,0.990499794,0.537451446,0.897046506,-0.199509948,0.984884024,0.383469284,0.903461635,-0.169362962,0.995181143,0.527734876,0.920574844,-0.181608111,0.929762781,0.392467022,0.923092842,-0.151777282,0.957311571,0.550628424,0.965539217,-0.345333219,0.965021789,0.365858972,0.977252543,-0.309110701,0.983199358
0,0.460699469,0.131935999,-0.251192898,0.99988234,0.466681093,0.112384439,-0.228058815,0.999859393,0.470750272,0.112516582,-0.228142217,0.999842346,0.47416383,0.113002025,-0.228191227,0.999859691,0.455916464,0.112069935,-0.233676836,0.999781489,0.451739728,0.111638188,-0.233664721,0.999751687,0.447556585,0.11109101,-0.233596712,0.999715924,0.480064064,0.121435359,-0.091496065,0.99980557,0.440417588,0.117334068,-0.113374636,0.999338448,0.465996563,0.153741315,-0.200103208,0.99989593,0.453675449,0.151447266,-0.206597373,0.999776125,0.510336161,0.22858052,-0.041225005,0.999897659,0.407339007,0.225158602,-0.067838803,0.998141229,0.54427129,0.291539162,-0.202398017,0.978128374,0.396564454,0.338261634,-0.27166754,0.986504912,0.562315404,0.337089837,-0.468711764,0.977387249,0.415959537,0.190552875,-0.531154096,0.990328372,0.568331122,0.357648015,-0.525914311,0.955920577,0.41404739,0.160877466,-0.592097878,0.97893095,0.56134665,0.353076577,-0.540909231,0.957988918,0.414613396,0.15596512,-0.588314593,0.977532387,0.558014929,0.347423285,-0.482135355,0.947268724,0.416734159,0.165695995,-0.536998093,0.965389669,0.497541368,0.498547107,-0.000423453,0.999832749,0.435004145,0.503924787,0.000497544,0.999659777,0.516693115,0.708317995,-0.050505251,0.997179687,0.413813174,0.718407273,0.007181187,0.99786216,0.537154377,0.898131073,0.089030087,0.995850444,0.38732788,0.90059346,0.163386852,0.996403694,0.53140223,0.919999838,0.094089642,0.913341761,0.392679811,0.924855232,0.171011299,0.89607048,0.553776264,0.969735146,-0.053183544,0.991099656,0.367670536,0.977987409,0.032702059,0.991958916
1,0.448636949,0.488429397,-0.709073663,0.999993861,0.456681401,0.467481613,-0.686815381,0.999980569,0.460723966,0.468031049,-0.686827481,0.999988437,0.46472159,0.468389392,-0.686988175,0.999958038,0.441858143,0.465295702,-0.687867284,0.999967337,0.436789811,0.464358479,-0.687991381,0.999985993,0.43316704,0.463468254,-0.687941253,0.999968529,0.472589821,0.471609801,-0.531527042,0.999981821,0.428161204,0.465217769,-0.535693049,0.999986947,0.455419838,0.508127272,-0.650464714,0.999996722,0.438835204,0.508027077,-0.651631534,0.999995053,0.505192697,0.556767762,-0.417361319,0.999955058,0.3951433,0.553602576,-0.408250511,0.99978745,0.540459037,0.663528204,-0.596054852,0.993009448,0.379670203,0.720604777,-0.627501607,0.994343996,0.546960235,0.703402102,-0.842958152,0.974079788,0.401180595,0.579639077,-0.921971977,0.993713796,0.556565464,0.729843676,-0.89762032,0.936919093,0.399810374,0.537409902,-0.981622815,0.987842023,0.543538153,0.724615753,-0.897514999,0.921635687,0.400919497,0.529444635,-0.958915889,0.981753945,0.536743879,0.714683473,-0.84929502,0.845268846,0.404026926,0.545062065,-0.918759465,0.946361482,0.484689534,0.702214539,0.001599936,0.999680042,0.422919452,0.711463511,-0.001685713,0.999769628,0.546667099,0.718144476,-0.490540177,0.989706218,0.364110291,0.749335706,-0.451942861,0.989907086,0.537227333,0.898718596,-0.184080213,0.980272651,0.384622961,0.904034674,-0.156281769,0.994724691,0.527859151,0.923440874,-0.164513946,0.922740817,0.39529559,0.927209795,-0.13696979,0.956571996,0.551806509,0.967679679,-0.32822755,0.954485357,0.364892066,0.978705704,-0.296044707,0.981381238
0,0.453004539,0.136390358,-0.295766622,0.999964058,0.460666597,0.11730618,-0.272420853,0.999949634,0.464304775,0.117235884,-0.272491276,0.999948144,0.468297392,0.117625237,-0.272553653,0.999948382,0.447821528,0.118026361,-0.276017815,0.999916613,0.443136394,0.118044034,-0.276029736,0.999910414,0.439516872,0.118132792,-0.275956631,0.999889016,0.475454986,0.12683858,-0.132273868,0.999942064,0.434796572,0.124873757,-0.144422397,0.99977535,0.460456461,0.15750806,-0.243464679,0.99996525,0.445446819,0.156080216,-0.247169942,0.999916434,0.509653449,0.236636907,-0.072194114,0.999951184,0.406261355,0.23373118,-0.090649709,0.99879396,0.540795088,0.299134582,-0.241130278,0.989973783,0.389306337,0.348335832,-0.294932157,0.988850415,0.554358602,0.338056564,-0.520569205,0.988534749,0.414183289,0.203215435,-0.568897426,0.990819275,0.557623327,0.360566288,-0.579912782,0.974697292,0.411912203,0.175529018,-0.631770015,0.979486704,0.549970031,0.354747504,-0.592001379,0.97498256,0.412653148,0.170564413,-0.626672029,0.976887226,0.546879649,0.347502708,-0.532843292,0.962246716,0.415121168,0.1797259,-0.574477971,0.959887683,0.494796753,0.502274394,-0.000579084,0.999862731,0.431285322,0.505731642,0.000564223,0.999722123,0.525080919,0.708819211,-0.071859106,0.997156978,0.408782184,0.722695053,-0.015446641,0.997595608,0.54062593,0.895581126,0.102301776,0.994714737,0.384234428,0.901145339,0.162664995,0.996647358,0.532850683,0.920474827,0.11106918,0.907668293,0.391296655,0.923497438,0.172451302,0.915572226,0.558512807,0.968580365,-0.040775098,0.985261679,0.365231574,0.979634285,0.028643096,0.990252495
1,0.570762813,0.468311042,-0.042155731,0.999990106,0.567022622,0.450548559,-0.024713002,0.999993682,0.566642284,0.449777335,-0.024768149,0.999993443,0.566207767,0.44901216,-0.024765819,0.99999404,0.564789176,0.452115506,-0.055590976,0.999993682,0.562803447,0.452552706,-0.055706006,0.99999404,0.560555041,0.453011662,-0.055693813,0.999994636,0.5535115,0.452058285,0.049101897,0.999994814,0.543905318,0.457264572,-0.090362199,0.999992609,0.56721133,0.487605661,-0.01425273,0.999990225,0.563247919,0.488610506,-0.054397989,0.999985993,0.542403162,0.520174026,0.124081954,0.999872088,0.524759352,0.576979876,-0.150897861,0.99992305,0.592333615,0.575905859,0.106738426,0.554665446,0.5826298,0.654342771,-0.103247605,0.988750935,0.607502818,0.549663782,-0.000971419,0.532434285,0.56520015,0.52414453,0.068483837,0.963458717,0.607001662,0.543564796,-0.018162215,0.468871564,0.562768757,0.497670293,0.066276215,0.939977348,0.596147537,0.531103253,-0.01877344,0.490514547,0.556786418,0.496608317,0.041266464,0.947867036,0.594043791,0.53777498,-0.006446741,0.499555767,0.556447089,0.504300773,0.062887341,0.947955966,0.448954254,0.684478402,0.105661154,0.999926746,0.419938475,0.726609051,-0.105405666,0.999979615,0.528200507,0.717033803,0.211558655,0.379658908,0.53368032,0.775508344,-0.225361854,0.995625615,0.494171709,0.841751754,0.30068773,0.449294567,0.485204875,0.949162364,-0.22754848,0.984503508,0.479077905,0.858043909,0.309697926,0.473237514,0.466136932,0.963430464,-0.226230904,0.968511581,0.525179088,0.876121104,0.32977739,0.575102508,0.525072336,0.97861588,-0.239295289,0.974936306
0,0.532929122,0.158690915,-0.209391952,0.999964178,0.532515109,0.140865207,-0.185657591,0.999952495,0.53309238,0.140460402,-0.185719773,0.999940455,0.533725858,0.140062198,-0.185770363,0.999941945,0.527340531,0.141228795,-0.210544199,0.999962211,0.523697734,0.141061798,-0.21060288,0.999964893,0.519322753,0.140903533,-0.210552409,0.999966145,0.525414884,0.144782275,-0.066129573,0.999890625,0.503295064,0.147301078,-0.174110964,0.999925137,0.530826986,0.178982869,-0.163483769,0.999807894,0.524281383,0.181135088,-0.194990024,0.999797285,0.501881123,0.231161281,0.087036744,0.998777568,0.503838956,0.264427215,-0.225387841,0.999597847,0.561576366,0.304586977,0.179942399,0.326664925,0.56362915,0.333403915,-0.305268258,0.954031467,0.611139178,0.329910427,0.170343876,0.507819712,0.541589975,0.21070376,-0.301199973,0.954795539,0.629433513,0.335236132,0.178656071,0.464422017,0.539406776,0.183066666,-0.322968215,0.943798959,0.627128482,0.337618887,0.159631521,0.476258129,0.525657475,0.184341416,-0.33281821,0.942374289,0.62047869,0.342329651,0.160448149,0.475361228,0.525976598,0.194588155,-0.305443227,0.934022725,0.471118301,0.505756795,0.108669005,0.995792389,0.467496485,0.523798406,-0.108812496,0.999265552,0.489954561,0.677428961,0.264289469,0.47715807,0.48381409,0.737283468,-0.132432818,0.989332795,0.489067316,0.812368929,0.406108856,0.61161834,0.485206425,0.950777948,-0.170146614,0.989165366,0.484981447,0.869682848,0.415722787,0.550541937,0.474377781,0.971936345,-0.180022925,0.966063678,0.539299846,0.852002144,0.391651303,0.723374367,0.540515602,0.984317601,-0.264666259,0.978442073
1,0.5724473,0.4573026,-0.103477314,0.999968648,0.568952799,0.437953055,-0.087525912,0.999976873,0.568944991,0.436920196,-0.087607518,0.999972939,0.568843186,0.435849637,-0.087622479,0.99998045,0.565728724,0.440531403,-0.119004212,0.999981225,0.56339699,0.441315085,-0.119098306,0.999978364,0.560828328,0.442072213,-0.119089201,0.999983251,0.556276441,0.440716773,-0.010572387,0.999980927,0.544241488,0.447799146,-0.154538363,0.999971569,0.57036078,0.478328198,-0.073224522,0.999969602,0.565902531,0.479333967,-0.114820205,0.999960363,0.549212813,0.506506205,0.071470626,0.999702036,0.525247216,0.569010437,-0.21404779,0.999866009,0.599165678,0.546287775,0.060650207,0.572229326,0.583251178,0.653758943,-0.205368921,0.986351907,0.611890614,0.545473635,-0.068682358,0.663072288,0.569643915,0.520076752,-0.107087672,0.96797061,0.617506266,0.539898455,-0.090531714,0.643699646,0.567189276,0.490729064,-0.129365996,0.950496614,0.606589556,0.525083601,-0.103552386,0.662483811,0.561372995,0.487612545,-0.15070197,0.956622064,0.605081558,0.529903531,-0.0793375,0.664921343,0.56128788,0.497290641,-0.114274874,0.952467322,0.454210192,0.675625741,0.109590843,0.99980545,0.424610376,0.71885103,-0.109340332,0.999954343,0.535643458,0.704635978,0.20544894,0.323120981,0.539037526,0.783064246,-0.247571036,0.995482385,0.48935923,0.832450032,0.322599202,0.385327727,0.486274391,0.950990796,-0.202848107,0.977462709,0.476913124,0.836666942,0.33386898,0.416694075,0.465572774,0.963125885,-0.196411937,0.955820084,0.513035595,0.864750862,0.351291806,0.48260054,0.516860068,0.999049366,-0.20331192,0.958969533
0,0.538475156,0.141148299,-0.09082666,0.999895692,0.533343434,0.122506164,-0.077044584,0.999839365,0.53261137,0.121781901,-0.077125564,0.999813378,0.531844318,0.121256486,-0.077167474,0.999847293,0.531256735,0.123493552,-0.111384071,0.999873102,0.529049516,0.123388469,-0.111409165,0.999871612,0.526764989,0.123458758,-0.111385904,0.999877691,0.518968821,0.128605023,0.002133799,0.999697566,0.511969328,0.132411912,-0.149160311,0.999780715,0.535154045,0.160781115,-0.057854723,0.999766707,0.532034516,0.162161335,-0.101811484,0.999742031,0.514095187,0.230135962,0.114708677,0.999096334,0.496946156,0.257987142,-0.206917673,0.999661565,0.57096225,0.302707762,0.132045493,0.457630783,0.557369709,0.335748345,-0.224940866,0.973013639,0.629164219,0.331167638,0.009476202,0.667941749,0.544361174,0.220610231,-0.143146247,0.976478338,0.643818915,0.331993699,-0.008348951,0.625041187,0.543445408,0.19300738,-0.162281007,0.969157994,0.642775297,0.335059345,-0.023230417,0.639171064,0.529845536,0.18701452,-0.176067889,0.967306554,0.62465322,0.316011488,-0.002885172,0.64738369,0.530155659,0.195900053,-0.146310166,0.955175459,0.492553771,0.505160809,0.106259629,0.996829748,0.479862392,0.519612432,-0.106247902,0.99914217,0.492149979,0.684483826,0.266309977,0.464220941,0.487311989,0.734157026,-0.098025471,0.988458037,0.494525135,0.847258508,0.421684921,0.606798351,0.48547101,0.93865037,-0.091856793,0.983219802,0.480721235,0.868546546,0.433360159,0.600615859,0.475364447,0.970040917,-0.095874339,0.949434459,0.538190842,0.862109363,0.398584396,0.744382918,0.535708785,0.985732019,-0.188622832,0.970175683
1,0.56579864,0.476196915,-0.191420481,0.999972165,0.562043071,0.454398304,-0.172106445,0.999972999,0.561820447,0.453213274,-0.172158986,0.999967456,0.561490178,0.451959878,-0.172163278,0.999978244,0.558618605,0.457049906,-0.204340816,0.999980748,0.555795312,0.457789779,-0.204432294,0.999977171,0.552876353,0.458517998,-0.204406545,0.999981284,0.548958242,0.455675304,-0.082818717,0.999974906,0.538361192,0.464652121,-0.230367824,0.999958634,0.563784063,0.494635105,-0.157419786,0.999951839,0.559067905,0.495551795,-0.200010806,0.999934435,0.546361983,0.519063234,0.021213302,0.999636769,0.52183032,0.58726424,-0.278992593,0.999742448,0.601198852,0.558567762,0.068788663,0.648635566,0.57907474,0.670161605,-0.290297955,0.979016423,0.653631389,0.576277435,-0.027626824,0.846735835,0.570332825,0.539520502,-0.193598479,0.967552662,0.677108288,0.582200289,-0.042568542,0.836313605,0.568936825,0.512391686,-0.219747499,0.94738102,0.671732962,0.579970062,-0.067732207,0.85227704,0.562349379,0.509734333,-0.238480687,0.951671302,0.665844083,0.581131339,-0.042132217,0.845888734,0.560912013,0.518081367,-0.200282738,0.945028484,0.441510826,0.692532122,0.113568388,0.999642432,0.418510199,0.739962935,-0.113433503,0.999902129,0.524993062,0.717269719,0.243359998,0.40246892,0.534376919,0.775387645,-0.209588572,0.995001137,0.503929913,0.86839956,0.382070422,0.452956259,0.483611166,0.937989235,-0.126645103,0.970535457,0.478139073,0.889118254,0.395607889,0.442144454,0.467173636,0.946019769,-0.116810739,0.940518856,0.533051729,0.911847234,0.420220375,0.520694971,0.518056512,0.965364695,-0.11308378,0.939939082
0,0.538610399,0.140114844,-0.136669219,0.999795675,0.532618403,0.121798314,-0.12260361,0.99963671,0.531838238,0.120952077,-0.122696996,0.999578595,0.531001627,0.120348796,-0.12276125,0.999652207,0.530517638,0.124075346,-0.157268971,0.999755502,0.528305054,0.124686688,-0.157295555,0.99974823,0.526032805,0.125465423,-0.15727374,0.999753475,0.51760155,0.129767656,-0.039537776,0.999452293,0.51113683,0.136570692,-0.193238124,0.999585986,0.535546303,0.160897821,-0.102438249,0.999616623,0.532451987,0.163309917,-0.146958038,0.999588668,0.522065938,0.226976037,0.074611105,0.998615801,0.494802415,0.261588722,-0.248025373,0.999528944,0.582452953,0.29303202,0.115452446,0.533870816,0.557334363,0.347467005,-0.305128068,0.980270088,0.642225742,0.307457685,0.007871954,0.719673812,0.550262511,0.239999786,-0.296360701,0.984870434,0.663186848,0.316900671,-0.00871138,0.680542827,0.548791647,0.210362673,-0.32944411,0.981033802,0.666578591,0.318362564,-0.030330813,0.697127998,0.538106799,0.204131782,-0.341181874,0.980052412,0.657952905,0.31649062,-0.006840935,0.713884532,0.537194788,0.211859569,-0.301242709,0.968469918,0.492476523,0.50581342,0.105401613,0.995979428,0.474578142,0.519517362,-0.105375037,0.998856783,0.495294988,0.680883229,0.289955944,0.495202392,0.48552084,0.734279454,-0.094221652,0.989518106,0.49160257,0.827495575,0.467063248,0.642831266,0.484615654,0.937034369,-0.084822237,0.979695916,0.482410729,0.865273774,0.481083542,0.645229638,0.475011349,0.964556277,-0.08883509,0.935902357,0.53888005,0.863660455,0.446522295,0.772234559,0.53547585,0.989720762,-0.18889837,0.960319996
1,0.57714653,0.490936309,-0.166864127,0.999968886,0.572952569,0.470942974,-0.148747489,0.999968529,0.572595596,0.470233798,-0.148803189,0.999964356,0.572113395,0.469493866,-0.148783416,0.99997592,0.570266843,0.473754704,-0.18327792,0.999979973,0.568187654,0.474682391,-0.183378354,0.999977231,0.565876961,0.475485533,-0.183368281,0.999980569,0.558126509,0.475363374,-0.066137314,0.999976516,0.548359394,0.481551796,-0.223990992,0.999964893,0.574596226,0.51290679,-0.135447115,0.999951422,0.57148689,0.515309393,-0.180957988,0.999938369,0.552289605,0.543027759,0.019041423,0.999429286,0.526852369,0.604528069,-0.276456654,0.999757648,0.602866232,0.585123241,0.038494751,0.652429521,0.583099067,0.693280339,-0.289259672,0.985919654,0.640497029,0.596645594,-0.078702681,0.780879021,0.576887906,0.565992534,-0.216063306,0.977312148,0.657421708,0.588636398,-0.097644031,0.783662796,0.574263096,0.535103798,-0.244212821,0.964201391,0.630145848,0.573720694,-0.118406773,0.803309441,0.56748116,0.532708406,-0.260496497,0.967359483,0.627717137,0.580301166,-0.092244059,0.798469663,0.566281199,0.542583585,-0.22238794,0.960628927,0.446816981,0.701590836,0.109025002,0.999716461,0.424009323,0.741713941,-0.108820513,0.999925911,0.533074081,0.747097194,0.185391471,0.57851547,0.533147097,0.783453345,-0.224405602,0.997171104,0.493333101,0.893786371,0.28834787,0.628992617,0.485057056,0.940236151,-0.13949728,0.982466877,0.478964269,0.907503426,0.298341334,0.615708947,0.466369301,0.949554801,-0.129296064,0.961902976,0.52903825,0.942554891,0.312339097,0.659920692,0.521750748,0.979433954,-0.126166806,0.956751943
0,0.544226229,0.143981621,-0.136336863,0.999890089,0.538379788,0.123977564,-0.122508153,0.999808967,0.537329197,0.123155922,-0.122609675,0.999792874,0.53611964,0.122584999,-0.122680448,0.999835253,0.537137806,0.125830561,-0.156145096,0.999869227,0.535283804,0.126125455,-0.156189248,0.99987489,0.533267736,0.126586765,-0.156188056,0.999875367,0.521063507,0.13232474,-0.041936126,0.999771833,0.517974496,0.137189075,-0.196799293,0.999765158,0.540051043,0.164731488,-0.102936424,0.999777853,0.537815452,0.166715339,-0.146847501,0.99976939,0.521542907,0.232072234,0.073598817,0.999060035,0.496781051,0.266438097,-0.24768135,0.999650955,0.578635454,0.298793107,0.160115719,0.646953583,0.552832603,0.355941355,-0.367427647,0.978814065,0.644405603,0.31630531,0.114452168,0.830213785,0.550915062,0.250057995,-0.456388295,0.986213386,0.665926933,0.322828025,0.112680592,0.789405882,0.551374674,0.213737786,-0.501948416,0.982885718,0.669594288,0.324720383,0.08333724,0.801209152,0.541043282,0.206072941,-0.505620658,0.982056737,0.661739469,0.324582756,0.099347353,0.802049458,0.53976208,0.217260554,-0.46090284,0.972831607,0.490430266,0.50905472,0.106389031,0.997182846,0.473444402,0.525362492,-0.106377229,0.999317706,0.493045509,0.686377108,0.295846999,0.542490661,0.486650765,0.744852901,-0.101324245,0.994040191,0.489720166,0.82543385,0.47550717,0.63440007,0.486109734,0.953388989,-0.101177774,0.990828156,0.482611418,0.868319452,0.489961207,0.632107854,0.475211054,0.973550916,-0.106212936,0.972220302,0.54042089,0.857673287,0.457872212,0.75629729,0.541033506,0.990693748,-0.204480439,0.978696287
1,0.491612732,0.581117213,-0.47608906,0.999963522,0.497666448,0.56569016,-0.461451948,0.999973893,0.501050472,0.564671516,-0.461392224,0.99996233,0.504198015,0.56316489,-0.461585522,0.999973118,0.488162994,0.564342916,-0.458901703,0.999962211,0.48505196,0.562778294,-0.459019035,0.999936879,0.481905878,0.560939789,-0.459030718,0.999954224,0.508812129,0.557611108,-0.343848348,0.999928415,0.475628316,0.555290878,-0.331166416,0.999938548,0.496663988,0.591351926,-0.427862823,0.999822617,0.485244423,0.590365291,-0.424650252,0.999816716,0.530325532,0.57450372,-0.257517278,0.996348202,0.443470389,0.576735258,-0.251537293,0.998111844,0.559113324,0.494397283,-0.336473256,0.986805797,0.424864233,0.481547087,-0.302401692,0.988314271,0.568976521,0.390214235,-0.43017298,0.968191683,0.422668517,0.370220989,-0.363178641,0.977814794,0.570112109,0.363040954,-0.463574946,0.929618597,0.420680344,0.34007591,-0.393896073,0.934442341,0.563478529,0.356865138,-0.465856016,0.923263788,0.429620594,0.340126306,-0.384920031,0.921235621,0.562108397,0.367798358,-0.436111271,0.90043962,0.431788206,0.351311624,-0.364072293,0.901740789,0.514049411,0.746871769,0.00340949,0.999545991,0.459652185,0.74856627,-0.003432335,0.999751866,0.583867669,0.782093585,-0.375005782,0.994347572,0.403780162,0.797742009,-0.39358139,0.996727049,0.565137446,0.907404304,-0.144196182,0.984164655,0.423969597,0.911759973,-0.145675972,0.989979804,0.552633345,0.928146183,-0.124951802,0.9499982,0.433822304,0.925119877,-0.124226846,0.944604754,0.582167625,0.97610873,-0.227555364,0.951875567,0.410453379,0.981196404,-0.227172226,0.962421
0,0.491686195,0.250734746,-0.35102877,0.999761164,0.496194363,0.234110028,-0.333218724,0.999634862,0.49954024,0.234025553,-0.333166182,0.999561965,0.502979338,0.233919397,-0.333217084,0.999579251,0.486633599,0.235259712,-0.333624452,0.999605477,0.483446062,0.235383734,-0.333685309,0.999508977,0.479925722,0.235950768,-0.333689839,0.999505758,0.50896728,0.244160384,-0.234369397,0.999253511,0.475378186,0.245323285,-0.236358002,0.999322832,0.498250574,0.269166678,-0.313230485,0.999086201,0.485612929,0.268276542,-0.313606769,0.999026358,0.536236942,0.307172954,-0.206003457,0.998372018,0.455631435,0.315206558,-0.224913031,0.99841243,0.5536865,0.178952008,-0.277825892,0.994857371,0.435425043,0.191024169,-0.31547755,0.996151328,0.55309087,0.053153463,-0.331776679,0.984935939,0.43671459,0.056145363,-0.355182588,0.991683125,0.55177927,0.027239742,-0.365053385,0.949400306,0.433674097,0.030687727,-0.386341333,0.971296251,0.547105193,0.022075869,-0.366559386,0.946709812,0.44060564,0.026368121,-0.382866293,0.968791664,0.546342373,0.03180008,-0.33912757,0.952428937,0.443460375,0.036245458,-0.358998626,0.970282018,0.523972869,0.579739928,0.006915149,0.999428272,0.467808157,0.580142915,-0.007022338,0.999615371,0.544299483,0.752940893,0.051198024,0.988640904,0.451677561,0.759577036,0.014521641,0.993668556,0.568156302,0.908605218,0.192622125,0.986881673,0.425139993,0.911759257,0.169965193,0.991830945,0.562273264,0.931822479,0.200066611,0.911954045,0.427600443,0.932115078,0.177162603,0.905356884,0.580031276,0.973232448,0.08301615,0.97131753,0.415019453,0.979290366,0.054003637,0.977467537
1,0.487037569,0.577814579,-0.458200127,0.999946117,0.493046463,0.561646581,-0.445051968,0.999953151,0.49627462,0.560465693,-0.444968939,0.999932885,0.49932003,0.558842182,-0.445141464,0.999949336,0.483996004,0.560437679,-0.441505373,0.999943197,0.480929077,0.558689296,-0.441625595,0.999910295,0.477624506,0.556802511,-0.441619307,0.999933004,0.503680587,0.553506494,-0.337821364,0.999871492,0.472637028,0.552057743,-0.320379525,0.999907911,0.492619812,0.587569535,-0.414194196,0.999716222,0.481352866,0.585927367,-0.409422398,0.999737203,0.528522789,0.575761855,-0.257729292,0.996243417,0.442121416,0.577275276,-0.250798583,0.998929501,0.559334576,0.507024825,-0.332201183,0.989414871,0.423474789,0.489644378,-0.303455174,0.991851509,0.566137612,0.400625736,-0.416498005,0.968736231,0.418022633,0.37762332,-0.363297284,0.984393835,0.567391753,0.373414159,-0.447807401,0.930611372,0.415727943,0.3471964,-0.3938016,0.95197469,0.560638428,0.366548806,-0.449281305,0.923430622,0.424179554,0.346906185,-0.38311106,0.942037821,0.559068263,0.376458615,-0.421952248,0.903504848,0.426114708,0.3581568,-0.363572359,0.927369893,0.515411854,0.7483145,0.003287742,0.999568224,0.460525036,0.747838855,-0.003278121,0.999796867,0.582846761,0.791179419,-0.365613371,0.996021628,0.404242575,0.802367926,-0.36220485,0.997475505,0.563691437,0.910021186,-0.124898627,0.985382676,0.424762875,0.912557542,-0.116305292,0.991494894,0.551891446,0.928077877,-0.103764236,0.949730814,0.434379727,0.925233722,-0.095075317,0.950867474,0.582814991,0.977461755,-0.196241945,0.952265561,0.409098923,0.98034972,-0.190483615,0.966831803
0,0.491027504,0.251715183,-0.356517106,0.999777079,0.494785011,0.235145509,-0.337415427,0.999667704,0.49782905,0.234820619,-0.337346494,0.999589503,0.501101136,0.234641775,-0.337392956,0.999601424,0.485586226,0.236141667,-0.341556251,0.999656796,0.48249802,0.236390069,-0.341613293,0.999571264,0.479292244,0.236933708,-0.341626376,0.999561787,0.506356359,0.244195342,-0.234694988,0.999290347,0.473225266,0.246061429,-0.253485262,0.999438822,0.496972501,0.269696534,-0.31744951,0.999085546,0.484773815,0.268744588,-0.322906643,0.999047995,0.533800185,0.305887759,-0.201909944,0.99823004,0.4528974,0.318968654,-0.245841354,0.998453259,0.55150795,0.177048355,-0.265141755,0.994790852,0.432163328,0.19182831,-0.340552151,0.99634546,0.546540856,0.05119133,-0.323450267,0.985854566,0.432854354,0.057168044,-0.372498572,0.992222309,0.545051992,0.0287438,-0.353025138,0.952491999,0.429237187,0.031955145,-0.40341717,0.973065138,0.53983438,0.024550702,-0.355950892,0.949585497,0.435573101,0.027134348,-0.399377823,0.97034651,0.53874141,0.03287071,-0.330717176,0.954817474,0.438948482,0.036488153,-0.376250595,0.971390843,0.52665621,0.578581095,0.009722182,0.999444723,0.471750915,0.585315824,-0.009864867,0.999634504,0.545373321,0.749162197,0.063350074,0.988054633,0.45554471,0.762632847,0.028876176,0.993272722,0.56550318,0.910815954,0.223474473,0.985285401,0.426215827,0.908167601,0.191128165,0.992007434,0.560484648,0.936223924,0.233057693,0.923510432,0.430370003,0.926919222,0.200343087,0.921263695,0.579882145,0.970736861,0.127920151,0.96882087,0.410715729,0.976525366,0.087344356,0.978078485
1,0.402095139,0.562613785,-0.212809771,0.998443425,0.403226465,0.547009587,-0.218487859,0.999143541,0.404876888,0.544560194,-0.21848321,0.999183178,0.406590998,0.541903079,-0.218599841,0.999409854,0.400966972,0.549360693,-0.197363749,0.998355806,0.400908768,0.548735023,-0.197374433,0.997676432,0.40096885,0.547886491,-0.197348163,0.997649133,0.418280274,0.529460549,-0.215031236,0.99909699,0.411298037,0.53704524,-0.117206514,0.996945262,0.411588013,0.563409567,-0.209074572,0.998867393,0.408426911,0.566886365,-0.180226296,0.996639669,0.4612225,0.548872888,-0.230691403,0.999399483,0.431979567,0.558889747,-0.076309368,0.991424501,0.422839701,0.46807152,-0.343848407,0.988541961,0.397309512,0.468329281,-0.050054781,0.618278623,0.389897794,0.372754246,-0.363942713,0.956426501,0.368399203,0.376092017,-0.106510304,0.801196754,0.38156724,0.340005398,-0.392342627,0.934468925,0.361399949,0.345843643,-0.12235342,0.813517034,0.383078039,0.334632635,-0.38581869,0.926067054,0.366522968,0.34216547,-0.13082318,0.810602844,0.385274172,0.345448256,-0.363136172,0.900334358,0.369339734,0.356048256,-0.113963202,0.799095809,0.514730096,0.724272311,-0.055416387,0.999732077,0.478673607,0.716094315,0.05562206,0.998431325,0.474830091,0.779713631,-0.361890763,0.995131493,0.402900696,0.708898246,-0.071042374,0.893074572,0.50081706,0.92872113,-0.301422566,0.989194751,0.440897077,0.834928155,0.012387193,0.859485865,0.508282602,0.946983874,-0.297387719,0.966595709,0.453727007,0.855145335,0.017528269,0.841248512,0.468439341,0.973804414,-0.383347452,0.985511065,0.406713396,0.879415631,-0.026126688,0.888467014
0,0.429173619,0.262723088,-0.125032648,0.995778143,0.435082674,0.245515928,-0.137642786,0.995850623,0.437212884,0.245052949,-0.13769564,0.995919466,0.439599514,0.244736508,-0.137766242,0.995847106,0.432324171,0.244245872,-0.105259381,0.994835556,0.432503283,0.242882118,-0.105268493,0.992636383,0.432595432,0.241836593,-0.10532774,0.992068946,0.453148067,0.248763487,-0.1638228,0.994566202,0.440829456,0.248462826,-0.014148843,0.988774657,0.436424553,0.276986957,-0.131565377,0.992127419,0.432745397,0.276235431,-0.088689126,0.987004876,0.484933197,0.315589547,-0.222531393,0.998018265,0.444513381,0.317365021,0.065466247,0.990942359,0.470480591,0.184504211,-0.337813884,0.995289087,0.437898159,0.193612754,0.152392015,0.477668524,0.463482231,0.057289504,-0.363597214,0.976059377,0.429991007,0.071628816,0.100440003,0.751300216,0.462928385,0.037313852,-0.397119045,0.958470523,0.426873267,0.051605862,0.086907141,0.728713632,0.462956011,0.035718951,-0.387270987,0.954001188,0.430703223,0.050649352,0.069465801,0.722068787,0.462038457,0.042640768,-0.361115813,0.940037251,0.432927907,0.057308048,0.086798683,0.729648769,0.475614548,0.56766665,-0.097207151,0.999698043,0.440081984,0.563504159,0.097083256,0.998965681,0.48702231,0.746077657,-0.062034272,0.992489815,0.447976679,0.726599455,0.226074934,0.891805291,0.503873169,0.917841613,-0.000711943,0.994527698,0.447973102,0.852129042,0.399807662,0.92165029,0.50903374,0.942304254,-0.000962247,0.980665565,0.456087291,0.879909575,0.412044585,0.890056074,0.473026991,0.973897994,-0.125993237,0.991051733,0.415805727,0.901202321,0.348782867,0.941201866
1,0.399787992,0.57460165,-0.179240465,0.998604,0.401121289,0.559298635,-0.185468435,0.999282539,0.402717203,0.556920111,-0.185471997,0.999332011,0.404372305,0.554311633,-0.185587987,0.999504328,0.39881438,0.561500728,-0.163811684,0.998650551,0.398690969,0.560760438,-0.163804442,0.998109818,0.398670942,0.559648633,-0.1637716,0.997964621,0.415578783,0.540461779,-0.190769702,0.999155045,0.4078978,0.547269464,-0.090183541,0.997240603,0.408724934,0.57551682,-0.178279772,0.998873591,0.405496269,0.578844965,-0.149088621,0.996670604,0.459951818,0.557956398,-0.212373823,0.999316931,0.428036302,0.569047511,-0.05291611,0.987751126,0.418975741,0.482828259,-0.318215668,0.985835493,0.399020493,0.480157822,-0.018003538,0.425738275,0.381520092,0.388604343,-0.329908103,0.951441467,0.369036257,0.392009526,-0.069905177,0.681293547,0.374054492,0.35998854,-0.355506688,0.931740642,0.361234099,0.356368542,-0.08425457,0.730632901,0.375130713,0.354966998,-0.350486577,0.923575819,0.367120355,0.357048243,-0.091942012,0.730694473,0.377661556,0.36766243,-0.329103202,0.896808505,0.369147211,0.373714745,-0.076989159,0.719280243,0.51248163,0.735613763,-0.053434841,0.999813139,0.475303978,0.729788959,0.053621553,0.998842537,0.47214064,0.782863379,-0.361999273,0.995326638,0.399580866,0.711482644,-0.044228289,0.860376239,0.500166357,0.92628032,-0.28197974,0.987739742,0.441268116,0.842672229,0.025908697,0.847122252,0.509209573,0.945259333,-0.274925739,0.967047095,0.456016064,0.862500072,0.029741859,0.814479589,0.470560551,0.980411291,-0.346454769,0.983625352,0.409761757,0.887411058,-0.006108217,0.871020854
1,0.469837129,0.59129715,-0.586155295,0.999910474,0.47455734,0.573933721,-0.573956251,0.99973917,0.477611244,0.571250677,-0.573918939,0.99959594,0.48048377,0.568320632,-0.5740183,0.99918437,0.465545952,0.576182902,-0.576539338,0.999926865,0.462019593,0.574941039,-0.576672196,0.999949217,0.45857802,0.573219538,-0.576741159,0.999950826,0.48348099,0.556306362,-0.455330044,0.998905182,0.450881183,0.562218249,-0.46624881,0.999988437,0.473247588,0.599222243,-0.53630501,0.999737322,0.463597208,0.600515902,-0.539637685,0.999969542,0.500339091,0.562145114,-0.331605881,0.995990217,0.420341641,0.627969027,-0.373807758,0.999698997,0.525077701,0.473797977,-0.398769557,0.964145124,0.417360693,0.763925254,-0.482163101,0.993819833,0.527017534,0.372680336,-0.504274487,0.913449585,0.476434618,0.732003629,-0.617728174,0.975096643,0.524618506,0.34706524,-0.539077878,0.854454398,0.490917534,0.721843362,-0.659898579,0.930191278,0.518220067,0.346065253,-0.536935508,0.822363317,0.489451557,0.703544497,-0.644851565,0.90899843,0.518196166,0.354031414,-0.50781703,0.747926593,0.485542595,0.702809632,-0.612896979,0.827713668,0.493362337,0.724262774,0.00135341,0.999746084,0.443617582,0.732855916,-0.001424787,0.999814928,0.552548766,0.7613343,-0.345985502,0.98837316,0.391241997,0.778624833,-0.329258889,0.986636817,0.538386881,0.883471489,-0.100275144,0.968192577,0.407231182,0.893429875,-0.097527094,0.989851892,0.528139114,0.902527213,-0.08184015,0.896736205,0.415569633,0.909075081,-0.079237036,0.956242204,0.550653577,0.94680953,-0.202020973,0.945062697,0.394962966,0.954745233,-0.193377823,0.972147524
0,0.463812679,0.271759868,-0.341949701,0.998851657,0.467708647,0.254536688,-0.323299676,0.997082233,0.470569789,0.253753901,-0.323213756,0.99624759,0.473791838,0.253131747,-0.323203981,0.995488584,0.458556831,0.254849672,-0.327973932,0.99889493,0.454823643,0.25416404,-0.327998936,0.999053597,0.451314628,0.253505141,-0.327988029,0.999225914,0.478956133,0.258338898,-0.200409681,0.99074173,0.446175516,0.256856591,-0.224339694,0.999089301,0.469963014,0.286000967,-0.29386732,0.99392736,0.457891226,0.284962803,-0.300783724,0.998416245,0.501108885,0.310126841,-0.145787209,0.996660888,0.42034927,0.348827332,-0.175627977,0.999625027,0.507999122,0.178616226,-0.207946986,0.992275715,0.402824104,0.467936844,-0.314619958,0.99218142,0.497983366,0.054819345,-0.265457451,0.985777795,0.457806915,0.471129954,-0.490154594,0.986394286,0.495200098,0.027021645,-0.306741148,0.952180326,0.476016372,0.472046912,-0.534439504,0.965109646,0.491170079,0.026764337,-0.300790846,0.947012067,0.477916151,0.456519365,-0.525763512,0.964137852,0.491393149,0.036464721,-0.270333678,0.954408705,0.474038452,0.454871714,-0.489738405,0.950050712,0.495968878,0.577496767,0.006716794,0.999568343,0.44285664,0.576631844,-0.006850363,0.999752343,0.517560601,0.741807699,0.050848652,0.992391706,0.430396408,0.74600023,0.015810328,0.992095828,0.539554179,0.886107862,0.234137014,0.984214485,0.403186381,0.8948735,0.198247194,0.990330458,0.533986032,0.913949847,0.246693969,0.922340214,0.404213905,0.914830804,0.211854666,0.918276906,0.549509645,0.949758828,0.135356277,0.975529253,0.395643026,0.953220189,0.090509303,0.982587159
1,0.471131027,0.580012739,-0.573493838,0.99996388,0.475109875,0.562564671,-0.560927749,0.999898851,0.47794351,0.559838235,-0.560878694,0.999857605,0.480787575,0.556798398,-0.560980022,0.999667704,0.46647948,0.564264059,-0.562410533,0.999969423,0.462916553,0.562524021,-0.562551498,0.999979436,0.459094703,0.560168862,-0.562612057,0.999978602,0.484193623,0.546233535,-0.443196237,0.999685585,0.451578617,0.549773097,-0.448664725,0.999996126,0.474504858,0.587264299,-0.524363399,0.999901414,0.465071529,0.589453816,-0.526164055,0.999987245,0.502800703,0.558418989,-0.318652213,0.998042881,0.420774788,0.620056391,-0.357092977,0.99983418,0.527772546,0.477263093,-0.371042639,0.976012409,0.416935593,0.759847105,-0.46179086,0.995113373,0.522837281,0.3802405,-0.454236686,0.934890091,0.473104954,0.728487849,-0.601430535,0.977164626,0.519646287,0.355408281,-0.484698117,0.87992692,0.488142818,0.718779087,-0.641696513,0.941402793,0.514339209,0.355730355,-0.478768826,0.846554875,0.487166554,0.700984776,-0.626379371,0.922132432,0.513817668,0.364853501,-0.455248505,0.772776783,0.483390003,0.700443506,-0.59632504,0.852470279,0.492861331,0.723246276,0.000241205,0.9997558,0.442615181,0.729389727,-0.000284271,0.999847054,0.552840054,0.764778376,-0.335353523,0.99085474,0.386053771,0.774758577,-0.308114827,0.991707265,0.539026856,0.883669794,-0.083127275,0.973999679,0.4067294,0.894688249,-0.078908041,0.993485153,0.528494775,0.90310812,-0.063869841,0.924417615,0.415907085,0.911332011,-0.060589842,0.970025659,0.552550793,0.947294533,-0.17687571,0.953898132,0.393955827,0.954503953,-0.16977194,0.979582071
0,0.467552483,0.270061672,-0.29071179,0.999180079,0.471234322,0.251971215,-0.270470917,0.997933805,0.474380821,0.251271665,-0.270401508,0.997330427,0.47731337,0.251012474,-0.270390213,0.996819496,0.461596578,0.253129542,-0.273780197,0.999151766,0.458080113,0.253459573,-0.27379626,0.999252617,0.454679549,0.253593266,-0.273769081,0.999360383,0.482561916,0.258696884,-0.147989422,0.993572831,0.449695438,0.259098232,-0.16577439,0.999147773,0.47434634,0.285286099,-0.24378708,0.994932771,0.4617351,0.285006344,-0.248995259,0.998450994,0.505374849,0.315859765,-0.097376302,0.997345388,0.426894128,0.34978354,-0.119743012,0.999561429,0.514646411,0.188803941,-0.145155206,0.993207514,0.406110227,0.465654254,-0.245437577,0.990323126,0.503486276,0.07143493,-0.185587853,0.989148676,0.464926779,0.467883885,-0.407913625,0.982660949,0.498087168,0.048698489,-0.222403601,0.959333062,0.482815921,0.468845457,-0.449025333,0.956019938,0.493885189,0.049300943,-0.217077851,0.955129862,0.485125244,0.454582691,-0.439407408,0.95463109,0.495049238,0.057120766,-0.189835578,0.962344885,0.481095165,0.453198075,-0.40671283,0.938853383,0.499246538,0.580132663,0.003996524,0.999684513,0.448669761,0.576080918,-0.004086213,0.99980706,0.518900394,0.743968904,0.044418372,0.990718961,0.432635069,0.750101149,0.029942971,0.991339922,0.538864195,0.888323903,0.222769648,0.982968271,0.405648232,0.895580828,0.208119467,0.990282595,0.533976018,0.914984882,0.235329509,0.927364945,0.405947506,0.916106224,0.221295208,0.916026413,0.549438894,0.95050168,0.126968667,0.975070119,0.396402299,0.95568341,0.10505341,0.98133707
1,0.468513906,0.601168513,-0.559242308,0.999877512,0.473286629,0.584483027,-0.548049808,0.99970752,0.476497084,0.581624091,-0.548032284,0.999567628,0.479564011,0.57822293,-0.548149705,0.999136209,0.46370849,0.586636245,-0.548912644,0.999901414,0.460104048,0.585423172,-0.549038708,0.999925792,0.456964254,0.583736241,-0.549091041,0.999925256,0.483989805,0.564104915,-0.434810311,0.998930156,0.451196581,0.573177993,-0.437339395,0.99998188,0.473076105,0.609353065,-0.511400878,0.999664903,0.462689012,0.61115092,-0.512296319,0.999948263,0.50267446,0.57151711,-0.3149997,0.996179819,0.42430824,0.640260994,-0.347818553,0.999647558,0.530710518,0.480526894,-0.389163792,0.966689944,0.422315121,0.774798512,-0.441643298,0.992104053,0.532327414,0.381206244,-0.497706831,0.918891311,0.478400052,0.745319426,-0.568221211,0.968974233,0.532105744,0.355420023,-0.534881711,0.853899479,0.491799593,0.733148515,-0.608644843,0.91705215,0.525366902,0.354693621,-0.532606959,0.823572755,0.489532888,0.715362191,-0.597752929,0.893985212,0.524885774,0.365763098,-0.501618147,0.754546046,0.485816807,0.714009345,-0.565255702,0.811560452,0.493603408,0.73050797,0.00094739,0.999792576,0.44593063,0.738191664,-0.000961797,0.999845147,0.552485108,0.755901933,-0.344750613,0.98513633,0.392318964,0.77710557,-0.315316081,0.987262011,0.538450837,0.887028813,-0.115160868,0.962736666,0.407879025,0.895719588,-0.109690532,0.991282582,0.528040528,0.908046961,-0.098083869,0.926115632,0.416624159,0.913220823,-0.093615606,0.965208411,0.553593934,0.948512852,-0.211978152,0.941589713,0.391984075,0.952531934,-0.206293613,0.975489736
1,0.403737694,0.547237515,-0.206442684,0.999962032,0.405059487,0.525729179,-0.205707505,0.999940336,0.407774627,0.521631777,-0.205643818,0.999931574,0.410732687,0.517307341,-0.205692738,0.999937475,0.400068372,0.531985402,-0.18718788,0.999962807,0.399189591,0.53225857,-0.187236845,0.999961793,0.398402274,0.532284319,-0.187224835,0.999964356,0.421703488,0.509373546,-0.168507278,0.999903917,0.406057596,0.524474144,-0.086037412,0.999961793,0.415248007,0.551147401,-0.190809458,0.999940693,0.408604294,0.557405651,-0.166978434,0.999960244,0.466741472,0.542641222,-0.170467407,0.999940515,0.411613703,0.595241249,-0.016426319,0.999938071,0.438937277,0.444233358,-0.263206899,0.993080616,0.409545749,0.684209168,-0.049109921,0.910080612,0.410961151,0.34904176,-0.323493391,0.99114579,0.45402804,0.696854889,-0.186543241,0.909771562,0.404563665,0.325198442,-0.360523015,0.983172297,0.464556605,0.69946152,-0.203986242,0.853539824,0.403211266,0.323519021,-0.358930498,0.981256545,0.465205669,0.686148524,-0.20757477,0.853552163,0.405415595,0.331839889,-0.327246904,0.975742221,0.461916059,0.684021831,-0.190699428,0.824317336,0.526180446,0.711898863,-0.056372017,0.999985635,0.483930916,0.719110966,0.056335997,0.999922752,0.478857338,0.760192454,-0.406656981,0.996748209,0.410200894,0.710813463,-0.018155422,0.878198862,0.506098866,0.913328886,-0.324882448,0.986652195,0.444781452,0.836664557,0.100939594,0.866418242,0.517725885,0.941456914,-0.318513483,0.962424457,0.455152422,0.859262824,0.110202745,0.875847757,0.472894579,0.960926414,-0.415684551,0.986279249,0.402148873,0.871733606,0.058178581,0.920627356
0,0.431983471,0.254568547,-0.149891406,0.998771191,0.437604249,0.236090049,-0.143738568,0.997279823,0.440821022,0.235141188,-0.143714964,0.99715054,0.444161266,0.23431626,-0.143728971,0.996802509,0.432866901,0.236984149,-0.126930028,0.998386979,0.432129204,0.236866817,-0.126955077,0.998455822,0.431312859,0.236955941,-0.126945987,0.998480737,0.458036482,0.239113718,-0.088186413,0.994886816,0.436567485,0.244169503,-0.013460291,0.996999562,0.438234985,0.269460231,-0.128187403,0.994289219,0.432540119,0.269032657,-0.107063815,0.996107697,0.488997281,0.302302778,-0.108054414,0.998728633,0.434291124,0.331075341,0.068438895,0.998270214,0.479811043,0.164062366,-0.166674718,0.994856536,0.407903373,0.424638957,-0.030178741,0.718904555,0.475902796,0.039029442,-0.138236076,0.988284349,0.421414614,0.434860528,-0.27498737,0.837302387,0.477621615,0.011156097,-0.167126864,0.971710801,0.43362236,0.451176882,-0.306313813,0.792998314,0.476704419,0.011346695,-0.154745892,0.968659878,0.435309112,0.436750382,-0.314216375,0.795474768,0.475823939,0.022219555,-0.136245921,0.969932973,0.433131367,0.432932407,-0.284573376,0.776809156,0.479054451,0.559410453,-0.071966477,0.999784887,0.444643021,0.5529598,0.071848527,0.999506712,0.485481262,0.73060894,-0.100101426,0.993883789,0.4565081,0.714088678,0.164987117,0.895103872,0.506872773,0.90166688,-0.045328829,0.991339087,0.451433957,0.836544871,0.34733367,0.935830116,0.514658809,0.927185297,-0.046201576,0.947316527,0.4598701,0.861333191,0.361772597,0.88593483,0.475901753,0.95823735,-0.172373816,0.988415122,0.417823404,0.882795811,0.284897149,0.955642819
1,0.406177372,0.535571098,-0.165613711,0.999977767,0.407685101,0.515462339,-0.165145531,0.99996227,0.41037178,0.511826456,-0.165130809,0.999954045,0.413184166,0.508328855,-0.165164605,0.999955177,0.402742773,0.521849215,-0.148450941,0.999978781,0.401873916,0.522598147,-0.148514643,0.999980032,0.401150376,0.523131311,-0.148456782,0.999983609,0.423196882,0.502738297,-0.123273179,0.999925077,0.408751726,0.517184615,-0.061348654,0.999982595,0.416999727,0.538728595,-0.149291024,0.999959707,0.410240352,0.546434462,-0.13526158,0.99997735,0.467860222,0.536961436,-0.128156647,0.999902248,0.413201571,0.594180584,-0.011342568,0.999958873,0.441401005,0.452985168,-0.226526335,0.992585421,0.408363819,0.683524072,-0.058271438,0.951393723,0.408005387,0.367299914,-0.278434515,0.987766802,0.453556776,0.693894982,-0.220049977,0.943035543,0.399932325,0.341960967,-0.310133368,0.975698411,0.464534461,0.696048915,-0.241767526,0.899479985,0.398920953,0.341180354,-0.302914113,0.971851349,0.4654755,0.681282401,-0.240946323,0.898579478,0.401528418,0.351859659,-0.279779792,0.965302467,0.461866915,0.679216027,-0.222710937,0.875675321,0.523371339,0.710396171,-0.051518124,0.999983966,0.483104408,0.721697807,0.051400553,0.999942601,0.477261871,0.754886985,-0.386510462,0.997910619,0.408835977,0.708833158,-0.090356097,0.903065443,0.505700052,0.905357182,-0.296839893,0.989541054,0.444372714,0.839348257,0.003431227,0.904330254,0.517680585,0.931662321,-0.289915025,0.965659916,0.455754101,0.86142534,0.010360135,0.900196016,0.475348473,0.959376276,-0.382703185,0.989715219,0.400862843,0.876715183,-0.053716749,0.947845161
0,0.444006592,0.251481384,-0.120608069,0.999257863,0.450704634,0.235779613,-0.115803041,0.9981758,0.453830332,0.235171631,-0.115748346,0.997961998,0.457254469,0.234812722,-0.115730405,0.997677207,0.446042538,0.236711904,-0.098346367,0.998847127,0.445508659,0.236561984,-0.098375671,0.998879373,0.444938987,0.236502647,-0.09834566,0.999026656,0.470662683,0.242857397,-0.070120193,0.995310605,0.45151639,0.243695617,0.008823344,0.9978652,0.451091766,0.267608821,-0.102583662,0.996558249,0.445195764,0.267023355,-0.080253489,0.997796178,0.497065127,0.31049335,-0.091393031,0.999079525,0.44201678,0.335111052,0.080449499,0.999015749,0.487860382,0.180502623,-0.143212631,0.993290961,0.409216881,0.420378834,-0.000666671,0.817798555,0.48307699,0.063690692,-0.109942533,0.983911395,0.427541584,0.443616986,-0.19590123,0.899589717,0.482040793,0.036933038,-0.136557519,0.961669803,0.440176785,0.457784355,-0.225314945,0.846103787,0.481126249,0.039298538,-0.125237137,0.957954943,0.443409532,0.442581058,-0.228333116,0.842840433,0.481007993,0.049119256,-0.108118199,0.959360659,0.440923512,0.438444048,-0.202150062,0.815926552,0.475442499,0.559104383,-0.070376858,0.99981159,0.443314016,0.551074326,0.070243746,0.999564767,0.485582173,0.733758688,-0.113907494,0.993662953,0.456864029,0.720578611,0.180481702,0.896469474,0.505425632,0.907057345,-0.079363629,0.993880749,0.4502379,0.832826376,0.384171069,0.948384464,0.515115857,0.933618307,-0.082147874,0.938866258,0.455100954,0.849321008,0.400935024,0.894446135,0.475280851,0.962325394,-0.218011498,0.991282701,0.415788651,0.881272614,0.329064369,0.970487356
1,0.407538831,0.554591775,-0.251798391,0.999972224,0.410451353,0.534922242,-0.249939889,0.999949515,0.413367748,0.532066166,-0.249858171,0.999935329,0.416707903,0.529094458,-0.249916822,0.999937057,0.405866802,0.538022637,-0.233914942,0.999974847,0.40518409,0.537541747,-0.233986378,0.999975085,0.404601961,0.536976516,-0.233979434,0.999978364,0.429070622,0.523075938,-0.204410434,0.999913335,0.413015693,0.531541586,-0.133695483,0.999979138,0.41696462,0.562499344,-0.232825682,0.999953628,0.411496699,0.564501941,-0.212419152,0.999975145,0.471368223,0.556610882,-0.188764185,0.999923944,0.411667883,0.601840615,-0.062752351,0.999963284,0.449685663,0.449026644,-0.256874025,0.992111981,0.402980238,0.690678954,-0.11678604,0.950590491,0.423046678,0.360296577,-0.296686828,0.985264719,0.448419243,0.708502591,-0.260147721,0.934451342,0.417021453,0.33234188,-0.327981532,0.971218467,0.460042804,0.710970998,-0.278278142,0.879955113,0.413863093,0.333305269,-0.325379074,0.968698263,0.461262316,0.696679711,-0.278893173,0.878621221,0.41592294,0.34643656,-0.299743116,0.961463749,0.457941592,0.694552958,-0.262641281,0.852134407,0.524137616,0.716133296,-0.051229078,0.999985874,0.482933432,0.724462211,0.051129442,0.999933898,0.482380718,0.752534986,-0.411483526,0.99802953,0.414070666,0.709051251,-0.049548339,0.895212471,0.504473329,0.905112386,-0.314786553,0.992250919,0.4425942,0.834901512,0.071370073,0.899090469,0.515180826,0.930770874,-0.307427973,0.971840322,0.453604519,0.857544363,0.08184205,0.898860574,0.475828409,0.957346678,-0.40789181,0.99051249,0.402132213,0.869067609,0.015667714,0.932072103
1,0.452539444,0.477112651,-0.675333261,0.999988496,0.459460169,0.455774933,-0.667200446,0.999942183,0.463183463,0.453935027,-0.667188287,0.999943137,0.466635406,0.451780647,-0.66732657,0.999922395,0.44688502,0.45533374,-0.668394208,0.999951482,0.44215399,0.453127503,-0.668523312,0.999954402,0.437913835,0.450460315,-0.668596148,0.99993974,0.473865211,0.439672559,-0.545476258,0.999891937,0.43073082,0.438611507,-0.550214648,0.999951482,0.459174484,0.486076683,-0.622184098,0.999985456,0.444592535,0.487108439,-0.623782396,0.999990225,0.507699132,0.492006987,-0.402289301,0.999933958,0.391969174,0.495821893,-0.406045139,0.99995327,0.49105987,0.632893503,-0.393841803,0.969110906,0.411734581,0.635612786,-0.410738468,0.984915793,0.472930014,0.754636705,-0.488268316,0.818007469,0.423485219,0.754248977,-0.497035682,0.85399431,0.469323337,0.794389844,-0.53185308,0.74008888,0.423884064,0.790181041,-0.540636122,0.750854671,0.461574078,0.792693913,-0.552219927,0.720864713,0.43143183,0.789884448,-0.561989188,0.73250562,0.462290943,0.778313875,-0.498715341,0.610459983,0.432739109,0.777598143,-0.507756054,0.632967353,0.484340727,0.619405031,0.001658926,0.999830544,0.4246355,0.622827649,-0.001544151,0.999825001,0.558857918,0.71368432,-0.321670145,0.990240097,0.3573789,0.725050688,-0.316096246,0.993064582,0.54626888,0.875299692,-0.068172462,0.9845016,0.370249569,0.880746186,-0.07631366,0.991975904,0.537459433,0.894068122,-0.050781257,0.921023548,0.381379038,0.903617442,-0.059808869,0.9418751,0.562122464,0.94467169,-0.18907623,0.961711884,0.347969443,0.951551676,-0.19460018,0.970173001
0,0.453075796,0.167953581,-0.633148193,0.999994278,0.459321976,0.146368444,-0.620188713,0.999983549,0.462752581,0.145077214,-0.620170534,0.999981642,0.466430813,0.143562123,-0.620254397,0.999982178,0.447472513,0.147816852,-0.61883831,0.999985278,0.443192422,0.147250518,-0.618955433,0.999983907,0.440008461,0.146204486,-0.619017422,0.999985933,0.473450333,0.145208627,-0.490071386,0.999962628,0.436566651,0.147006154,-0.482612044,0.999970138,0.461094767,0.183660567,-0.579680204,0.999989271,0.44645986,0.18618314,-0.577852786,0.99999094,0.512308717,0.256429583,-0.37944144,0.999976635,0.40287742,0.247198597,-0.354307294,0.999976754,0.506599307,0.410904735,-0.375261843,0.990159333,0.405167341,0.399297595,-0.335674226,0.979950547,0.484314054,0.534368515,-0.48539567,0.959531784,0.428089917,0.528839588,-0.44363451,0.942175508,0.481659025,0.57502985,-0.536120117,0.921915114,0.433087528,0.571519136,-0.488448381,0.892066956,0.471482813,0.571959198,-0.56410706,0.922182858,0.440934956,0.571264625,-0.520884871,0.892026424,0.470627785,0.558175802,-0.498729289,0.892799258,0.441373497,0.555846214,-0.458410263,0.867759407,0.488749325,0.509961545,-0.011917862,0.999925733,0.426090628,0.509724736,0.011745485,0.999931037,0.51827246,0.701591611,0.034654826,0.998403192,0.399517715,0.703105092,0.082220808,0.997552574,0.545872808,0.867519796,0.283106685,0.998265624,0.373602211,0.879499793,0.320066184,0.998296618,0.54185462,0.891513884,0.298548043,0.949026942,0.380629092,0.904794931,0.335613966,0.959932208,0.557834268,0.942302346,0.148777232,0.995343745,0.352390349,0.950469792,0.192796856,0.995223284
1,0.455891609,0.487905115,-0.723838449,0.999996543,0.462829024,0.468276262,-0.713523507,0.999983728,0.466709375,0.466090143,-0.713503778,0.999982357,0.470453262,0.463371068,-0.713634789,0.999978065,0.449831575,0.4672876,-0.715441287,0.999985993,0.44530648,0.464231104,-0.715576828,0.999986291,0.441235125,0.460488796,-0.715655565,0.999983847,0.477644533,0.448314667,-0.578829885,0.999966502,0.43474704,0.445188344,-0.58766228,0.999985993,0.463179529,0.497821301,-0.665994167,0.999995589,0.448510647,0.496094674,-0.668821931,0.99999696,0.513398468,0.501529813,-0.422276735,0.999970436,0.396484166,0.507576764,-0.441555738,0.999975622,0.50226438,0.639425218,-0.401863486,0.980941892,0.413867801,0.646751344,-0.449748516,0.99006319,0.481915474,0.761121511,-0.496680915,0.865307391,0.432548374,0.756398499,-0.538828552,0.871969163,0.478611946,0.799502552,-0.540634036,0.790219903,0.434400976,0.7973544,-0.586144388,0.76678437,0.46893841,0.795796216,-0.562657118,0.774859846,0.442475319,0.794657648,-0.605590701,0.745468974,0.468839109,0.78428787,-0.507647693,0.682148933,0.443442822,0.781619072,-0.548675716,0.64231801,0.486382097,0.636144102,0.002772844,0.99987191,0.425703913,0.634316564,-0.002743605,0.999854743,0.562317669,0.713858783,-0.324874848,0.991835177,0.352278411,0.729051948,-0.320591629,0.993860781,0.545727015,0.874112368,-0.034190122,0.984262109,0.370477438,0.880729437,-0.034217354,0.990287483,0.535871804,0.892285645,-0.012880402,0.916456997,0.380925119,0.903510451,-0.012857447,0.930330932,0.562961757,0.945207119,-0.15430899,0.962170124,0.349396497,0.952710152,-0.149911761,0.965791047
0,0.457075655,0.162514552,-0.606800735,0.999994636,0.463625133,0.141158357,-0.591787994,0.999984503,0.467260301,0.140038833,-0.591782629,0.999982417,0.470878452,0.13923955,-0.591854692,0.999982893,0.451132536,0.143531114,-0.591284573,0.999986053,0.446880013,0.143549651,-0.591389,0.999984443,0.443736702,0.143675432,-0.591442287,0.999986291,0.477257967,0.14233619,-0.461184889,0.99996388,0.439993232,0.14590843,-0.45792383,0.999972999,0.464718997,0.178713143,-0.554362655,0.999989629,0.449996471,0.181530684,-0.55366075,0.999991536,0.515758753,0.25787434,-0.354683667,0.999976695,0.406068027,0.248322502,-0.343450665,0.999976933,0.51039356,0.408281058,-0.358568132,0.988693774,0.407844782,0.400625199,-0.333121777,0.984837055,0.489941031,0.53157568,-0.479773372,0.958494723,0.430431694,0.5292871,-0.442527056,0.955918968,0.488058001,0.573184431,-0.532928407,0.922236919,0.434122413,0.571390212,-0.489944369,0.915457487,0.477589548,0.568930507,-0.561738253,0.922114134,0.443015993,0.569744885,-0.521626413,0.914505482,0.476165056,0.555236995,-0.494225442,0.893395662,0.444491237,0.554475725,-0.457338959,0.891545653,0.488555491,0.514433265,-0.007900726,0.999935985,0.425891876,0.512983382,0.007734214,0.999942362,0.520293832,0.705790102,0.03859698,0.998308778,0.400370121,0.707167745,0.070790373,0.997694135,0.546602368,0.868220866,0.293421596,0.997801602,0.372658908,0.879723668,0.304916769,0.998229742,0.541625798,0.894830406,0.30967322,0.953171968,0.380054951,0.904790819,0.319938719,0.960525453,0.559861898,0.942172945,0.16363135,0.994406998,0.350264072,0.950108528,0.177737206,0.994995117
1,0.456894726,0.511637032,-0.715018272,0.999998033,0.464608967,0.495261133,-0.707195222,0.999991357,0.468685299,0.493498385,-0.707165599,0.999990702,0.472261995,0.491247654,-0.707282126,0.999988377,0.451369911,0.494685143,-0.70845902,0.999992371,0.44691354,0.492577493,-0.708599627,0.999992192,0.443097055,0.489854813,-0.708680093,0.99999088,0.479738414,0.475327134,-0.577194214,0.99998337,0.436572611,0.471861005,-0.583274245,0.999993443,0.46423918,0.521453917,-0.658106685,0.999997735,0.449387133,0.520198166,-0.660066009,0.999998212,0.514136255,0.509270191,-0.414196432,0.999985397,0.398383081,0.513890326,-0.433458239,0.999987602,0.506498039,0.64428544,-0.383279413,0.982116401,0.412411124,0.647546411,-0.432540983,0.993302941,0.486875445,0.759864748,-0.476836026,0.874778926,0.433462232,0.756188452,-0.519013405,0.90595454,0.483169734,0.79776305,-0.51897496,0.801882207,0.436394304,0.797926605,-0.564771593,0.809450269,0.473724842,0.794448316,-0.540858924,0.785930812,0.444257081,0.794251084,-0.584863782,0.787892044,0.473250389,0.782739282,-0.487532318,0.685637772,0.445377916,0.779642761,-0.52888906,0.683352232,0.486374915,0.640170455,0.002712747,0.999930024,0.427766263,0.636665106,-0.002641937,0.999919832,0.561306834,0.720800698,-0.299820721,0.993602037,0.352582872,0.727039874,-0.296834946,0.995672226,0.545695603,0.875165999,-0.009947347,0.9877249,0.370859861,0.878334224,-0.00825444,0.992200375,0.53607595,0.892869115,0.011353197,0.926511884,0.3814767,0.900867105,0.013222012,0.939933777,0.562527061,0.944394588,-0.127022177,0.970780373,0.348380923,0.950545669,-0.117799819,0.973330498
0,0.453548372,0.155608192,-0.543022931,0.999993742,0.460529625,0.136271209,-0.52644968,0.99998188,0.464172989,0.136301309,-0.526450932,0.999980807,0.467810303,0.136021525,-0.526510596,0.999981344,0.447894037,0.136632651,-0.525905907,0.999983132,0.443808466,0.136854082,-0.525989413,0.999981701,0.440582663,0.136864349,-0.526032746,0.999982655,0.474597692,0.142884001,-0.400678873,0.999955177,0.436993599,0.143709257,-0.397262871,0.999958396,0.461552531,0.174393982,-0.493590772,0.999987125,0.446291149,0.176263675,-0.492894322,0.999988616,0.511328757,0.262003303,-0.313727438,0.999971986,0.403805733,0.256948799,-0.287861049,0.999956787,0.507959425,0.406929851,-0.31985575,0.991602957,0.405965984,0.40503329,-0.273448378,0.975267887,0.488055289,0.529804945,-0.441130012,0.974183261,0.429209709,0.528587103,-0.383295596,0.938755751,0.487523258,0.570736766,-0.493931115,0.945889652,0.434290081,0.570740163,-0.428628504,0.888945758,0.476777971,0.566889882,-0.522047818,0.946878374,0.442602456,0.568072915,-0.460085213,0.888947904,0.475199282,0.553783894,-0.455037266,0.926159322,0.443154335,0.55305326,-0.397915065,0.866277158,0.489819616,0.515202403,-0.012610641,0.999929547,0.427537978,0.515256882,0.012463599,0.99994266,0.517479777,0.702068627,0.040353883,0.998137772,0.402104199,0.704538405,0.077172756,0.996991396,0.546459258,0.869140565,0.267188102,0.998010337,0.373537391,0.881381571,0.298012912,0.998120964,0.541354299,0.895034969,0.28072834,0.941338778,0.380062968,0.906587362,0.311626703,0.950905085,0.560909569,0.943552673,0.135888979,0.995296896,0.350687891,0.952997506,0.17387934,0.995345891
1,0.455770075,0.496709406,-0.650630414,0.999994099,0.462761551,0.479852945,-0.644089103,0.999975026,0.466482878,0.477610409,-0.644060135,0.999971986,0.46999526,0.474806547,-0.644182086,0.9999668,0.450443029,0.479544699,-0.644724965,0.999977946,0.446277291,0.477101266,-0.64484483,0.999977291,0.442371368,0.473831773,-0.644898474,0.999975026,0.476163328,0.457589209,-0.527691841,0.999950647,0.435193956,0.456929356,-0.530029178,0.999979615,0.4625718,0.505616963,-0.599211812,0.999993622,0.448232979,0.5043239,-0.600104451,0.999995291,0.510713696,0.498474449,-0.384335846,0.999971032,0.396232843,0.508689642,-0.394795209,0.999982536,0.502758622,0.639737248,-0.374588996,0.979587793,0.410166323,0.643400609,-0.407058388,0.992180765,0.483132303,0.760400414,-0.46836853,0.881290019,0.434514672,0.752144217,-0.487623453,0.912025034,0.481388003,0.796413481,-0.510974586,0.80382967,0.43648392,0.791638851,-0.530743241,0.818404377,0.470725954,0.792535663,-0.530581474,0.796474099,0.444750696,0.788475811,-0.549362481,0.807515025,0.469909608,0.781942844,-0.478528827,0.719390571,0.446346462,0.77650255,-0.496955633,0.735957265,0.483628422,0.628668606,0.001646365,0.999896646,0.425352573,0.628133774,-0.001580934,0.999895632,0.554786742,0.706494927,-0.324882805,0.987921,0.357775867,0.721429706,-0.311017215,0.991912365,0.544391632,0.877177596,-0.100229636,0.981931448,0.370011389,0.881515086,-0.097192869,0.98835367,0.536061347,0.897631347,-0.085149273,0.911584914,0.381404608,0.907489836,-0.082642384,0.922291815,0.564715981,0.945348978,-0.224025175,0.958794236,0.349210918,0.952128589,-0.21642375,0.964000821
1,0.624579072,0.465001583,-0.085112438,0.999063492,0.625690699,0.442980617,-0.071026459,0.99950248,0.624786854,0.440419853,-0.071117908,0.999455392,0.623733699,0.437687218,-0.071188584,0.99954468,0.625463367,0.443106204,-0.10582602,0.999356627,0.624588132,0.44103232,-0.105917074,0.999211729,0.623569131,0.43876037,-0.105943166,0.999469101,0.609632969,0.425087243,-0.003690725,0.999667764,0.61024797,0.426708698,-0.158028513,0.999543905,0.613568127,0.470790654,-0.057055749,0.999495327,0.613239884,0.469777048,-0.101563491,0.999573112,0.552019119,0.473042011,0.118902229,0.999450862,0.558333874,0.502776206,-0.248169467,0.999878645,0.528292775,0.63269639,0.129803672,0.066401184,0.525278926,0.660214067,-0.21222882,0.822910964,0.527011156,0.735538125,0.024237489,0.041418079,0.535673738,0.727698863,-0.024089335,0.528374672,0.527655423,0.762163103,0.010818603,0.045898259,0.543324113,0.741040111,-0.034106903,0.485993356,0.528134465,0.76106447,-0.008173095,0.048977226,0.548363626,0.731096208,-0.034534879,0.491933614,0.526192546,0.751925588,0.009803182,0.056210537,0.545986176,0.722861171,-0.019901838,0.483642638,0.441266835,0.630835295,0.119913757,0.999577403,0.440464586,0.646445513,-0.11984612,0.999793053,0.523652911,0.729228437,0.272999734,0.164569288,0.53994441,0.763149083,-0.059790779,0.925661683,0.497551024,0.863416731,0.431109428,0.191125929,0.494677544,0.928791404,0.113353111,0.85284096,0.480601788,0.878464341,0.444819212,0.224540591,0.471853882,0.949771047,0.132112116,0.787046075,0.531361699,0.890920877,0.439415276,0.328343481,0.530420184,0.965543449,0.123759702,0.850757778
0,0.535841644,0.140908182,-0.201195076,0.99858886,0.532741964,0.11920099,-0.189812154,0.997312963,0.53185761,0.118076406,-0.189825088,0.997228086,0.530722022,0.116758876,-0.18980287,0.997131288,0.531406343,0.119553067,-0.227010608,0.998359919,0.529715836,0.11873541,-0.227057427,0.998491466,0.527791381,0.117712528,-0.227131054,0.998572707,0.513226271,0.118169129,-0.114368558,0.993792772,0.511695266,0.119151823,-0.283572346,0.99832809,0.529938579,0.159327522,-0.167421728,0.997794032,0.52855885,0.159215808,-0.21651876,0.999037445,0.483689845,0.224984959,0.025378,0.998544455,0.492590576,0.243507296,-0.348562956,0.999984443,0.500384331,0.388603628,0.066597708,0.04482349,0.512799382,0.409609914,-0.373584449,0.966259658,0.527496219,0.503475845,-0.001513696,0.052611385,0.543254375,0.535217822,-0.316966712,0.889379621,0.533414245,0.535732627,-0.007487782,0.06337595,0.546801984,0.563053668,-0.346996009,0.865763605,0.536167383,0.538720131,-0.03274883,0.063257985,0.551333845,0.562303245,-0.346155971,0.85701102,0.533751488,0.528571546,-0.016051486,0.06417466,0.549009919,0.553115904,-0.314377695,0.789810061,0.493878543,0.501341999,0.122678518,0.997152567,0.491789103,0.51103729,-0.122874044,0.999691963,0.509153187,0.670759857,0.377529651,0.52383858,0.490147114,0.736755192,-0.074615762,0.982442558,0.508127093,0.805165708,0.627789617,0.716203868,0.483022749,0.95103693,-0.017188467,0.979901493,0.492810428,0.835178971,0.649692655,0.744148672,0.476411968,0.973489046,-0.01782256,0.934652627,0.551548421,0.827006221,0.624643743,0.853982925,0.536135852,0.991537035,-0.124150574,0.972068191
1,0.617122293,0.454975903,-0.092452608,0.999002635,0.620305419,0.437370837,-0.079450123,0.999287486,0.619313002,0.434828073,-0.079549119,0.999207258,0.618008256,0.431805968,-0.079605803,0.999311388,0.62030679,0.437931091,-0.11256323,0.999146163,0.619555831,0.436184019,-0.112622872,0.99896282,0.61857444,0.434006065,-0.112660825,0.999314725,0.603422761,0.414652646,-0.017861407,0.999281108,0.604513049,0.416614205,-0.166022688,0.999201238,0.604698539,0.461997271,-0.066224277,0.999302447,0.604699552,0.462028205,-0.109006763,0.999531746,0.546396196,0.458430052,0.100666627,0.999508917,0.557563782,0.496375322,-0.252268195,0.999956787,0.526143014,0.628762543,0.111756004,0.06301935,0.526126027,0.660728991,-0.23616676,0.864909291,0.520494878,0.759856403,0.031966984,0.038246848,0.528647304,0.766444147,-0.095216729,0.633445561,0.52100575,0.790516436,0.023081431,0.043952286,0.528605342,0.795330107,-0.113036491,0.591701686,0.518998027,0.786948323,0.003217369,0.045774817,0.533865869,0.789553344,-0.111073755,0.595889866,0.516692221,0.777387083,0.018907033,0.051692918,0.531555295,0.770086646,-0.091569878,0.567459583,0.445170552,0.638515234,0.117333964,0.99961561,0.443375647,0.652379453,-0.117333412,0.99989146,0.52724874,0.712396324,0.312519908,0.202410385,0.541471601,0.768563986,-0.093949065,0.967262566,0.503478646,0.867851675,0.494469017,0.29932645,0.492333323,0.936171949,0.049201705,0.937410116,0.484720379,0.886268616,0.511107683,0.311841309,0.470014811,0.950027525,0.065237857,0.886191428,0.538794339,0.925230861,0.517067075,0.443052739,0.529076159,0.976672173,0.056219708,0.933003068
0,0.527229249,0.136365414,-0.21657598,0.99833411,0.523687959,0.114692464,-0.205325291,0.996778369,0.522869647,0.113728598,-0.205334708,0.996714175,0.521783829,0.112528898,-0.205319092,0.99658519,0.522134125,0.114893883,-0.242020771,0.998046756,0.520294726,0.114170231,-0.242063284,0.998207033,0.518131673,0.11321868,-0.242141679,0.998312414,0.504987836,0.116209112,-0.128457636,0.992853463,0.501816511,0.117086314,-0.295109808,0.998031795,0.522621989,0.156048283,-0.181969076,0.997338355,0.520857453,0.15627858,-0.230343774,0.998853385,0.481374502,0.228308469,0.009736158,0.998247087,0.489634126,0.244821593,-0.358436286,0.99998033,0.500386715,0.390817761,0.051162235,0.040413089,0.514192522,0.412957728,-0.389560968,0.959572732,0.530349135,0.504635572,-0.020510014,0.045541104,0.548868001,0.53586334,-0.337444246,0.862387955,0.53431052,0.535108328,-0.029217776,0.055585712,0.551956177,0.562969863,-0.369841933,0.835001826,0.538180053,0.537418127,-0.054114353,0.055353303,0.556628644,0.562623918,-0.36805898,0.823749661,0.53656733,0.528329194,-0.035316966,0.055886853,0.554260492,0.553097725,-0.334875375,0.750854731,0.498518765,0.501953125,0.120329477,0.996642947,0.495083094,0.512515604,-0.120551147,0.999624193,0.511537671,0.658704102,0.40039444,0.485735387,0.493329227,0.73424089,-0.050921954,0.975975156,0.511247575,0.787432671,0.673805773,0.683468521,0.486112535,0.949112296,0.034009479,0.971870601,0.499159902,0.816914797,0.698164105,0.725933611,0.477127492,0.974980593,0.036889888,0.918138146,0.554267824,0.81786865,0.673365772,0.83180213,0.533393383,0.993503392,-0.064114302,0.961466908
1,0.624983191,0.47432068,-0.094586201,0.998874307,0.629494727,0.456990063,-0.080826908,0.99923569,0.628770769,0.454360157,-0.080929272,0.999153376,0.627800226,0.451264232,-0.080984466,0.999247074,0.629395306,0.457652569,-0.114514612,0.999070227,0.628793418,0.455954283,-0.114567041,0.998888016,0.628030121,0.453902125,-0.114607371,0.9992401,0.61400038,0.432972372,-0.018253447,0.999136448,0.61468637,0.435429901,-0.169175431,0.999110401,0.612686336,0.478709668,-0.068094268,0.999253929,0.612468958,0.478995681,-0.111727312,0.999514639,0.555521548,0.473074138,0.098655306,0.999441445,0.563427687,0.505022585,-0.254170597,0.99994421,0.526872635,0.635343194,0.114536896,0.057588018,0.528154612,0.662701488,-0.237194583,0.830349088,0.515909195,0.76156956,0.035303909,0.035045322,0.521315813,0.756509304,-0.085693575,0.564422131,0.515617728,0.793573856,0.025214916,0.040324561,0.520414948,0.775278926,-0.101255313,0.524398386,0.513592064,0.789671242,0.006025157,0.042432532,0.526518106,0.771127582,-0.101313911,0.528930485,0.511386216,0.77921319,0.022346247,0.047776878,0.523917496,0.763278544,-0.082410827,0.500271142,0.449513614,0.639114797,0.117800713,0.999692261,0.446086794,0.649251342,-0.117816389,0.999918997,0.526668191,0.717997074,0.331090003,0.235125795,0.543052137,0.768024802,-0.080683291,0.979185998,0.492761523,0.864198744,0.527572095,0.363178462,0.494698286,0.930567443,0.056268506,0.963771701,0.473577082,0.877954125,0.545908272,0.358317524,0.474608421,0.955377638,0.071284562,0.915203452,0.52560842,0.920773625,0.549663424,0.516704082,0.529447436,0.981736243,0.052814744,0.957353175
0,0.529918551,0.130024999,-0.23710838,0.998233318,0.525307775,0.107566454,-0.225773647,0.99675554,0.524208724,0.106626578,-0.22579205,0.996564746,0.522897422,0.105584219,-0.225792319,0.996764839,0.523971438,0.108155929,-0.263549387,0.997985959,0.522107124,0.107758991,-0.26359579,0.998039842,0.520014346,0.107256569,-0.263642788,0.998352647,0.505568981,0.109795921,-0.147880554,0.993059635,0.502883792,0.111938603,-0.310882539,0.997965217,0.523985028,0.151201084,-0.20129244,0.997511566,0.52236259,0.150816441,-0.250383407,0.99897182,0.483540863,0.223995015,-0.003307281,0.998295248,0.489989609,0.245189622,-0.368588716,0.999976873,0.500260115,0.387044817,0.036729082,0.044496551,0.513160408,0.414387941,-0.388768524,0.963942885,0.525480866,0.501555681,-0.034754723,0.051053584,0.545494676,0.540264964,-0.328106582,0.882266879,0.53099668,0.535662949,-0.044578038,0.061458312,0.549003959,0.565930367,-0.357791543,0.854605079,0.533515453,0.536930978,-0.068428002,0.061295815,0.552319527,0.565974772,-0.357695967,0.843516648,0.531614363,0.52686429,-0.049099434,0.061903279,0.549776018,0.556569576,-0.326090276,0.780893147,0.496119916,0.49937287,0.120292798,0.996713698,0.492179573,0.512064338,-0.120473936,0.999572515,0.51681608,0.662412167,0.387208819,0.489594877,0.494353056,0.735525072,-0.054514296,0.975677967,0.505874515,0.789391816,0.649902761,0.654597521,0.485935688,0.951422453,0.014696951,0.972792387,0.497865438,0.815683663,0.673171461,0.682635665,0.477473795,0.973529816,0.015821967,0.921343744,0.551202595,0.824249268,0.65085566,0.811291099,0.53720367,0.995916486,-0.090224892,0.962429881
1,0.611189246,0.466638178,-0.091502242,0.998905361,0.615667224,0.449800611,-0.077009402,0.99924159,0.61491394,0.447279185,-0.077107623,0.999167323,0.613912642,0.444251806,-0.077157438,0.999273181,0.615633368,0.450392842,-0.112548195,0.999074221,0.615056396,0.448722064,-0.112604477,0.998887181,0.614334702,0.446712106,-0.112631522,0.999250591,0.599719465,0.423855126,-0.010533857,0.999210536,0.600790381,0.426868439,-0.169632077,0.99916631,0.598753035,0.471604407,-0.063462406,0.999305606,0.598646998,0.471779048,-0.109390005,0.999522626,0.541746497,0.464130133,0.11274334,0.999502599,0.550356984,0.496844769,-0.262450278,0.999949753,0.5213269,0.630559742,0.127139151,0.069352835,0.522531092,0.659505129,-0.247230142,0.839972258,0.516266167,0.758479655,0.034822077,0.038802516,0.521727324,0.750168264,-0.089369595,0.601644695,0.517524123,0.790300131,0.024546707,0.044227939,0.520671129,0.768995821,-0.106565632,0.568324506,0.515289068,0.786252856,0.003970058,0.046347648,0.52646631,0.764811456,-0.105290726,0.572732747,0.512620091,0.775937736,0.020733576,0.053246051,0.523561656,0.757350922,-0.085267827,0.541144788,0.439179659,0.637671053,0.12392056,0.999465168,0.435043335,0.648976624,-0.123891413,0.999848843,0.521450222,0.707416892,0.320184052,0.17979458,0.538389802,0.763408303,-0.099404134,0.963827193,0.495296419,0.870793819,0.504059792,0.261704713,0.492565215,0.942302644,0.039601509,0.934743524,0.479154021,0.88825953,0.520642519,0.288173944,0.471825123,0.957604289,0.055185784,0.890007555,0.529321909,0.927655458,0.520354033,0.391755283,0.530355573,0.99436444,0.039569959,0.927267909
0,0.544821441,0.186278641,-0.166780621,0.999918997,0.548930347,0.166613251,-0.144331023,0.999880135,0.551394165,0.167258784,-0.144390851,0.99986583,0.554284871,0.168387711,-0.144437402,0.999872506,0.539222002,0.165324375,-0.146408796,0.99984014,0.535082161,0.16483216,-0.146391436,0.999798357,0.530318141,0.164948255,-0.146380126,0.999794304,0.558015883,0.182295576,-0.026655713,0.99980557,0.519435823,0.179740697,-0.034247261,0.999695659,0.550517738,0.208215177,-0.123173721,0.999797702,0.536750555,0.205886438,-0.125846595,0.99972254,0.591084182,0.297058523,0.009083294,0.999607146,0.48459968,0.29081589,-0.006296456,0.999463141,0.587634385,0.426803231,-0.13212581,0.96267736,0.478038311,0.418907553,-0.154586881,0.945684433,0.558099151,0.293245584,-0.305438012,0.971887231,0.517649531,0.292320758,-0.336552083,0.957131207,0.557328761,0.260725766,-0.342078537,0.934776843,0.521765769,0.253433108,-0.378380001,0.900813818,0.558163881,0.248643741,-0.32526195,0.928125501,0.520699799,0.242682025,-0.365504593,0.887052774,0.55745399,0.262672603,-0.303369701,0.902033865,0.520524502,0.25855431,-0.337179691,0.852490604,0.560225785,0.550080776,0.003455223,0.999789178,0.497986346,0.551192522,-0.00349196,0.999731898,0.58117038,0.738647342,-0.079769157,0.994010389,0.468961835,0.739465594,-0.078798048,0.993391871,0.582922995,0.911599517,0.117357388,0.989173353,0.46064347,0.901971638,0.135024518,0.987176478,0.576641679,0.932476103,0.130689666,0.850306571,0.466528624,0.921679139,0.150828063,0.806584656,0.594059646,0.984209538,0.002341009,0.980930507,0.44804132,0.971284986,0.035184983,0.976057529
1,0.536484361,0.500565588,-0.393332064,0.999861002,0.542274117,0.484770983,-0.37675491,0.999518931,0.545635104,0.48485136,-0.376763523,0.999680996,0.548960984,0.485138446,-0.376872152,0.998999894,0.530405641,0.483741641,-0.378416896,0.999442875,0.52570796,0.483139038,-0.378477424,0.999713361,0.521771371,0.482795835,-0.378489435,0.99927783,0.553982139,0.493051261,-0.276555806,0.999432385,0.514721215,0.489507765,-0.283798158,0.999712467,0.541547,0.520356894,-0.355483413,0.999890983,0.528536916,0.518696189,-0.357902706,0.999900699,0.586249292,0.603086114,-0.211157456,0.999400973,0.475932688,0.59725982,-0.221861169,0.999661922,0.583598793,0.756423354,-0.371318817,0.955158472,0.470077395,0.75202769,-0.387848318,0.982855797,0.556851029,0.645618498,-0.562115133,0.961367607,0.510490358,0.643783271,-0.565596998,0.976494133,0.557483733,0.608641803,-0.596306562,0.921166778,0.511194885,0.600785851,-0.598277628,0.939675927,0.558821261,0.596638143,-0.564758241,0.895571649,0.510625303,0.591998875,-0.571500599,0.91156888,0.558000922,0.604655623,-0.552839577,0.780536652,0.51083833,0.601678371,-0.557177544,0.802117169,0.559887111,0.736321747,0.001407664,0.999643207,0.498572081,0.735132217,-0.001399693,0.999685407,0.610610723,0.759823084,-0.374480426,0.978869915,0.450322777,0.772041798,-0.34933883,0.974629045,0.584250271,0.911685169,-0.135704681,0.967781842,0.460018516,0.905717134,-0.115970261,0.983587146,0.572572052,0.934369266,-0.118108116,0.890374303,0.467952371,0.929275215,-0.098630548,0.925663292,0.59688884,0.987250745,-0.240099564,0.947405875,0.441493154,0.976232111,-0.220162123,0.962141931
0,0.532627881,0.173395649,-0.160705075,0.999883473,0.538234591,0.157621831,-0.1411677,0.999788284,0.541712165,0.158528581,-0.14121677,0.99978441,0.544459105,0.159646615,-0.141261309,0.999744654,0.52681762,0.155796751,-0.141234964,0.999736905,0.52281034,0.1556205,-0.141223669,0.999699056,0.518520534,0.155852139,-0.141204432,0.999655426,0.549202681,0.173045829,-0.028685179,0.999668062,0.511568964,0.167891115,-0.027457481,0.999522746,0.54072845,0.198022336,-0.118246183,0.999762356,0.525013208,0.193344563,-0.1182786,0.999676883,0.582721353,0.286254823,0.012841783,0.999534369,0.476852864,0.277986705,0.003955136,0.999515176,0.580254793,0.414702058,-0.119066924,0.97043258,0.474079967,0.412636697,-0.130368143,0.948703289,0.551735997,0.286676258,-0.26601392,0.973166645,0.513736904,0.289650559,-0.299453914,0.958297551,0.551632285,0.250924677,-0.298140496,0.935665071,0.517259419,0.249696523,-0.337865651,0.905170083,0.551793873,0.23681131,-0.284222931,0.926539361,0.516447842,0.237378016,-0.326337516,0.888571858,0.551243961,0.252234101,-0.2639063,0.887578428,0.515726388,0.253881633,-0.299891561,0.840355754,0.554086804,0.539620697,0.003241763,0.999702632,0.492091388,0.542078733,-0.003223283,0.999695778,0.56743902,0.728696406,0.017729769,0.994140387,0.478275657,0.734666169,0.024961302,0.993731439,0.583348453,0.910443962,0.175291762,0.989376307,0.461495012,0.908076644,0.230674073,0.990785956,0.579078794,0.932730675,0.184801251,0.881371796,0.465018243,0.92836833,0.244928822,0.869339228,0.599416554,0.984045863,0.057690643,0.980559647,0.445562243,0.974660039,0.125666112,0.980769873
1,0.534631312,0.485198855,-0.381459385,0.999909341,0.540437102,0.468497932,-0.364826262,0.99972105,0.544078112,0.468614787,-0.36483252,0.999806643,0.547575057,0.468966246,-0.364927024,0.999488235,0.528235376,0.46783042,-0.366057754,0.999685287,0.523353815,0.467639267,-0.366118073,0.99982512,0.519026995,0.467658103,-0.366121769,0.999618053,0.552029014,0.478393167,-0.266833335,0.999696672,0.511674941,0.475763291,-0.27101025,0.999805689,0.539268792,0.503532827,-0.344359308,0.999911606,0.526330411,0.50332129,-0.345867693,0.999908924,0.585907698,0.590903759,-0.199383363,0.999388874,0.475256562,0.587263644,-0.213871852,0.999669135,0.587601662,0.744796097,-0.353240371,0.965382636,0.472772926,0.740230143,-0.369299442,0.980426252,0.55700016,0.632122338,-0.541813135,0.957850456,0.509681523,0.626254559,-0.54362303,0.977108181,0.556927443,0.594284356,-0.574691594,0.906557202,0.509017467,0.587391853,-0.577105582,0.940650702,0.558480918,0.584124327,-0.543413818,0.878677666,0.508725405,0.579752862,-0.551773131,0.915902615,0.557980597,0.592158198,-0.532614529,0.767111182,0.509597957,0.590195775,-0.535965562,0.823688269,0.558594048,0.723254383,0.000172461,0.999616742,0.498353183,0.726136804,-0.000133252,0.999709547,0.606332064,0.766548634,-0.356853008,0.982541263,0.450994074,0.779130399,-0.329160899,0.980372131,0.582752466,0.916609943,-0.129720807,0.972488403,0.461441725,0.909588993,-0.106137678,0.986225128,0.572334528,0.939068973,-0.113325693,0.898954868,0.469486356,0.931939542,-0.090054341,0.932467997,0.597026825,0.981675863,-0.229010552,0.952752352,0.440676391,0.974249601,-0.20388709,0.966636002
0,0.538514555,0.18535383,-0.135326922,0.999872923,0.543888092,0.166678518,-0.116049662,0.999785602,0.546620011,0.167357326,-0.116090693,0.999774933,0.549291372,0.168393269,-0.116114721,0.999747515,0.533607066,0.165067017,-0.116669886,0.999743402,0.52921623,0.164450645,-0.116668142,0.999706864,0.525288641,0.164441973,-0.116670676,0.99967587,0.55517292,0.180500716,-0.005953996,0.99963361,0.516780019,0.177046195,-0.00693301,0.99958992,0.545531273,0.208493382,-0.093623646,0.999665439,0.531157911,0.204425663,-0.094290771,0.999581814,0.589468777,0.286932528,0.028689291,0.999283195,0.48332566,0.280546069,0.005201321,0.999471664,0.588344872,0.408395499,-0.124574028,0.964607,0.481945008,0.405156076,-0.154166684,0.958377957,0.556757689,0.273405045,-0.290492803,0.972038865,0.516560674,0.26985687,-0.316537678,0.967039108,0.554770172,0.236458763,-0.325786144,0.936152399,0.520246267,0.231014594,-0.356071383,0.923275411,0.555905581,0.226040035,-0.311244309,0.927213669,0.519307852,0.22264643,-0.343504608,0.909602344,0.555064857,0.239552245,-0.289082855,0.889477551,0.519287229,0.236575156,-0.31637606,0.867270172,0.558956206,0.542615771,0.008286837,0.999703467,0.497725815,0.542756379,-0.008288463,0.999712944,0.5711537,0.734047949,0.005193097,0.992864788,0.481419086,0.736520767,0.009653059,0.992968857,0.582893372,0.914837301,0.1190442,0.986514747,0.460073024,0.910616517,0.183804929,0.987485111,0.576534569,0.9407233,0.123975761,0.875605822,0.463417411,0.931448579,0.194774672,0.833488703,0.599728823,0.983516216,-0.001962853,0.976195812,0.445433825,0.973604202,0.076680727,0.974299431
1,0.456995785,0.473227203,-0.031709302,0.999997318,0.468054295,0.462457597,-0.041459128,0.999998391,0.471549779,0.463843852,-0.041373298,0.999998748,0.475426823,0.465432942,-0.041369196,0.99999851,0.464170396,0.459728301,-0.015043075,0.999998093,0.464593917,0.45918712,-0.015108443,0.999998271,0.465228945,0.458667129,-0.015051758,0.999997973,0.491003305,0.483118862,-0.051021341,0.99999851,0.480453908,0.474569976,0.063718334,0.999997377,0.462916017,0.499153972,-0.036961243,0.999996245,0.458839029,0.493367791,-0.004049875,0.999995351,0.512893677,0.614341438,-0.124262877,0.999975324,0.477631748,0.583830297,0.133851603,0.999943316,0.478779644,0.75516957,-0.095997244,0.98670572,0.437890887,0.701741099,0.043720756,0.47975415,0.438712239,0.63621527,0.043893669,0.925243437,0.428341806,0.635759175,-0.117310695,0.252013534,0.429274291,0.606864572,0.03278587,0.862235069,0.427160114,0.60317266,-0.125576586,0.179660872,0.439475358,0.593499839,0.03107685,0.859176397,0.438938946,0.593359292,-0.120075174,0.178912178,0.445762545,0.602210701,0.046216227,0.839408278,0.442837328,0.601180851,-0.119580649,0.181548923,0.602017999,0.765107274,-0.092220023,0.999936223,0.571639955,0.746546805,0.092269219,0.999940395,0.497207016,0.748004019,-0.223743901,0.989616275,0.453813106,0.722316086,0.102415703,0.525352895,0.508681953,0.945457101,-0.264054149,0.979795814,0.490659833,0.886800706,0.066773035,0.611589551,0.524529159,0.976990402,-0.264487803,0.95287323,0.504437983,0.917396605,0.062943779,0.668016076,0.45578903,0.994200408,-0.316500545,0.975668371,0.448180526,0.938190281,0.041256391,0.703867972
0,0.493223965,0.129285365,-0.073006235,0.999954343,0.502679884,0.115737297,-0.090759858,0.999951124,0.505441129,0.117084131,-0.090772703,0.999957919,0.508639991,0.118341975,-0.090821639,0.999951601,0.498913437,0.111819275,-0.059174784,0.999949038,0.498895586,0.110573158,-0.059181068,0.999945879,0.498867005,0.109456629,-0.05921445,0.999947071,0.526223242,0.131880581,-0.115624271,0.999956012,0.510727823,0.120017551,0.02470619,0.999913037,0.498707652,0.153187528,-0.078630775,0.999908149,0.493224263,0.147577494,-0.038212415,0.999871433,0.549769342,0.257116348,-0.168231219,0.999735773,0.496391416,0.22938472,0.131401762,0.999489367,0.487470597,0.385466397,-0.162519768,0.981084466,0.452597916,0.369132578,0.013752031,0.601509869,0.455365032,0.258687705,-0.035074465,0.945733845,0.438424855,0.259868711,-0.252588004,0.73422575,0.451870382,0.228216246,-0.038410563,0.911660373,0.439920813,0.228468016,-0.287344486,0.65932399,0.460757643,0.214253053,-0.043166056,0.909484982,0.446332723,0.21521382,-0.280304879,0.647035301,0.46385172,0.222932309,-0.030516861,0.884629369,0.448224127,0.22493811,-0.25977698,0.619128108,0.53039062,0.530000031,-0.087408863,0.999219358,0.491641432,0.526394367,0.087364823,0.99934876,0.525164306,0.761609912,-0.119237065,0.989879847,0.492586017,0.737785161,0.17429933,0.824726641,0.548622429,0.972320914,-0.116383694,0.9867028,0.501839757,0.901247203,0.308542609,0.849199235,0.55555445,0.994485021,-0.122551963,0.926164389,0.513190269,0.932718396,0.316419989,0.790156484,0.508553207,1.042092562,-0.239231259,0.981800497,0.451896846,0.95020026,0.261933535,0.900877297
1,0.446865946,0.437982202,-0.09718129,0.99999094,0.459244728,0.427881718,-0.108821861,0.999992609,0.462629288,0.429300159,-0.108741686,0.99999392,0.466288239,0.430825502,-0.108783759,0.999993265,0.454291672,0.424803525,-0.080526464,0.999991834,0.45416975,0.424255282,-0.080605477,0.999991775,0.454227507,0.423643023,-0.080547221,0.999991179,0.481732935,0.447459728,-0.122706406,0.999993205,0.468626708,0.438325316,0.001148684,0.999986053,0.452415586,0.462838531,-0.104088798,0.99998492,0.445943058,0.460092455,-0.068132922,0.99997735,0.512010515,0.581997752,-0.186154529,0.99993515,0.460395873,0.55162102,0.075027838,0.999848902,0.479985505,0.73740828,-0.148121163,0.982144117,0.444551975,0.662559867,-0.03113482,0.504983842,0.43782714,0.622849405,0.007454996,0.902057886,0.428595155,0.615361333,-0.209001839,0.304573357,0.42602995,0.587986827,-0.004353695,0.828580737,0.422385186,0.582804203,-0.218811274,0.237455606,0.43882513,0.576734841,-0.001461226,0.825327098,0.433729112,0.575233817,-0.216522872,0.231988475,0.445529163,0.584476352,0.012354634,0.798110664,0.438098341,0.580739558,-0.212381467,0.226446077,0.593396366,0.743719518,-0.09162908,0.999839544,0.553372443,0.72298795,0.091716804,0.999852717,0.487619847,0.776158392,-0.299129486,0.988232613,0.444345206,0.706129789,0.04006286,0.681679845,0.527211964,0.962223291,-0.241531089,0.978107095,0.487498671,0.879492283,0.08522404,0.7189762,0.54025501,0.979846895,-0.233657748,0.943383813,0.497604936,0.904316425,0.089794628,0.757051468,0.482060373,1.001003146,-0.28694427,0.97436595,0.450634331,0.931118011,0.067953959,0.788518727
0,0.494414151,0.109976463,-0.081125997,0.999985039,0.504144907,0.097962394,-0.101466708,0.99998796,0.506820679,0.09957435,-0.101454988,0.999990225,0.510004163,0.101244792,-0.101476938,0.999988556,0.501112819,0.094309688,-0.066073649,0.999987125,0.501271844,0.093296595,-0.066071913,0.999987662,0.501560628,0.092335686,-0.066077203,0.999988019,0.523861289,0.118715346,-0.137592182,0.999988616,0.511978328,0.106925622,0.017408729,0.999979794,0.497260213,0.135114744,-0.09200453,0.999970376,0.49360767,0.128271684,-0.047302902,0.999968946,0.541084647,0.247444436,-0.205349758,0.999854803,0.501500785,0.229329154,0.13107428,0.999617457,0.47542426,0.376391202,-0.163559899,0.984074056,0.452585816,0.366042763,0.004158813,0.641092002,0.452090859,0.246681437,0.036864843,0.913986385,0.438568562,0.25258556,-0.258360237,0.617491364,0.450107187,0.21581921,0.034863424,0.863982022,0.440894991,0.217031091,-0.292751133,0.518134117,0.459297687,0.20068717,0.026814422,0.863636076,0.449709058,0.200671434,-0.281115085,0.511332631,0.462091565,0.211326212,0.041826878,0.834797978,0.451912671,0.212695181,-0.262105018,0.485322446,0.529586256,0.528584599,-0.101523779,0.999634087,0.500674784,0.526372671,0.101503849,0.999623835,0.525825918,0.752518952,-0.111949891,0.987873673,0.504014194,0.734507859,0.214468762,0.761506736,0.543383718,0.964476764,-0.11622683,0.984658659,0.50750947,0.903714955,0.351488292,0.780012965,0.551271558,0.98880434,-0.122419454,0.948187053,0.517763197,0.938873947,0.361383498,0.74663496,0.488321215,1.026452899,-0.223828867,0.982042074,0.447606653,0.942594171,0.326315492,0.857796967
1,0.506524205,0.49264729,-0.206392094,0.999749005,0.513296902,0.473130643,-0.189463213,0.999658585,0.517109275,0.473256201,-0.189464718,0.999666691,0.52033323,0.473629296,-0.189522609,0.999575198,0.500843942,0.474451691,-0.189006865,0.999570966,0.496214479,0.475263178,-0.189019188,0.99960959,0.492461741,0.476064056,-0.189037859,0.999516606,0.526820481,0.486531407,-0.103860945,0.999572635,0.485000193,0.487015337,-0.101709098,0.999520481,0.513752699,0.514957666,-0.175342053,0.999726057,0.497976303,0.514621377,-0.174822107,0.999720871,0.564328492,0.6011554,-0.069366232,0.997320592,0.44810766,0.599778175,-0.066867515,0.99782908,0.567775786,0.75883013,-0.168676153,0.954161942,0.447537899,0.758866847,-0.177992433,0.947656035,0.535860658,0.612868309,-0.285437852,0.979473829,0.477170676,0.616681695,-0.304262549,0.969604492,0.532084405,0.577294648,-0.301640511,0.948630214,0.478660434,0.577666104,-0.323450953,0.919288516,0.531899154,0.564335287,-0.275076985,0.936104417,0.479176521,0.569277525,-0.300017327,0.891568542,0.532600939,0.57362932,-0.275634795,0.894343853,0.479252756,0.581507742,-0.296684921,0.82694608,0.538848579,0.786653936,0.00173596,0.998958051,0.477162361,0.789830625,-0.001727118,0.999047995,0.602934122,0.80001992,-0.302112073,0.980085671,0.417271316,0.796395302,-0.288107663,0.978405774,0.553989112,0.941126287,-0.08376886,0.917496026,0.452166051,0.939193308,-0.078106813,0.95175302,0.540620506,0.955791116,-0.063663386,0.808984578,0.462658376,0.95460397,-0.059025146,0.854647279,0.561387956,1.005524635,-0.143309802,0.887755036,0.445168853,0.99954766,-0.135883421,0.914496779
0,0.511509538,0.152184412,-0.085897647,0.999583662,0.516808093,0.136209622,-0.06633085,0.999468327,0.520085454,0.137245908,-0.066367686,0.999466956,0.523625493,0.13874644,-0.066410385,0.999435306,0.505722821,0.134022817,-0.068942443,0.999289751,0.501330018,0.133519962,-0.068939671,0.999240756,0.497027665,0.133506298,-0.069004692,0.99919045,0.53071034,0.152257428,0.039520603,0.999399304,0.489062369,0.148628652,0.029673504,0.999203503,0.520249307,0.176278383,-0.04577807,0.999467432,0.505099595,0.173384175,-0.048892371,0.999270439,0.5654791,0.261256337,0.065956451,0.998561144,0.457277,0.253005147,0.018233435,0.998706818,0.570606947,0.380201727,-0.120976791,0.958686352,0.45975849,0.379254609,-0.176579863,0.967824519,0.539974809,0.223992541,-0.288490266,0.974983096,0.48560527,0.222071543,-0.336942881,0.975689411,0.535686314,0.18877469,-0.323378384,0.947337389,0.490412444,0.185117707,-0.373861909,0.944304585,0.536245167,0.180433974,-0.302355915,0.9386608,0.489517331,0.180321351,-0.361805588,0.933959842,0.536130488,0.190986231,-0.285453141,0.916241765,0.488617539,0.192204595,-0.337919801,0.91013658,0.545561373,0.53936702,0.010189331,0.999283135,0.479366481,0.544059575,-0.009996658,0.99934411,0.549061477,0.742319047,-0.039174769,0.983415604,0.468289584,0.751324654,-0.031526167,0.976062894,0.554265738,0.933836162,0.095518366,0.91743809,0.455399394,0.936879694,0.153527245,0.860655844,0.551976621,0.94796437,0.104094706,0.624723315,0.45402047,0.947660387,0.167160735,0.544543922,0.550810456,1.013594508,-0.017064279,0.851840138,0.437699497,0.995546579,0.053978559,0.777517438
1,0.512380183,0.495868593,-0.254028469,0.999668181,0.518924236,0.477773756,-0.236223444,0.999596596,0.522514164,0.47798565,-0.23624438,0.99959749,0.525968611,0.478489071,-0.236358628,0.99951005,0.506449103,0.477665305,-0.236288786,0.999498665,0.501890302,0.477735221,-0.236328304,0.999518275,0.497425586,0.478024572,-0.236355886,0.999392211,0.5327124,0.491165996,-0.143105015,0.999529243,0.489984989,0.486793518,-0.142450795,0.999399185,0.51899296,0.516698778,-0.220331892,0.999690652,0.504251599,0.514613926,-0.220238313,0.999649227,0.568028986,0.609760284,-0.100387506,0.995857954,0.452949792,0.600924313,-0.109855376,0.996551931,0.570737541,0.768439293,-0.229642287,0.945984364,0.449745685,0.762417078,-0.236427113,0.934329033,0.542979121,0.619232237,-0.369050354,0.967162132,0.483216703,0.611954808,-0.356327802,0.952591896,0.53928262,0.581762135,-0.389556229,0.918754935,0.485557765,0.572503686,-0.374099344,0.882758081,0.538564861,0.570527434,-0.357359678,0.899382055,0.487003297,0.56753552,-0.347636998,0.844314694,0.538596988,0.58240509,-0.357960582,0.838559747,0.486780554,0.579562604,-0.347021699,0.755294621,0.540235639,0.789432228,0.004376561,0.998821855,0.476349294,0.788392961,-0.004374165,0.998920739,0.607390046,0.808788836,-0.323029786,0.976997077,0.410239011,0.801215947,-0.302478939,0.979264379,0.551982939,0.945942581,-0.082228154,0.901363611,0.451260984,0.943194866,-0.076500937,0.95435226,0.537772357,0.956692517,-0.058968,0.816380143,0.461066574,0.956261516,-0.054778483,0.85957706,0.561878502,1.007840753,-0.135240301,0.872021794,0.440772474,1.001945376,-0.133756056,0.913314939
0,0.519871354,0.140293181,-0.107411385,0.999562144,0.526025116,0.12654148,-0.087555669,0.99947077,0.529313982,0.127656132,-0.087594599,0.999463797,0.532405674,0.12913014,-0.087626442,0.999465346,0.515266836,0.124009773,-0.089954868,0.999268174,0.51101011,0.123554341,-0.089960851,0.999168813,0.50683862,0.123643763,-0.090010725,0.999100864,0.538555861,0.143790051,0.020442199,0.999391198,0.497678727,0.13831605,0.011783184,0.999115586,0.527505159,0.164786771,-0.066935167,0.999392986,0.513217986,0.161552295,-0.069730692,0.999115348,0.57129705,0.260938823,0.051301409,0.998539388,0.46335718,0.247379422,0.007982905,0.998459876,0.576265931,0.382216662,-0.114995435,0.962038636,0.463684976,0.373015493,-0.172224239,0.959823251,0.546684027,0.22618334,-0.26579994,0.975214779,0.492338628,0.218506306,-0.331099957,0.969352782,0.542704761,0.189625368,-0.298437685,0.945915461,0.496038139,0.178196862,-0.368392587,0.933735549,0.543313682,0.180667654,-0.280056924,0.937583864,0.495166004,0.172392845,-0.359224886,0.922870755,0.543369114,0.191440925,-0.263189286,0.915007293,0.494615823,0.18566376,-0.333665967,0.897967756,0.54490298,0.538887382,0.012815385,0.99921298,0.480044007,0.539446473,-0.012678346,0.999260724,0.548192859,0.741874933,-0.015229487,0.985333145,0.469519585,0.744501531,0.005658935,0.978522599,0.553058803,0.938721478,0.10741666,0.932837546,0.455100954,0.932137489,0.199240282,0.888797343,0.550236106,0.957529366,0.113977574,0.661367655,0.45407483,0.946589768,0.213397607,0.554965198,0.548974037,1.002199173,-0.014193506,0.86896944,0.440734386,0.989136398,0.098424397,0.809758365
1,0.421033651,0.373039901,-0.092509657,0.99999547,0.433207482,0.363534063,-0.103165001,0.999997437,0.437385529,0.366723955,-0.103099875,0.999998093,0.442391038,0.370079398,-0.103132367,0.999997556,0.427204937,0.357045919,-0.072155133,0.999996185,0.426635116,0.355912298,-0.072217293,0.999996781,0.426287174,0.353882641,-0.072159052,0.999996424,0.458453834,0.384791285,-0.111112021,0.999997258,0.439275086,0.366627663,0.022866961,0.999996305,0.426998287,0.396514297,-0.096846811,0.999993443,0.417938739,0.392030329,-0.058646861,0.999991357,0.471356273,0.510900855,-0.177502349,0.999904931,0.424248248,0.47294867,0.095270865,0.999830067,0.413146853,0.649756908,-0.152904585,0.98275876,0.378526092,0.600268245,-0.028440177,0.58809036,0.393397391,0.494535387,0.003571287,0.938701451,0.378225416,0.495963037,-0.249021143,0.476178437,0.384084761,0.45840314,-0.005491543,0.892467082,0.376952946,0.455416083,-0.271282822,0.39127785,0.395521581,0.451984853,-0.008361991,0.891782701,0.388985813,0.450291246,-0.260386139,0.380979598,0.401618928,0.463670015,0.006898196,0.87076968,0.393401265,0.46112141,-0.250537694,0.372567952,0.52479285,0.733439326,-0.094179206,0.999951541,0.484860122,0.693820417,0.094234489,0.999948621,0.407679141,0.733569622,-0.258002788,0.992955327,0.377437651,0.683229208,0.089888021,0.739151418,0.46867612,0.9212237,-0.18449901,0.984471738,0.437109679,0.83463192,0.154984951,0.738516152,0.48599118,0.948741555,-0.174160972,0.96422416,0.448323905,0.86386925,0.16122891,0.751703799,0.432560593,0.965384841,-0.201434985,0.979840815,0.395866275,0.887802064,0.15447937,0.792696834
0,0.448484123,0.032527268,-0.078358687,0.999976099,0.457843661,0.015430786,-0.101310305,0.999981761,0.460940212,0.016182102,-0.101335935,0.99998498,0.464434534,0.017090715,-0.101404302,0.99998349,0.454017937,0.012971319,-0.064858571,0.999977767,0.454183489,0.011924974,-0.064862587,0.999975979,0.454464912,0.011144503,-0.064858191,0.999975085,0.484543175,0.029058132,-0.139069125,0.999987543,0.470622659,0.022570249,0.020966869,0.999961257,0.455316961,0.05601985,-0.088294543,0.999960005,0.450596154,0.053615574,-0.042039324,0.999930739,0.508050025,0.161476344,-0.20581165,0.999887884,0.464321554,0.136509135,0.142582461,0.999456167,0.444843292,0.297492564,-0.173537567,0.980734468,0.425358802,0.295663208,0.030026488,0.434711158,0.416895807,0.158667356,0.023826892,0.939612508,0.4059861,0.175226614,-0.239278808,0.549708366,0.412232608,0.126938418,0.030949121,0.90689975,0.404877692,0.138574675,-0.27379337,0.501749873,0.421032459,0.111431494,0.025677351,0.906041801,0.410970151,0.121690139,-0.266552895,0.485783637,0.42473501,0.121944867,0.031202221,0.880743086,0.41489765,0.135810331,-0.248111159,0.458094507,0.47498709,0.453903019,-0.10595765,0.999683917,0.44375658,0.444255024,0.105953045,0.999565005,0.468104988,0.697862506,-0.106965154,0.977657855,0.44460699,0.669923484,0.196622774,0.651606798,0.478206158,0.928740323,-0.088011675,0.976750433,0.455470353,0.85386616,0.320479602,0.689305067,0.48762095,0.967721641,-0.092169538,0.947635591,0.465007037,0.884706914,0.327606559,0.69467175,0.428948581,0.97503525,-0.197520792,0.976884186,0.403966457,0.890530348,0.280407757,0.811325729
1,0.409510344,0.388824642,-0.109808005,0.999994099,0.422335356,0.379708916,-0.120105587,0.999996483,0.426429778,0.382103533,-0.120056435,0.999997199,0.431378752,0.384697765,-0.120108053,0.999996662,0.416715175,0.374587804,-0.089917831,0.999995112,0.416210324,0.37342757,-0.089992307,0.999995828,0.415956616,0.372215092,-0.089958511,0.99999541,0.44686842,0.401677459,-0.129996836,0.999996543,0.429724008,0.387167513,0.00064109,0.999994516,0.413809836,0.412970841,-0.114363708,0.999992013,0.407073498,0.406876355,-0.077078342,0.99998796,0.461578906,0.532825351,-0.191800967,0.999912858,0.418639213,0.499281585,0.074607104,0.999834418,0.404024243,0.678610861,-0.15912953,0.98131597,0.380669504,0.600345254,-0.036449648,0.547009647,0.381561309,0.538218319,-0.005204736,0.934910297,0.374239743,0.533371687,-0.233947828,0.453693479,0.371360749,0.500018716,-0.012878415,0.887390852,0.369758785,0.492273182,-0.250366718,0.372867137,0.384415627,0.487971216,-0.013401883,0.885632336,0.382389396,0.482681841,-0.23970291,0.363653153,0.391470522,0.499849617,-0.000967927,0.861921191,0.38749218,0.492346525,-0.234837115,0.351636082,0.524237454,0.738108814,-0.087662503,0.999936044,0.484367639,0.701924443,0.087723993,0.999930382,0.419650972,0.740779579,-0.268379182,0.992602527,0.394117951,0.694268882,0.074523166,0.740039051,0.465893567,0.919468582,-0.191426709,0.98510468,0.438218176,0.84044683,0.175382987,0.756792367,0.482524544,0.94933641,-0.181815773,0.962149918,0.445722789,0.867047548,0.185217604,0.768895268,0.426389784,0.965506196,-0.22695452,0.980682552,0.397192001,0.88058424,0.171340719,0.813756227
1,0.530273139,0.495792687,-0.604197979,0.999990642,0.537706494,0.479222745,-0.580957353,0.999966741,0.541651368,0.479425758,-0.58094734,0.999977827,0.54568851,0.47942692,-0.58108896,0.999907076,0.524741113,0.477766722,-0.582049966,0.999952912,0.520700753,0.476990044,-0.582130909,0.999979675,0.517154992,0.476288825,-0.582125545,0.999938726,0.552467883,0.485111624,-0.440344661,0.999960184,0.513121843,0.480565757,-0.446305275,0.999986351,0.537552774,0.516241908,-0.551628113,0.999995649,0.523310542,0.515323877,-0.553717852,0.999995649,0.586803198,0.584820926,-0.341830045,0.999831855,0.481408179,0.585984766,-0.346947372,0.999858737,0.609418511,0.724373519,-0.55934912,0.98870039,0.466929346,0.721566021,-0.562036276,0.990688741,0.561212957,0.607923985,-0.800599873,0.985159338,0.502041042,0.617972255,-0.798797965,0.981589675,0.552060485,0.577416182,-0.846356213,0.962259352,0.508506894,0.585475683,-0.845152736,0.948109984,0.55408895,0.56825,-0.812642753,0.946540833,0.510677218,0.576990485,-0.810559869,0.916014314,0.554457068,0.57772398,-0.791961193,0.847903609,0.510848403,0.58655858,-0.789430678,0.785694301,0.568098843,0.716380537,0.00355611,0.999917924,0.510137975,0.723433197,-0.003586333,0.999909639,0.635235012,0.720453322,-0.467549086,0.993908942,0.448834717,0.731237471,-0.432751089,0.993790329,0.608923793,0.870290875,-0.076253287,0.986718774,0.478434026,0.86384064,-0.053969372,0.994603753,0.597126722,0.890663743,-0.046457771,0.929185808,0.489296436,0.883513451,-0.024475522,0.972717404,0.619812965,0.942704082,-0.188157171,0.961319268,0.462441593,0.934542179,-0.160429448,0.982859731
0,0.533867478,0.153508827,-0.235471532,0.999975562,0.539376378,0.134370267,-0.220714524,0.999960423,0.54238826,0.134343505,-0.220723778,0.999954462,0.545840979,0.134594768,-0.220714808,0.999954164,0.528549135,0.134711966,-0.218381047,0.999949872,0.524228096,0.134627461,-0.218363971,0.99993813,0.520133913,0.134774864,-0.218381852,0.999935091,0.552951038,0.142809093,-0.111045554,0.999931455,0.515169501,0.142876014,-0.098744914,0.999888897,0.541262269,0.172101855,-0.192387193,0.999970913,0.527609348,0.171730414,-0.189254671,0.999955595,0.580806136,0.229941681,-0.060006786,0.999871492,0.489983797,0.242577538,-0.043817252,0.999709845,0.603302121,0.340299934,-0.219753459,0.994452357,0.481569469,0.357111573,-0.190542161,0.977381229,0.560723245,0.240143672,-0.42382732,0.994581461,0.504445493,0.248482451,-0.397914469,0.984242737,0.553890646,0.212296724,-0.464054406,0.983267307,0.508631408,0.221924931,-0.441869348,0.95836693,0.553762913,0.205061361,-0.44854036,0.980747938,0.509560466,0.2128959,-0.428956687,0.951250076,0.553840935,0.215832174,-0.421054542,0.967661679,0.510579824,0.222335398,-0.397954255,0.928402483,0.569732726,0.503742456,-0.006198758,0.999813735,0.512725711,0.504123211,0.006103958,0.999738932,0.589327276,0.694095492,-0.009042799,0.997663677,0.498382241,0.700070858,0.062197022,0.997425199,0.608739495,0.867172003,0.14572151,0.995081544,0.480185598,0.860676646,0.278199375,0.995053649,0.6037094,0.88697058,0.153850585,0.904836595,0.486778677,0.881757379,0.293707103,0.917701781,0.617539406,0.940614343,0.0168924,0.988780379,0.463991106,0.93124634,0.176436469,0.989646673
1,0.532664359,0.515155494,-0.729684472,0.999998271,0.539388537,0.4966757,-0.708359361,0.999994457,0.542929053,0.496371448,-0.708314836,0.999996185,0.546592951,0.495764911,-0.708457589,0.999981403,0.526741147,0.495778322,-0.708478332,0.999992609,0.522476137,0.495062888,-0.708569765,0.999996722,0.519029737,0.494340897,-0.708547354,0.999991059,0.55303669,0.498399556,-0.556600034,0.999993801,0.514451861,0.495523751,-0.558204353,0.999998271,0.539138377,0.533370137,-0.671427608,0.999999046,0.525655925,0.534365475,-0.672093928,0.999999046,0.58714503,0.595683932,-0.439996779,0.999965012,0.482776165,0.591216207,-0.440321922,0.999963403,0.617475092,0.729264915,-0.686079741,0.99578172,0.4576253,0.728437722,-0.670526147,0.997781336,0.567529559,0.622309625,-0.954222381,0.994589925,0.497922987,0.632065058,-0.916416347,0.99305886,0.558494687,0.594255507,-1.007613063,0.982883692,0.505313277,0.603681803,-0.967128158,0.977453113,0.558495581,0.584328175,-0.973753095,0.974566221,0.509089231,0.594779611,-0.931212127,0.961936176,0.558436155,0.59200412,-0.946549118,0.91421026,0.509594679,0.603162825,-0.906640351,0.88734287,0.568086505,0.717889667,0.001155726,0.999918818,0.509110808,0.725041509,-0.001266323,0.99992764,0.632100165,0.721193552,-0.483677626,0.993896604,0.444437802,0.732239783,-0.43762809,0.995677412,0.607967973,0.868642151,-0.09181194,0.98852253,0.478906631,0.866735995,-0.055159174,0.996510208,0.59592247,0.889605522,-0.062486954,0.940313458,0.491180718,0.890046716,-0.025390271,0.979290307,0.619614482,0.944310486,-0.213260412,0.968447566,0.459893316,0.934613287,-0.164174631,0.988775074
0,0.53675586,0.151492074,-0.241184548,0.999976993,0.542565465,0.132610962,-0.225757927,0.999960542,0.545955777,0.132856786,-0.225755811,0.999954224,0.549443245,0.133416459,-0.225750849,0.999953866,0.531657577,0.132828876,-0.224542022,0.999953628,0.52701515,0.133131012,-0.224537492,0.999943852,0.523054242,0.133489564,-0.224552065,0.999943793,0.555924654,0.14216876,-0.116393708,0.999924719,0.51681453,0.142213002,-0.109883428,0.999894679,0.544376433,0.171590373,-0.198458359,0.999972343,0.530509114,0.170500562,-0.196801692,0.999962389,0.583640814,0.234620303,-0.067300782,0.999894202,0.48987323,0.246148705,-0.049660236,0.999762535,0.608811915,0.343278259,-0.223973185,0.995085001,0.472482145,0.361967802,-0.196153075,0.981867611,0.562067628,0.24704583,-0.435052246,0.995022178,0.504024148,0.258873105,-0.407338858,0.984296501,0.55382061,0.21870923,-0.476069152,0.984426379,0.511221707,0.231992453,-0.450327069,0.956180155,0.553521752,0.211207837,-0.458995998,0.982107699,0.512781918,0.222720414,-0.435862929,0.948911488,0.553900301,0.22284326,-0.431563854,0.969965994,0.513404369,0.231803998,-0.406354904,0.926746905,0.571815372,0.504920721,-0.007816634,0.999794781,0.513676345,0.507166266,0.007674105,0.999709368,0.590643048,0.694571674,-0.015153187,0.997834086,0.500119209,0.703485727,0.050979264,0.99714154,0.610106468,0.86276263,0.16017057,0.995753467,0.480455637,0.862668276,0.26676017,0.995756209,0.604987502,0.883794129,0.170199528,0.903133273,0.486948341,0.88393724,0.282400906,0.923827708,0.617659509,0.939655304,0.037379965,0.990702748,0.463106692,0.932917774,0.167193875,0.991115808
1,0.531174004,0.503004909,-0.710351765,0.999998569,0.53804338,0.486014307,-0.687811673,0.999994576,0.542040527,0.486095011,-0.687774897,0.999996364,0.545974016,0.485947162,-0.687920451,0.999982297,0.525213122,0.484231472,-0.689835429,0.999993384,0.521030962,0.483386278,-0.689923346,0.999997318,0.517302871,0.482892692,-0.68990624,0.99999249,0.552093863,0.490960449,-0.537296474,0.99999398,0.51215595,0.485878199,-0.547468066,0.99999851,0.537569165,0.522415698,-0.653059125,0.999999225,0.52377212,0.52177006,-0.656196058,0.999999344,0.585129023,0.592686892,-0.426994175,0.999947429,0.477717698,0.584883392,-0.435882986,0.999958754,0.618299425,0.726874232,-0.671393871,0.995954037,0.457530677,0.723061562,-0.666921496,0.997696102,0.567775786,0.620764434,-0.943026662,0.993224621,0.496955782,0.62740171,-0.916597843,0.993573487,0.558235466,0.594037294,-0.997107387,0.979860544,0.504923403,0.60080874,-0.968789876,0.980565548,0.557746172,0.584116578,-0.964289963,0.970347524,0.507913172,0.591999173,-0.932168663,0.96743834,0.557777286,0.591988981,-0.935978115,0.902694046,0.507757902,0.600769877,-0.906577408,0.899432063,0.566729903,0.715504646,0.002331544,0.999906003,0.507768512,0.723552644,-0.002445741,0.99992913,0.636112332,0.728194237,-0.471238315,0.99516046,0.444543362,0.735971749,-0.429202974,0.996196508,0.60916853,0.863719106,-0.049563993,0.989020109,0.47815901,0.866761863,-0.025002316,0.997636676,0.597136497,0.88245374,-0.01705122,0.940741241,0.489646286,0.889231026,0.00621049,0.983840346,0.619224131,0.941312551,-0.164449885,0.96672678,0.459754139,0.935620368,-0.133279651,0.990971148
0,0.53497231,0.150168329,-0.25911957,0.999956548,0.540666461,0.13039957,-0.24315691,0.999922991,0.544026732,0.130439237,-0.243157074,0.999911129,0.547632515,0.130752534,-0.243178293,0.99990803,0.529504776,0.130516469,-0.24123852,0.99991852,0.525028944,0.130743742,-0.2412543,0.999906778,0.520802975,0.130910113,-0.241275981,0.99990803,0.554261446,0.13863194,-0.13303338,0.999846518,0.514753222,0.139325336,-0.120867908,0.999850392,0.542273104,0.169775859,-0.21553728,0.999945521,0.52830708,0.168820754,-0.212814689,0.999936938,0.585143626,0.230163574,-0.079926528,0.999820352,0.48891744,0.244716048,-0.063208446,0.999749422,0.617241025,0.329084128,-0.250234067,0.994640231,0.467109293,0.35926798,-0.220812052,0.987532616,0.562849343,0.241658226,-0.462859392,0.992656112,0.504726768,0.258538067,-0.432626784,0.983314872,0.553803861,0.214177787,-0.50500375,0.976768255,0.513906837,0.230108246,-0.477835268,0.948776901,0.553038001,0.208250865,-0.485199034,0.972933173,0.51572156,0.223133281,-0.458981186,0.937895417,0.553196788,0.220053911,-0.458594173,0.953096509,0.516237736,0.232706681,-0.429789782,0.906736851,0.572563767,0.503994703,-0.007421336,0.999776781,0.51402849,0.50532335,0.007299711,0.999740481,0.591902018,0.697404921,-0.017475292,0.997226298,0.498777866,0.704846859,0.059891142,0.997010589,0.610055923,0.865786552,0.166388571,0.994274378,0.479994297,0.862248242,0.275289595,0.995835423,0.604905486,0.886189282,0.177915454,0.897602141,0.48800388,0.884110272,0.290587634,0.928373039,0.61890918,0.939522862,0.046087999,0.986657202,0.460267127,0.932886422,0.173339278,0.990145326
1,0.491765171,0.480105639,-0.123960294,0.999949932,0.501185298,0.468049318,-0.13324599,0.999977648,0.504361749,0.469254911,-0.133192748,0.999982774,0.507929385,0.470600098,-0.133230761,0.999979019,0.496308327,0.465229571,-0.107502878,0.999962389,0.495886981,0.464376748,-0.107585117,0.99996984,0.495606482,0.463489532,-0.107585289,0.999964595,0.522478759,0.483934075,-0.139922202,0.99997741,0.507980824,0.474640161,-0.02720643,0.999960959,0.496717751,0.501685739,-0.126130104,0.999963582,0.491331279,0.498019576,-0.094087951,0.999956787,0.540924489,0.582329631,-0.172270089,0.999785483,0.50348103,0.561706781,0.027220484,0.999544024,0.493972003,0.696021855,-0.144233257,0.944914401,0.471618176,0.659585297,-0.077757813,0.439855456,0.478714138,0.592935026,-0.024792287,0.873254776,0.474767834,0.584498823,-0.255962461,0.449308366,0.474278301,0.570233107,-0.03455336,0.823021889,0.474336714,0.571515501,-0.27369377,0.3957901,0.482581317,0.564610958,-0.042647131,0.825637639,0.48244229,0.569799185,-0.263997376,0.395109892,0.48630619,0.571491241,-0.024522215,0.797602296,0.484929979,0.575007439,-0.256184071,0.371893793,0.603554547,0.751256287,-0.059289873,0.999955297,0.565100491,0.731243074,0.05936528,0.999937296,0.529266953,0.764309108,-0.275381625,0.985521138,0.493781328,0.703246593,0.022949044,0.61388582,0.56176728,0.928796649,-0.205227524,0.957136393,0.525830388,0.844279289,0.111041784,0.664317012,0.576502979,0.954046369,-0.197459251,0.893106043,0.537953973,0.860638261,0.11980702,0.638998985,0.52481854,0.976772487,-0.252711415,0.954209745,0.490092188,0.884457052,0.0942351,0.770107448
0,0.545737803,0.172554225,-0.088085853,0.999966025,0.55304879,0.153466284,-0.109294102,0.999972582,0.555296063,0.153667346,-0.109303452,0.999978542,0.557773709,0.153963581,-0.109335199,0.999975801,0.549538255,0.152029574,-0.076787062,0.999961913,0.549376011,0.15128611,-0.076786175,0.999955475,0.549241245,0.150628835,-0.076783642,0.999951959,0.573729575,0.165398359,-0.143514901,0.999978006,0.56160903,0.159615874,0.000921218,0.999918759,0.551328301,0.195812613,-0.096876435,0.999938667,0.546570897,0.195049271,-0.055099823,0.999906957,0.591659188,0.272048622,-0.190261424,0.999875605,0.550517261,0.271928638,0.107611731,0.999097764,0.517146349,0.357666999,-0.161744252,0.968809128,0.497985899,0.357722759,0.011900922,0.484318674,0.527304053,0.257570088,0.009895371,0.926123738,0.516939819,0.26410979,-0.204497248,0.598241627,0.528755307,0.232040718,0.01563617,0.897865474,0.5191257,0.242414072,-0.231959775,0.525877476,0.539215624,0.22764343,0.003758718,0.897070527,0.527344704,0.241532892,-0.217359617,0.507115543,0.540282905,0.237670586,0.012550089,0.868836284,0.528710961,0.249267444,-0.206816286,0.475930184,0.562928677,0.53119576,-0.094287857,0.999862731,0.535055339,0.528295815,0.094229952,0.999753356,0.561770201,0.737424552,-0.099378988,0.992690444,0.535839438,0.702673078,0.214637086,0.850579083,0.566662431,0.933089197,-0.096126452,0.995703697,0.532872677,0.848209321,0.362496078,0.895161629,0.575598955,0.9691208,-0.101589501,0.968594253,0.539669394,0.872896492,0.373402983,0.820731282,0.51933378,0.984566927,-0.207646444,0.995485425,0.485328585,0.881677389,0.33572191,0.950563669
1,0.485260814,0.499230266,-0.178300351,0.99992466,0.49514848,0.483573645,-0.182861984,0.999962747,0.499201238,0.483938992,-0.182782128,0.999971151,0.503543556,0.484212339,-0.182822138,0.999963582,0.487935007,0.481547892,-0.161561668,0.999942124,0.486857176,0.480531603,-0.161667958,0.999952912,0.485996574,0.479474425,-0.161682278,0.999941647,0.516550839,0.492383152,-0.165131241,0.999960244,0.497483164,0.487420648,-0.074174903,0.999935269,0.493294865,0.519068301,-0.17139253,0.999942541,0.485264957,0.516478956,-0.145327017,0.999939144,0.538176835,0.586253881,-0.180227786,0.999638617,0.495953858,0.569255292,-0.013940593,0.999466181,0.49871549,0.714805663,-0.150770575,0.891592324,0.467404693,0.675850511,-0.134158224,0.480436891,0.476427019,0.599443853,-0.03355642,0.867623746,0.471549928,0.597400963,-0.322658837,0.529787004,0.471818149,0.576364696,-0.040461194,0.826604843,0.471369684,0.582376063,-0.342039168,0.477938682,0.479246795,0.568252027,-0.045056336,0.828688323,0.480222464,0.578821301,-0.330207139,0.47291261,0.48317939,0.576894403,-0.031843316,0.797228634,0.482039928,0.58499366,-0.321640313,0.445045054,0.604291379,0.75075537,-0.053142536,0.999936104,0.562091231,0.736356974,0.053141296,0.999902844,0.531484485,0.755774796,-0.285856634,0.980329275,0.491470248,0.695566833,0.004364969,0.596502662,0.562206864,0.929827571,-0.196578011,0.955205142,0.52954042,0.8345474,0.116614118,0.665361643,0.576299846,0.952344418,-0.186851457,0.876652479,0.545401037,0.852181435,0.128360718,0.608146489,0.526490033,0.969182611,-0.246636778,0.952626765,0.490602195,0.881702483,0.096814275,0.761141658
0,0.539803982,0.168976843,-0.079990074,0.99996382,0.547122002,0.151639611,-0.098922685,0.99997133,0.549318194,0.15197736,-0.098928913,0.999977052,0.551684976,0.152373582,-0.098957554,0.999974728,0.543920517,0.149627239,-0.067409739,0.999960244,0.543891311,0.148640156,-0.067399666,0.999953866,0.543858409,0.147717491,-0.06740731,0.999951243,0.567841828,0.163586527,-0.131143719,0.99997282,0.556101918,0.157803848,0.011326745,0.99991107,0.545381188,0.192674398,-0.087571234,0.999926031,0.5409711,0.191767529,-0.046987377,0.999891341,0.588359237,0.268391401,-0.180436879,0.999866009,0.543920398,0.273685545,0.116710722,0.998936951,0.517516971,0.356526852,-0.171404928,0.965274334,0.493515193,0.357553571,0.004220735,0.47814402,0.525388241,0.255324602,-0.027720416,0.925258934,0.511085629,0.26770559,-0.234766886,0.594476163,0.52796787,0.22474058,-0.027481994,0.897525132,0.514204025,0.244740874,-0.263988405,0.518631101,0.538540184,0.221174479,-0.035978563,0.89690876,0.522101521,0.242921263,-0.249748513,0.499063522,0.53885752,0.23211576,-0.0246603,0.865263462,0.523374915,0.249865949,-0.237630755,0.468179822,0.562296152,0.527050376,-0.09548445,0.999859214,0.535954833,0.527384639,0.095414296,0.999727666,0.561498344,0.739837587,-0.08343941,0.990945518,0.537803113,0.70725292,0.208289593,0.789226949,0.567657351,0.933651745,-0.059391499,0.994992554,0.532698274,0.85129714,0.34372288,0.864860833,0.576605976,0.968321979,-0.062942691,0.968531966,0.538567424,0.877098322,0.353702873,0.799036145,0.520012021,0.982676089,-0.167671993,0.994620085,0.483775318,0.883263826,0.318456113,0.938486934
1,0.480537981,0.470577359,-0.152514741,0.999928057,0.491521508,0.460042119,-0.162293389,0.999963701,0.495120376,0.461774319,-0.162227184,0.999972761,0.49907136,0.463454425,-0.162248284,0.999964237,0.486090958,0.455901384,-0.135225415,0.999936461,0.485598981,0.454696864,-0.13532415,0.999953151,0.485285759,0.453391403,-0.135317951,0.999945283,0.513223588,0.477028787,-0.165061146,0.999963701,0.498172939,0.464916825,-0.05072102,0.999938607,0.485679716,0.492908359,-0.154228121,0.999943376,0.479934633,0.487566262,-0.120643578,0.999938965,0.532596529,0.57177192,-0.19596684,0.999728322,0.489526838,0.553136587,0.005242107,0.999436378,0.490192115,0.695120335,-0.167319268,0.935939074,0.462340772,0.656128585,-0.112814829,0.49163574,0.470267355,0.587318957,-0.049041681,0.843262613,0.465669215,0.586761832,-0.310088277,0.48942706,0.466448635,0.562750876,-0.061252546,0.787253261,0.463856786,0.570823073,-0.33024767,0.428585947,0.473790079,0.556015253,-0.069230184,0.790549278,0.470851988,0.565603137,-0.320878506,0.429641962,0.477419943,0.563336313,-0.048897929,0.757890403,0.473673999,0.57150197,-0.310716838,0.405363232,0.60072732,0.741562665,-0.058949102,0.999927282,0.559426665,0.727810502,0.059060961,0.99989742,0.529515386,0.737924099,-0.289559543,0.985968649,0.490281254,0.69462359,0.011474577,0.647354364,0.560886085,0.929728508,-0.194868639,0.955296099,0.524640977,0.843004942,0.105610386,0.721565127,0.576091468,0.952046275,-0.184740782,0.887050927,0.536152601,0.855420947,0.115345217,0.683047175,0.52910465,0.966892421,-0.237993449,0.950525641,0.487461239,0.886176527,0.088752374,0.805919051
0,0.533382118,0.168016225,-0.086645842,0.999968886,0.540553212,0.149759263,-0.106713042,0.999975264,0.542496264,0.150135711,-0.106716171,0.999980032,0.544663966,0.150601327,-0.106735192,0.999977708,0.53808105,0.147578225,-0.075186126,0.999965906,0.538232625,0.146482646,-0.075184211,0.999961257,0.538348198,0.145467579,-0.075181887,0.999960244,0.559951782,0.16251412,-0.140464291,0.999974251,0.550218701,0.156041741,-0.001038381,0.999931097,0.538531065,0.191347823,-0.095470332,0.999937296,0.534418702,0.189478919,-0.055265307,0.999916017,0.582486987,0.266899019,-0.191575631,0.999877572,0.539440513,0.27633208,0.10943003,0.999046087,0.509493589,0.351055413,-0.176836058,0.968825102,0.48777923,0.354320377,0.03067546,0.481595844,0.520701468,0.248300746,-0.032293268,0.925117314,0.501800835,0.274663657,-0.163306728,0.596847832,0.523884118,0.220529169,-0.032714613,0.895568967,0.504273593,0.247002199,-0.187553495,0.52074939,0.533221066,0.212434024,-0.044442553,0.894867718,0.511653304,0.246496513,-0.175228328,0.503551006,0.532758117,0.224561602,-0.030616347,0.864630163,0.513497889,0.254343212,-0.165878743,0.471210092,0.563259959,0.531655431,-0.095198706,0.999882221,0.536930382,0.530413032,0.095132381,0.999762297,0.562552452,0.736110687,-0.063465863,0.993366718,0.536684155,0.702563047,0.212538749,0.827276409,0.568091035,0.935259759,-0.022020653,0.996094882,0.532180309,0.848610759,0.348834217,0.886975348,0.577134371,0.967410088,-0.023303136,0.973942637,0.539619267,0.877110362,0.359277785,0.813011467,0.520613194,0.983946741,-0.12148957,0.995625436,0.48406893,0.883443296,0.329448491,0.948143482
1,0.496133566,0.489421248,-0.45686096,0.999997199,0.501883328,0.474482059,-0.440108776,0.999990821,0.504881263,0.473845541,-0.440056384,0.99999249,0.507668376,0.473194033,-0.44019261,0.999987006,0.490598112,0.474161536,-0.440886736,0.999983847,0.486555904,0.473207057,-0.440997124,0.999991298,0.48360315,0.472310811,-0.440914482,0.999987125,0.512315691,0.473648161,-0.321228325,0.999994218,0.479569823,0.474555939,-0.326068372,0.999990642,0.501901209,0.503950953,-0.412046134,0.999995351,0.489739716,0.503413081,-0.413379908,0.999982953,0.539093435,0.528853893,-0.218886942,0.999977887,0.45656237,0.54263705,-0.238433957,0.998867691,0.596752703,0.528001249,-0.212667137,0.999363303,0.442041546,0.559535921,-0.312820375,0.960429788,0.621713281,0.610208869,-0.250470579,0.991908491,0.44611454,0.575611115,-0.436149687,0.885788918,0.626123786,0.630215943,-0.262341321,0.954849899,0.447809786,0.570978224,-0.460798591,0.820642352,0.61889565,0.635754704,-0.28213197,0.957107544,0.45438385,0.567786098,-0.464289278,0.793461919,0.615925789,0.631101847,-0.258944571,0.935508013,0.45683217,0.573679209,-0.439910263,0.714525878,0.528272271,0.692772269,0.000325812,0.999452353,0.478446811,0.692132235,-0.000473885,0.999468088,0.587882221,0.753956437,-0.333394498,0.993516028,0.420017481,0.744868994,-0.277835548,0.994149745,0.57457149,0.884402633,-0.119517863,0.980248451,0.430541188,0.878526926,-0.081711315,0.994646788,0.564728498,0.903506637,-0.10567683,0.928586125,0.438459486,0.899173319,-0.069000281,0.976498246,0.588375688,0.933782876,-0.216263294,0.938362837,0.409867615,0.926363707,-0.170018986,0.982902229
0,0.498964846,0.233303979,-0.191247791,0.999964416,0.50382781,0.21717298,-0.171143547,0.999904454,0.506830513,0.217289031,-0.171181619,0.999884307,0.510151207,0.217657343,-0.171243399,0.999897063,0.494066,0.217677757,-0.172726795,0.999900043,0.490495294,0.218249828,-0.172740117,0.99990809,0.48707214,0.218868241,-0.172677994,0.999899745,0.514494121,0.224109918,-0.051801424,0.99990803,0.482132584,0.225773275,-0.058726691,0.999776244,0.504461646,0.251845986,-0.147015825,0.999937892,0.492528856,0.252329856,-0.149196133,0.999858081,0.541065037,0.300426722,0.01981714,0.999953806,0.461033255,0.310417503,-0.028149208,0.998768866,0.598934114,0.31832546,0.025559992,0.996412873,0.453041643,0.342407048,-0.214958593,0.972064316,0.628098965,0.397532046,-0.048313551,0.991227686,0.454642355,0.308554351,-0.482224405,0.972067475,0.636921763,0.426226765,-0.067167453,0.96837008,0.455163419,0.289400846,-0.537582517,0.940800548,0.629310608,0.430695176,-0.091554999,0.972273588,0.459666163,0.281747073,-0.537869036,0.94045049,0.62464118,0.424520522,-0.060038097,0.964144707,0.462144226,0.287949204,-0.490598768,0.921111763,0.534391046,0.544906795,0.0029025,0.999787271,0.484822512,0.547930181,-0.002900763,0.999652922,0.55962503,0.714382231,-0.021217585,0.997825563,0.457787126,0.717770696,-0.036945395,0.997828782,0.578722835,0.875509024,0.126373082,0.995470941,0.430180699,0.872758985,0.098734729,0.997241616,0.574012995,0.894965351,0.13304469,0.901540697,0.434870064,0.894377053,0.105357744,0.93580693,0.584974349,0.933137357,0.007296695,0.987891257,0.413130194,0.926411033,-0.013297835,0.992598653
1,0.503879309,0.483976394,-0.454366595,0.999994099,0.509077847,0.465112507,-0.436629534,0.999981046,0.512216032,0.464615166,-0.436603397,0.999983013,0.515141606,0.464068383,-0.436742634,0.999976575,0.497033536,0.465527356,-0.437542111,0.999969482,0.493252337,0.465588421,-0.437638998,0.999979377,0.490736187,0.465753287,-0.437559664,0.999972582,0.519831538,0.467767715,-0.314438879,0.999989331,0.4869712,0.470345855,-0.31875664,0.999975979,0.509775162,0.49846229,-0.408562571,0.999989867,0.497055769,0.5005036,-0.409682572,0.999964237,0.5447312,0.515137851,-0.211194366,0.999975741,0.466335714,0.54066509,-0.236988142,0.997892797,0.600311875,0.50657779,-0.232194752,0.999292076,0.453240484,0.559856415,-0.339449227,0.958772838,0.6302827,0.591876149,-0.324255258,0.993990302,0.452367932,0.576285899,-0.515253305,0.911244631,0.636677504,0.612938464,-0.346581459,0.970360696,0.45502615,0.572494626,-0.550418079,0.863216043,0.629031658,0.61904341,-0.36541912,0.972677231,0.460036844,0.559356034,-0.5538553,0.841400504,0.625552058,0.614536226,-0.334379226,0.957016289,0.461337715,0.564449847,-0.520843148,0.760042727,0.530230343,0.69090569,0.000658535,0.999548495,0.481293291,0.686557233,-0.000859191,0.999442101,0.585700274,0.754440367,-0.336882532,0.992649019,0.41986385,0.746914506,-0.269929647,0.995459557,0.575065076,0.883010924,-0.106775448,0.979955196,0.428881645,0.876010895,-0.06295839,0.994975746,0.565524042,0.902087092,-0.091984384,0.931633949,0.437746108,0.89517796,-0.050034475,0.971699238,0.589854956,0.934391439,-0.207725853,0.945590734,0.409142345,0.925390542,-0.153649494,0.982074559
0,0.499522388,0.243665695,-0.182377458,0.999982715,0.505022526,0.226850599,-0.166105494,0.999956369,0.508816361,0.226541623,-0.166131362,0.999948442,0.511964262,0.226368561,-0.166191131,0.999953806,0.494546115,0.226716608,-0.16567114,0.999954522,0.491384357,0.226367801,-0.165683046,0.999954045,0.488227278,0.226168871,-0.165617049,0.999946654,0.516954422,0.230918244,-0.056273747,0.999964952,0.485765547,0.231719404,-0.054540299,0.999900401,0.506376505,0.260488153,-0.140595436,0.999969959,0.493887126,0.260236084,-0.140294582,0.999931693,0.546274483,0.307583183,0.019008515,0.999967098,0.464447588,0.3087686,-0.024935659,0.999408066,0.599382341,0.332890034,0.035713691,0.996205807,0.452128112,0.333228588,-0.204396576,0.954598606,0.627389908,0.400111884,-0.008403419,0.991503,0.45325917,0.338443279,-0.469632238,0.948189914,0.631699383,0.431355923,-0.020937849,0.97003001,0.456422478,0.329089135,-0.52184087,0.903226018,0.623904347,0.432683527,-0.047435321,0.973565578,0.461966574,0.320998818,-0.52404964,0.905045986,0.620314002,0.42541945,-0.019507315,0.965996742,0.463779122,0.325740188,-0.478626728,0.885839462,0.529851437,0.543392062,0.002345439,0.999821365,0.480677783,0.543408394,-0.002328542,0.999746382,0.553422809,0.713563979,-0.014630984,0.998016596,0.45909518,0.715373039,-0.013935251,0.997938812,0.577611923,0.878234208,0.094618089,0.995926142,0.431269646,0.872778594,0.092195801,0.997896194,0.57203567,0.900642335,0.096846044,0.922224402,0.435826957,0.89367348,0.095863037,0.944567382,0.588111162,0.93503809,-0.027705163,0.990163326,0.411352217,0.92645365,-0.021081371,0.994337082
1,0.495851606,0.484042019,-0.43201679,0.999993443,0.501009166,0.466213197,-0.417500913,0.999975562,0.504686415,0.465407014,-0.417458862,0.999979615,0.507587373,0.464737326,-0.417598188,0.999966025,0.489472717,0.466929018,-0.417589128,0.999962509,0.486228466,0.466707408,-0.417696893,0.999977529,0.483439982,0.466526568,-0.417628378,0.999968171,0.512784898,0.465501875,-0.301454544,0.999986112,0.48095426,0.468036622,-0.301899195,0.999978721,0.502569735,0.497869998,-0.386977613,0.999987423,0.490218639,0.500510573,-0.387076676,0.99996227,0.540888846,0.508423507,-0.191665307,0.99997139,0.461707741,0.536890447,-0.217400283,0.998819947,0.596072197,0.498162001,-0.180981234,0.999115288,0.448154449,0.558021903,-0.297998548,0.971087575,0.627618432,0.582938015,-0.232696936,0.991104424,0.447021186,0.57747364,-0.445477664,0.929575503,0.634128332,0.606592953,-0.245617345,0.958522439,0.447960377,0.571991801,-0.473609686,0.884786963,0.624887824,0.610908151,-0.265296936,0.961141407,0.454188198,0.566041112,-0.47879523,0.868740022,0.621156812,0.605755687,-0.24173601,0.940438092,0.455661386,0.570899427,-0.450705349,0.800441206,0.529982388,0.68822068,0.000431893,0.999499083,0.480983555,0.684824109,-0.000612074,0.999444366,0.586197972,0.754655957,-0.312487066,0.992280126,0.420888335,0.749820292,-0.251768231,0.99537313,0.575006187,0.883684516,-0.096360683,0.978379786,0.43006438,0.875896394,-0.053166389,0.994897783,0.565457225,0.901881099,-0.08230859,0.931780219,0.438568443,0.895889938,-0.040431913,0.975523174,0.589959741,0.93459326,-0.188403338,0.945530593,0.409801304,0.925700903,-0.135323584,0.982231915
0,0.498234451,0.251718998,-0.185435206,0.999991596,0.504442573,0.233749643,-0.170410037,0.99997437,0.507749677,0.233400136,-0.170428172,0.999970257,0.510232568,0.233140498,-0.17046459,0.999971986,0.493611097,0.232750982,-0.16966562,0.999973834,0.490392208,0.231666267,-0.169675291,0.999973953,0.487260818,0.230961308,-0.169619262,0.999969244,0.516064525,0.237185493,-0.060856909,0.999977708,0.483836949,0.235731035,-0.058263909,0.99993962,0.504636526,0.268066943,-0.143319979,0.999983072,0.492545456,0.266901582,-0.142809719,0.999959767,0.54496789,0.305615425,0.009890882,0.999978602,0.461462885,0.31163612,-0.021282459,0.999597609,0.598128378,0.326101094,0.023803782,0.997045755,0.452212006,0.334503233,-0.193272263,0.93364799,0.626210451,0.381180704,-0.036013063,0.994903505,0.452928871,0.352408737,-0.470673621,0.930296421,0.630989015,0.412605554,-0.051791091,0.981650591,0.451952308,0.351868778,-0.522288144,0.884126663,0.621536374,0.413522422,-0.077662297,0.983804762,0.460258335,0.346348375,-0.529689014,0.887364507,0.618000865,0.405895829,-0.047201548,0.97879082,0.464258194,0.349285513,-0.481933415,0.872604787,0.531905293,0.54759264,0.00122196,0.999817491,0.482646376,0.548291802,-0.001268945,0.99972719,0.555013418,0.714630485,-0.002779298,0.998462558,0.459836483,0.72187525,-0.018628649,0.998073339,0.576728463,0.877751052,0.122324839,0.996801317,0.430956125,0.872260213,0.099727497,0.998013437,0.571005702,0.899346054,0.126628086,0.925339341,0.435256332,0.89230448,0.10444726,0.94505322,0.586856246,0.934124827,0.004114116,0.992932022,0.41314131,0.928627789,-0.010973747,0.995365679
1,0.502864003,0.497975767,-0.474193722,0.999998212,0.508542478,0.478780717,-0.458715439,0.999992251,0.51167208,0.477970093,-0.458667904,0.999993026,0.514857173,0.477385402,-0.458821684,0.999987006,0.4968144,0.479511529,-0.460756928,0.99998951,0.493090063,0.478858858,-0.460879177,0.999994159,0.490268528,0.478333324,-0.460790634,0.999992311,0.520397305,0.480283827,-0.337924242,0.999993265,0.486887306,0.479569852,-0.345803559,0.99999541,0.509176552,0.511996567,-0.427352995,0.999995708,0.496804386,0.51348114,-0.430225521,0.999990702,0.545700729,0.52508539,-0.214695051,0.999980748,0.464118659,0.550390482,-0.249118283,0.999604344,0.601555705,0.514690936,-0.160553619,0.999074638,0.453012168,0.57613045,-0.269337773,0.977677882,0.630601108,0.600484192,-0.169772178,0.989815772,0.455866724,0.61033392,-0.348261416,0.936609447,0.637328327,0.624462545,-0.176257357,0.95541501,0.457842171,0.624336958,-0.3665694,0.895115316,0.628509521,0.62821281,-0.198731184,0.957669318,0.463167608,0.613384247,-0.376739681,0.882091403,0.624573231,0.622288167,-0.178508013,0.93469578,0.464860022,0.612294078,-0.352824777,0.827136695,0.531159282,0.697907031,0.000572226,0.999507666,0.481928349,0.693829834,-0.000708935,0.999475956,0.585237384,0.757545233,-0.342089802,0.991934896,0.422765553,0.753157318,-0.280131102,0.99421072,0.574537396,0.88014257,-0.104822502,0.978513002,0.43031159,0.875205815,-0.065401748,0.994968772,0.565299451,0.896567523,-0.08860635,0.933682561,0.438261986,0.895340919,-0.050886352,0.979171038,0.587487221,0.933256269,-0.196049303,0.940528929,0.410300404,0.925622046,-0.150256723,0.980764329
0,0.501250863,0.247011736,-0.19631356,0.999989867,0.506984711,0.229727611,-0.182138786,0.99996984,0.510614455,0.229720429,-0.182166561,0.999967337,0.513523102,0.230104551,-0.182205096,0.999969125,0.496462911,0.228684381,-0.181594387,0.99996835,0.493385017,0.22796765,-0.181608722,0.999968231,0.49019894,0.227574989,-0.181536108,0.999963462,0.518301129,0.236344606,-0.080351129,0.999970138,0.487407357,0.233099237,-0.077980004,0.99992913,0.507470489,0.26446268,-0.157202482,0.999982536,0.495298237,0.262780011,-0.156818822,0.999959886,0.546716571,0.310513109,-0.016483711,0.999976575,0.462940603,0.315358847,-0.01679467,0.99951458,0.601235211,0.335293561,-0.000841963,0.997624874,0.453726858,0.354738176,-0.043947373,0.916342437,0.625661731,0.385871619,-0.066740736,0.995450139,0.453894377,0.374831051,-0.168900385,0.919526279,0.628914833,0.417636037,-0.082285546,0.984628618,0.453547299,0.375493288,-0.194698408,0.87558943,0.619696558,0.416923434,-0.110295296,0.986361742,0.461152494,0.370446324,-0.209154367,0.881309092,0.615935206,0.408816755,-0.078687556,0.981767893,0.464045942,0.371822089,-0.178344399,0.870390713,0.532756209,0.551587999,-0.003603754,0.999802351,0.4842619,0.55209589,0.003611653,0.999732316,0.554554999,0.714420974,-0.005382594,0.998542309,0.461424887,0.723657131,0.006407051,0.998118997,0.576717257,0.878961027,0.110517189,0.996949673,0.431661308,0.871551573,0.13378121,0.997974277,0.57122618,0.901026011,0.11418438,0.919915855,0.435900539,0.890925169,0.139310986,0.946401894,0.588270128,0.936748326,-0.00686696,0.993149757,0.412561983,0.929634869,0.029502701,0.995271683
1,0.447442681,0.432999372,-0.184160545,0.999995589,0.452881277,0.420653194,-0.188768163,0.999994636,0.455238491,0.420768708,-0.18874906,0.999995232,0.457997173,0.420922935,-0.188812226,0.999995887,0.449744999,0.420484722,-0.163406909,0.999985695,0.449606031,0.420457244,-0.163461655,0.999987364,0.449536502,0.42026633,-0.163336009,0.999985814,0.472731501,0.431536019,-0.190552413,0.999996364,0.459266752,0.427888334,-0.075774632,0.999985158,0.453324944,0.449853808,-0.186229467,0.999997497,0.448329061,0.449873805,-0.152722344,0.999989152,0.501931846,0.504630983,-0.239932269,0.999998093,0.457121849,0.518848717,-0.009280095,0.999891043,0.557963014,0.511843085,-0.347913653,0.997886419,0.38650009,0.510348022,-0.012110416,0.99303782,0.573322296,0.618950665,-0.458363116,0.99057126,0.317627996,0.489482462,-0.044753648,0.989282489,0.585552216,0.6453529,-0.502270341,0.974204481,0.294530094,0.485132188,-0.047569208,0.958562791,0.575669765,0.650297701,-0.49911952,0.973384976,0.294487625,0.479131192,-0.06866549,0.960191846,0.570459425,0.6438604,-0.460302025,0.956709445,0.305409342,0.479453415,-0.058110785,0.962527931,0.583194852,0.681420922,-0.085713759,0.999988794,0.544953227,0.664160788,0.085866474,0.999961019,0.521259487,0.746736646,-0.323189855,0.996638119,0.472436488,0.709543049,0.040523328,0.89542228,0.558935523,0.916541696,-0.271486163,0.99163723,0.507604599,0.853522897,0.13929686,0.852938771,0.572908521,0.944588661,-0.267472148,0.976871133,0.517142057,0.872811019,0.145650148,0.858255923,0.52654767,0.962009788,-0.351935923,0.987309158,0.46843642,0.897662938,0.109725788,0.907033801
0,0.487009674,0.170741886,-0.087539159,0.99972111,0.495468944,0.154708177,-0.092769273,0.9996351,0.498191833,0.154597491,-0.092820361,0.999710202,0.501229465,0.154661089,-0.092860177,0.999740601,0.491453975,0.154670432,-0.069228448,0.999322236,0.491252512,0.15444614,-0.069193564,0.999193132,0.491012037,0.154357374,-0.069141693,0.999062002,0.517493248,0.166341096,-0.085772879,0.999747217,0.501984596,0.165084153,0.022095842,0.998368979,0.492949098,0.18952401,-0.084529147,0.999766588,0.487637043,0.188371241,-0.052957423,0.999023378,0.552355826,0.244061634,-0.156969935,0.999983191,0.485907555,0.270212889,0.126968756,0.997646928,0.586875081,0.26813677,-0.336512685,0.997997999,0.415847957,0.270717263,0.192454487,0.979758441,0.566422045,0.374133945,-0.522862554,0.992945015,0.35174042,0.229400173,0.15478915,0.989448369,0.565726876,0.410159349,-0.565544188,0.982998371,0.331114739,0.215842396,0.150890052,0.969039381,0.553165972,0.403079003,-0.57204479,0.983561099,0.333626211,0.208786711,0.127640635,0.97178185,0.55117631,0.395400822,-0.527897596,0.976214886,0.341953844,0.215317532,0.140443921,0.97032696,0.541710019,0.518158019,-0.100390509,0.999868989,0.506251693,0.520791471,0.100264467,0.999401987,0.541920364,0.713514209,-0.151433259,0.991767049,0.51034987,0.703522861,0.182840854,0.861206114,0.56659466,0.917841792,-0.180520281,0.995330989,0.512726724,0.862089694,0.284832776,0.920872033,0.578405857,0.954659343,-0.18882525,0.974600077,0.519394755,0.887135565,0.288978964,0.86727953,0.528422713,0.971774101,-0.305930078,0.993247509,0.467544854,0.899280787,0.231045529,0.958548963
1,0.453963608,0.424953461,-0.216615409,0.99999547,0.460314333,0.412159294,-0.216346905,0.999994576,0.462812334,0.411933094,-0.216318533,0.99999541,0.465761006,0.411728829,-0.216370627,0.999996483,0.457441896,0.412019312,-0.194845095,0.999984622,0.45752722,0.41185075,-0.194907114,0.999985576,0.457658947,0.411545068,-0.194781736,0.999982834,0.481485456,0.419854105,-0.199489206,0.99999702,0.469759792,0.418616652,-0.099527985,0.999976754,0.460883319,0.439156055,-0.212254047,0.999998152,0.456804097,0.440516651,-0.182989523,0.999987602,0.51990819,0.478645504,-0.255577862,0.999998569,0.463885009,0.523055971,-0.039414037,0.999837041,0.567280412,0.471864998,-0.430595875,0.999107301,0.394394219,0.517949104,-0.057882287,0.996744394,0.570135117,0.593326986,-0.601236463,0.995572925,0.323359311,0.500346303,-0.107974946,0.993022323,0.578017533,0.628884196,-0.652366579,0.988708913,0.296788514,0.493202001,-0.11860659,0.972508848,0.566662669,0.629652143,-0.648491025,0.988331676,0.29798156,0.48681742,-0.14218919,0.974305689,0.562830269,0.621325314,-0.60371536,0.977859199,0.310079217,0.487326175,-0.123323575,0.972594202,0.585187554,0.672924876,-0.085867949,0.999993324,0.548746586,0.670718074,0.085845307,0.999971449,0.520618021,0.735943615,-0.362903178,0.997360766,0.472348124,0.711365581,-0.001537537,0.959218621,0.557548642,0.914881229,-0.325438887,0.99546653,0.507024586,0.857361615,0.079968169,0.939676106,0.570385754,0.94297272,-0.323069006,0.985551834,0.517131627,0.881058514,0.084667847,0.925250113,0.523216069,0.962663889,-0.419769824,0.993243992,0.467332035,0.894447982,0.038231738,0.963292241
0,0.496776044,0.178679168,-0.054071523,0.999774575,0.503481984,0.16248855,-0.0627985,0.999759972,0.505997062,0.161802605,-0.06285198,0.999806285,0.508505583,0.161118418,-0.062890746,0.999835849,0.50028795,0.163193211,-0.038117323,0.999523401,0.500368834,0.163021266,-0.038081083,0.999400616,0.50054729,0.162872687,-0.038040623,0.999330103,0.524681807,0.168900147,-0.064731114,0.999827683,0.511389375,0.170511007,0.048978079,0.998905718,0.503497839,0.194761962,-0.053926278,0.999791682,0.499031693,0.194589674,-0.020410437,0.999092519,0.563058376,0.246886417,-0.127063304,0.999981344,0.494766325,0.27564764,0.145028204,0.99798286,0.591668606,0.280370682,-0.312277764,0.996000171,0.437206179,0.294049293,0.216354132,0.96976006,0.561283767,0.36139828,-0.514990687,0.992689669,0.369159758,0.263676018,0.177844226,0.988520443,0.562844157,0.403775066,-0.558689177,0.985088766,0.346582115,0.255234003,0.174610972,0.970402956,0.549135268,0.39625138,-0.564605415,0.985138059,0.347488284,0.248689339,0.147172391,0.973566592,0.547436714,0.387120813,-0.520467877,0.977312624,0.355298936,0.254092097,0.161979333,0.971882761,0.543594718,0.515933454,-0.097364075,0.999777079,0.508360744,0.515262723,0.097264364,0.999010742,0.550367534,0.711057305,-0.147776216,0.992223859,0.516063273,0.700160444,0.173269242,0.862799525,0.570350766,0.919225931,-0.181719661,0.994450927,0.51553756,0.865324974,0.250796258,0.911242843,0.580024779,0.955914617,-0.190518856,0.966058314,0.52032578,0.894119263,0.253379315,0.841012239,0.530858934,0.973086655,-0.307744503,0.991238415,0.470325768,0.900540233,0.19060035,0.951663196
1,0.452947766,0.414695144,-0.265363216,0.999989927,0.457986355,0.401123047,-0.260261089,0.999988377,0.460641921,0.400063545,-0.260253966,0.999988616,0.463731587,0.398967564,-0.260338724,0.999991477,0.453862011,0.403784484,-0.241391227,0.999971032,0.453388125,0.404565275,-0.241447479,0.999970496,0.453001887,0.405116946,-0.241325945,0.999967515,0.478336573,0.406533092,-0.216453105,0.999991775,0.46337986,0.412651181,-0.127914891,0.999950528,0.461535305,0.425931334,-0.250346214,0.999996066,0.455480337,0.43114081,-0.224448949,0.999977767,0.519242167,0.459967047,-0.271122366,0.999996901,0.463146865,0.505496442,-0.040800143,0.999768078,0.559869647,0.455259323,-0.46271649,0.997946501,0.393791646,0.50550276,-0.053411771,0.995515645,0.546387851,0.568491638,-0.656567216,0.991987646,0.326285124,0.487243623,-0.112995818,0.992113948,0.556112647,0.605003417,-0.715430379,0.982786953,0.30116874,0.482057154,-0.130185276,0.975397825,0.546267629,0.608102024,-0.711587131,0.982040107,0.30138725,0.477090448,-0.158927783,0.976787448,0.54203862,0.599623024,-0.660242319,0.96747607,0.312737197,0.477782011,-0.131544769,0.975155115,0.588422,0.665213466,-0.088505514,0.999989986,0.547650754,0.658435166,0.088489182,0.999951005,0.522651553,0.743807137,-0.401883185,0.994770169,0.465782166,0.707019985,-0.057066638,0.939804852,0.558463275,0.914933503,-0.336314291,0.99103421,0.507378697,0.858630538,0.027874583,0.908310771,0.571390092,0.943434,-0.332863182,0.975251377,0.51816535,0.881092012,0.031959973,0.882199764,0.525515914,0.964478135,-0.443144411,0.987053514,0.465346485,0.896634161,-0.03165349,0.9414891
0,0.483855426,0.195926473,-0.075006709,0.999575377,0.490991175,0.178669229,-0.081542812,0.999550939,0.493610919,0.177517191,-0.081612065,0.999651432,0.49658674,0.17636697,-0.081618719,0.999689877,0.487140507,0.180185333,-0.058397841,0.99908644,0.487183481,0.180042654,-0.058371596,0.998749793,0.487379164,0.179905981,-0.05837087,0.998514593,0.512662292,0.180389062,-0.070736423,0.999637961,0.499501884,0.184157133,0.038838442,0.997585833,0.493593305,0.211641163,-0.068383738,0.999379456,0.488321841,0.213008389,-0.03668119,0.997628272,0.553615808,0.246888503,-0.136890501,0.999976873,0.490106016,0.287603438,0.145229846,0.997618616,0.556182146,0.276545793,-0.327254474,0.987149179,0.434723377,0.328336179,0.19727546,0.927300751,0.524920344,0.35790506,-0.51980561,0.989181757,0.35967797,0.315697879,0.137720793,0.977739692,0.526674867,0.39897567,-0.563270688,0.983425379,0.3362872,0.309946984,0.133019686,0.956561863,0.513939738,0.394912124,-0.570181727,0.982761085,0.335053593,0.304489881,0.102309778,0.961817622,0.511027873,0.385749787,-0.525019109,0.97186482,0.342990726,0.308418155,0.120369218,0.959314167,0.555935264,0.523648262,-0.099503346,0.999474108,0.512575269,0.523488343,0.099403344,0.997774243,0.540282845,0.71134609,-0.153247193,0.992453635,0.50126946,0.70039773,0.134016976,0.89717555,0.567751765,0.917957485,-0.185294241,0.994937539,0.515027881,0.865850747,0.203807205,0.93825388,0.578265369,0.953376412,-0.194671631,0.970258176,0.522949815,0.89294368,0.204967052,0.877067685,0.52882272,0.972253919,-0.317384064,0.992510676,0.467659414,0.895040452,0.145467818,0.96248287
1,0.443185389,0.439108282,-0.189176798,0.999991179,0.449013472,0.42298314,-0.189574569,0.99999088,0.451573461,0.422238231,-0.189568132,0.999990821,0.454465628,0.421385646,-0.189633533,0.999993205,0.445183665,0.424397737,-0.167265907,0.999977469,0.444934785,0.424659222,-0.167309791,0.999975204,0.444798768,0.424672782,-0.167196482,0.99997288,0.46952635,0.426754028,-0.1747493,0.999992728,0.456687152,0.42993328,-0.071206398,0.999960899,0.450473011,0.454422712,-0.185341328,0.999996364,0.445714623,0.456574202,-0.155260161,0.999980092,0.51159966,0.486859739,-0.235513881,0.999996543,0.45645681,0.53078723,-0.003867447,0.999734044,0.552669942,0.477372199,-0.417144388,0.996726155,0.389456481,0.54353869,-0.004031848,0.993623078,0.54001534,0.596030056,-0.590474427,0.990463793,0.319439501,0.544801772,-0.039345551,0.989117622,0.548057973,0.630368233,-0.642307937,0.981407106,0.295792878,0.537787616,-0.045489825,0.966994941,0.53776896,0.633830726,-0.635109186,0.980918765,0.295850933,0.527885377,-0.069870323,0.969245493,0.533877432,0.62729758,-0.591936886,0.964905918,0.304650992,0.528003633,-0.054099821,0.967606783,0.586441517,0.682623565,-0.088409245,0.999993682,0.546233535,0.674177945,0.088411622,0.999962449,0.513042867,0.750931859,-0.331135422,0.994798899,0.470604837,0.712572217,0.017377241,0.886069596,0.558861077,0.914341748,-0.235738948,0.990240812,0.505729914,0.85119313,0.124589756,0.866522312,0.572723091,0.941095829,-0.226630807,0.97585237,0.514855504,0.871008635,0.133319274,0.838285089,0.526389062,0.971365273,-0.301763266,0.985749424,0.46716103,0.896439433,0.092412397,0.914195538
1,0.487803131,0.464287788,-0.479281604,0.999999583,0.493796885,0.443543702,-0.467659622,0.999999106,0.497995943,0.441799074,-0.4676283,0.999999285,0.501616836,0.439930677,-0.467783928,0.999998569,0.482866913,0.44568783,-0.464773476,0.999998748,0.480060875,0.445195258,-0.464843452,0.999998868,0.477167428,0.444548726,-0.464819282,0.999997854,0.507140994,0.434226364,-0.35480088,0.999999583,0.47517699,0.44172135,-0.341060072,0.999999583,0.496499479,0.475713611,-0.433550119,0.999999583,0.482571989,0.47898069,-0.429881573,0.999999583,0.539063931,0.503392518,-0.251602769,0.999988496,0.451508522,0.503720641,-0.262034446,0.999970138,0.597144842,0.544063091,-0.434385926,0.999531269,0.435151726,0.558559358,-0.437410682,0.975993156,0.600512624,0.444621056,-0.653904021,0.998201132,0.43818894,0.57998091,-0.685950637,0.924972534,0.600359917,0.413284719,-0.700875163,0.992864072,0.43518129,0.578681409,-0.733787179,0.863902867,0.594166398,0.406597257,-0.686167359,0.99148798,0.442361176,0.572219789,-0.726585984,0.837162137,0.591845155,0.418592274,-0.65346396,0.980237305,0.445823818,0.571533084,-0.689592481,0.745576262,0.51718986,0.668213427,0.002591162,0.999905705,0.465075195,0.666315138,-0.002605626,0.999934316,0.582963288,0.718517542,-0.316024601,0.997454286,0.404296488,0.72347647,-0.316568941,0.997899175,0.565443754,0.852181673,-0.07808172,0.988953531,0.412429035,0.850475669,-0.059630442,0.996451974,0.554977596,0.875442922,-0.062569641,0.966219664,0.420817465,0.872062325,-0.04085996,0.979212224,0.579926789,0.910900176,-0.179355294,0.967392266,0.393011719,0.905644119,-0.150530905,0.983822346
0,0.494357407,0.225788161,-0.318498939,0.999997675,0.500261843,0.207580909,-0.308884442,0.999996245,0.503734469,0.20674637,-0.308901459,0.99999702,0.506697893,0.205758497,-0.308993876,0.999996483,0.49030295,0.207565263,-0.307157665,0.999995172,0.487312704,0.206979543,-0.30716455,0.99999404,0.484294027,0.206533879,-0.307118177,0.999991715,0.512529731,0.206959963,-0.202742964,0.99999696,0.480909735,0.209916264,-0.195192024,0.999997675,0.501244366,0.242152557,-0.275161862,0.999997437,0.488206387,0.242387354,-0.273357242,0.99999702,0.541612744,0.28346923,-0.118267119,0.999988794,0.455673456,0.281314284,-0.088381916,0.999913335,0.604370415,0.305399001,-0.25561434,0.999348879,0.448218197,0.325550348,0.069510363,0.851632357,0.606200874,0.198024139,-0.464148343,0.996883154,0.45056802,0.360412091,0.174162477,0.632623792,0.602807462,0.162065297,-0.506700337,0.985121071,0.45298034,0.373379946,0.18410328,0.505223215,0.598098218,0.156419918,-0.504884183,0.984567046,0.457489401,0.373668641,0.165866286,0.512620687,0.596755326,0.167268589,-0.469800174,0.976137996,0.452401072,0.368637204,0.170390755,0.50142324,0.522735059,0.518904924,-0.007788239,0.999896884,0.469804525,0.516704798,0.007953769,0.99988842,0.54784584,0.694734037,0.036771007,0.998083413,0.444491923,0.693698883,-0.008422403,0.999004841,0.566087484,0.853858531,0.196153969,0.997106552,0.412549108,0.850260735,0.123111807,0.998391807,0.56051743,0.877969801,0.206302211,0.965019464,0.416625321,0.873885751,0.128527343,0.960269213,0.577624738,0.909427464,0.085032001,0.99274832,0.395948976,0.907062709,0.000901708,0.993794084
1,0.485305697,0.466906399,-0.490308106,0.999999583,0.491678625,0.447627753,-0.479884237,0.999998569,0.495883942,0.44593212,-0.479854047,0.999998868,0.49939388,0.444091886,-0.480002493,0.999997318,0.480480194,0.448995501,-0.476763487,0.999998212,0.477606714,0.448084891,-0.476843059,0.999998569,0.474679768,0.44697383,-0.476825178,0.99999696,0.504819095,0.438133568,-0.37211138,0.999999106,0.472430646,0.442179799,-0.357347101,0.999999642,0.493956655,0.478233427,-0.446352005,0.999999642,0.480334222,0.481313616,-0.442391574,0.999999702,0.537921011,0.507897139,-0.2656084,0.999987423,0.446739852,0.508435488,-0.268890321,0.999984145,0.593292415,0.557770848,-0.438429296,0.99915123,0.432487071,0.590471804,-0.427903503,0.979813099,0.597995639,0.463451087,-0.657646418,0.996244371,0.434357315,0.610214114,-0.665913105,0.922569215,0.599423468,0.42809093,-0.703655601,0.988244593,0.431078732,0.611089647,-0.71082449,0.865072012,0.593593299,0.421090662,-0.689738929,0.985789239,0.436295927,0.603343129,-0.705653906,0.837462783,0.589640141,0.433155358,-0.657135785,0.965753198,0.439244419,0.601655185,-0.669330359,0.740114689,0.515776753,0.666629434,0.001812944,0.999877512,0.464376062,0.668003976,-0.00182752,0.999915183,0.580785155,0.719040155,-0.331075191,0.995812535,0.40305391,0.724445939,-0.314998329,0.997004509,0.564557552,0.8525123,-0.080324225,0.987908602,0.412962288,0.852879167,-0.058778517,0.997060657,0.55468905,0.874516904,-0.062946439,0.960626185,0.42182669,0.874985337,-0.041046638,0.984327376,0.578867316,0.910218298,-0.185887396,0.962040424,0.391864568,0.905112624,-0.156632215,0.985500097
0,0.489483774,0.224032447,-0.288764,0.999997616,0.495492995,0.205660284,-0.27756986,0.99999547,0.499155998,0.205107048,-0.277593732,0.999996305,0.502055466,0.204483643,-0.277662158,0.999995351,0.484778732,0.205742925,-0.275646836,0.999994576,0.481494904,0.205401957,-0.275656819,0.999993801,0.478318989,0.205237329,-0.27560854,0.999991536,0.507749259,0.206542209,-0.172417417,0.999995887,0.47533375,0.209519401,-0.16299656,0.999997854,0.497283131,0.240989581,-0.246780917,0.999997199,0.483213603,0.240879118,-0.244334668,0.999996841,0.537060738,0.283275187,-0.093531266,0.999990404,0.451016247,0.281512618,-0.062993571,0.99995029,0.597211242,0.312285691,-0.233169705,0.999446332,0.439542949,0.327039033,0.075437047,0.939218104,0.599913418,0.209912866,-0.4506163,0.997742951,0.438802183,0.366449177,0.138962299,0.865560174,0.59767741,0.1759969,-0.494564772,0.989041984,0.43713361,0.369902551,0.137081102,0.753088057,0.59296298,0.169405147,-0.495039046,0.988937199,0.444192499,0.369168848,0.116173647,0.760421872,0.59120667,0.181009948,-0.457721889,0.982694685,0.446096808,0.366507947,0.131186038,0.74211961,0.521549523,0.516464591,-0.008811,0.999891102,0.467986405,0.515564382,0.008947746,0.999882698,0.54652071,0.692253768,0.017241476,0.997569084,0.441745996,0.689238966,0.005774057,0.998733222,0.564109802,0.858640373,0.138463825,0.996646285,0.413139492,0.848720014,0.136799246,0.99799186,0.557182908,0.885281026,0.144248232,0.962030351,0.417694986,0.870819271,0.142170444,0.958953142,0.574657619,0.912267387,0.018072365,0.991888702,0.395349652,0.903853416,0.018126477,0.99279362
1,0.486780882,0.48888436,-0.577848315,0.999999523,0.493468225,0.468978405,-0.564141273,0.999998868,0.497296154,0.46753639,-0.564153612,0.999999106,0.500494301,0.466115564,-0.564340591,0.999997437,0.481630236,0.469928414,-0.564757407,0.999998271,0.478336096,0.468964845,-0.564844549,0.999998808,0.475484848,0.467708379,-0.564827621,0.999997199,0.505850136,0.459283561,-0.431968063,0.999999344,0.472485393,0.460430026,-0.433788776,0.999999583,0.49511075,0.500384629,-0.523819447,0.999999583,0.480984151,0.502521515,-0.524921656,0.999999583,0.536655724,0.521693289,-0.306249201,0.999990523,0.444109827,0.524320662,-0.324676156,0.999982297,0.593366444,0.572764099,-0.496850908,0.999333143,0.438117504,0.612652659,-0.460931927,0.954328716,0.597858191,0.477769464,-0.735791683,0.996263564,0.44731015,0.639555216,-0.663673341,0.827025473,0.599331915,0.438828111,-0.786074996,0.988806725,0.447236001,0.645131409,-0.704959095,0.774001122,0.593723118,0.431805283,-0.774053633,0.985934675,0.449348599,0.634194195,-0.702084422,0.727830648,0.59035629,0.444374412,-0.737085342,0.964962304,0.45123896,0.632627308,-0.666132331,0.599887431,0.51494658,0.677724481,0.000780115,0.9999125,0.4638156,0.681264937,-0.000694818,0.999940455,0.581917048,0.718096256,-0.33577615,0.99617064,0.40099901,0.715210497,-0.350599676,0.996850193,0.564920783,0.85312748,-0.083996221,0.989136219,0.411860466,0.850767612,-0.077457175,0.997232258,0.554360032,0.876067042,-0.068149231,0.967325389,0.421089888,0.87118727,-0.058520406,0.985372484,0.578514993,0.911560118,-0.204290703,0.966314495,0.392334878,0.90540278,-0.185367495,0.986444294
0,0.488100916,0.225344047,-0.26163438,0.999999225,0.493776143,0.206870586,-0.249962285,0.999998868,0.49758625,0.206010014,-0.24996236,0.999998748,0.501040101,0.204942539,-0.250031024,0.999998689,0.483672947,0.206807092,-0.247637346,0.999998689,0.48040089,0.206148103,-0.247636944,0.999998391,0.477469265,0.205856591,-0.247581556,0.999997973,0.506457269,0.204617947,-0.141778335,0.999999225,0.474513441,0.208245739,-0.131573737,0.999998629,0.495770782,0.241271839,-0.218464047,0.999999225,0.482342184,0.241773993,-0.21592693,0.999998987,0.536674559,0.283253968,-0.075207934,0.99998349,0.450673491,0.277259976,-0.075983331,0.999935031,0.598763645,0.3063052,-0.230383918,0.999354959,0.438498676,0.320299,-0.23856914,0.927811265,0.598608792,0.200464949,-0.406348079,0.99663353,0.437538534,0.319677085,-0.500224948,0.885139704,0.594754159,0.163875714,-0.448604047,0.983709812,0.432416052,0.308238447,-0.550184488,0.806845188,0.589012265,0.157447666,-0.442143679,0.983047307,0.440250814,0.305449039,-0.550882757,0.804303765,0.588278413,0.168256238,-0.408989251,0.976822913,0.443792641,0.314071804,-0.508666933,0.779773831,0.515809596,0.515077651,-0.00115146,0.999896765,0.462193817,0.512979269,0.001156195,0.999891162,0.54108727,0.694878399,0.000608343,0.998591542,0.440030813,0.692114413,-0.008534105,0.998909056,0.564966321,0.851653814,0.144621372,0.997239053,0.411957651,0.848708332,0.126974702,0.998487055,0.561227441,0.873711646,0.152319744,0.955077946,0.416335881,0.870863259,0.133562654,0.952783167,0.575014114,0.907984912,0.03192573,0.993267834,0.396289051,0.906736612,0.015441214,0.994419634
1,0.482804239,0.477767169,-0.53219372,0.999999523,0.488482386,0.458647549,-0.518648386,0.999998391,0.492612451,0.457244098,-0.518653989,0.999998689,0.496258557,0.455798179,-0.518824041,0.999996781,0.478117168,0.460194319,-0.516289592,0.999997795,0.475346863,0.459604263,-0.516364694,0.999998331,0.472348511,0.458717227,-0.516355395,0.999996185,0.50186646,0.449801773,-0.394980729,0.999999106,0.469921738,0.452007562,-0.383890361,0.999999583,0.491498172,0.489354163,-0.482434928,0.999999583,0.478364527,0.491089582,-0.47952953,0.999999583,0.536379218,0.512676835,-0.280345738,0.999988079,0.445714563,0.516902387,-0.28701061,0.999981105,0.59331286,0.561505139,-0.46624437,0.999361098,0.435951382,0.599189997,-0.444622219,0.975623488,0.593417048,0.462028086,-0.697170496,0.997069597,0.440029919,0.625279427,-0.689817786,0.913904011,0.59323585,0.42756632,-0.747273028,0.990632236,0.438941151,0.630380869,-0.738018692,0.858526647,0.587820888,0.420872957,-0.734497666,0.988375545,0.441973746,0.620721161,-0.73411864,0.827986181,0.585202932,0.431385159,-0.697813451,0.970950902,0.444405556,0.618928552,-0.693919778,0.72561115,0.516615987,0.674712658,0.000976374,0.999909818,0.464594066,0.678352654,-0.00093726,0.999943137,0.583254218,0.717405677,-0.342250347,0.99645251,0.403604031,0.716250122,-0.349420935,0.997417331,0.564934909,0.853091002,-0.093697093,0.988868296,0.411833823,0.853937864,-0.082061112,0.99749881,0.554740071,0.875008583,-0.077822007,0.967609644,0.420820475,0.874781787,-0.063580029,0.987314105,0.579054713,0.911479592,-0.212331444,0.966099739,0.390697658,0.904466987,-0.188250735,0.987706482
1,0.384729922,0.424061328,-0.23377578,0.999985754,0.39572978,0.415797919,-0.235618755,0.999978483,0.397877157,0.416876227,-0.235586435,0.999986887,0.400129706,0.418820798,-0.235646054,0.999977708,0.392750174,0.41462189,-0.219727784,0.999941468,0.393166453,0.414728463,-0.219774678,0.999964237,0.393173993,0.415013552,-0.219745398,0.99993962,0.407405198,0.431210965,-0.220784023,0.999975681,0.395830721,0.424464852,-0.147008076,0.999967754,0.387619704,0.440651447,-0.227893516,0.999979079,0.384667963,0.439919651,-0.206452966,0.999958873,0.425641477,0.496784091,-0.245186895,0.999932408,0.380094379,0.498061031,-0.096495561,0.999843597,0.426770598,0.506131291,-0.405012548,0.954389155,0.333658636,0.521014154,-0.109212264,0.978576958,0.401024431,0.430097312,-0.573675931,0.982193232,0.277727485,0.523193121,-0.165572405,0.986523747,0.400623143,0.40886277,-0.621620178,0.985449195,0.258707732,0.521138966,-0.17449683,0.974136472,0.400470197,0.402951419,-0.619325042,0.985288978,0.258561045,0.511645377,-0.195273131,0.978470325,0.40017572,0.412086278,-0.58007586,0.972334623,0.266063243,0.511624038,-0.178407758,0.978706121,0.467160553,0.632843971,-0.063277498,0.999960661,0.434909999,0.627474189,0.063333206,0.999796629,0.431054831,0.683559477,-0.308669508,0.996649742,0.374752253,0.657372177,0.004010392,0.90680474,0.448268026,0.813563943,-0.221109241,0.993798196,0.407029688,0.770894051,0.136693999,0.937425077,0.457487434,0.833554506,-0.21349892,0.983644307,0.416948885,0.790365696,0.149521321,0.938834131,0.425278753,0.85029465,-0.288699806,0.992380381,0.380181342,0.797699213,0.109749392,0.954450786
0,0.408807665,0.251814783,-0.160992235,0.999953687,0.41695112,0.240339547,-0.164434612,0.999939203,0.419075072,0.240761951,-0.164444864,0.999944687,0.422765166,0.243960023,-0.164436951,0.999931395,0.414899766,0.239365488,-0.145238429,0.999921322,0.415390253,0.239279345,-0.145253807,0.999905348,0.415890127,0.239484742,-0.145261273,0.999901175,0.430302382,0.252316177,-0.154556468,0.999897182,0.42280215,0.248755157,-0.065360121,0.999923646,0.416211218,0.266772807,-0.156671077,0.999875605,0.411070764,0.26544112,-0.130624533,0.999836266,0.447044432,0.337004036,-0.186869353,0.999860227,0.397544086,0.337987721,0.009460572,0.999653041,0.434457392,0.329921395,-0.346213043,0.98813194,0.35229826,0.377249062,0.06843482,0.960149169,0.426435322,0.243782341,-0.507208169,0.979266405,0.296672761,0.379400671,0.031505167,0.976923764,0.424166381,0.218681827,-0.549084842,0.972177029,0.280382305,0.376332968,0.029223016,0.943695843,0.425405741,0.218533665,-0.545829237,0.97197026,0.278946191,0.371232718,0.001047196,0.951395333,0.425785154,0.22754018,-0.511293113,0.957064986,0.285508811,0.37301293,0.016631437,0.952018023,0.439600706,0.519895673,-0.069809698,0.999966443,0.411739528,0.52152729,0.069646865,0.999812245,0.437296808,0.661981821,-0.079595819,0.995221913,0.415534884,0.653906941,0.199283838,0.837457776,0.45298624,0.810093939,-0.051264424,0.9982903,0.412540138,0.770008504,0.351292312,0.932033539,0.462387502,0.83654803,-0.053422898,0.96957624,0.418267578,0.786943078,0.362591952,0.872543395,0.424927801,0.850496054,-0.156606585,0.997412741,0.38141191,0.799049377,0.31106174,0.9728719
1,0.37760523,0.441223115,-0.20821169,0.999982655,0.383729398,0.432417035,-0.211873814,0.999975562,0.387267351,0.436167389,-0.211843967,0.999983013,0.3878766,0.437458634,-0.211894751,0.999975145,0.380638421,0.431831568,-0.194640622,0.999939501,0.380441844,0.431979299,-0.194684535,0.999957383,0.38024652,0.432145774,-0.194686681,0.999935865,0.397443831,0.440473557,-0.203453109,0.999974191,0.388011336,0.444771141,-0.123882771,0.999968112,0.384519726,0.45175463,-0.204457372,0.999980807,0.380646437,0.45221737,-0.181358725,0.999964237,0.425733656,0.487839341,-0.229336932,0.999940038,0.375843793,0.506677568,-0.071136817,0.999900222,0.426637083,0.506509304,-0.388943493,0.959478498,0.331791818,0.529340208,-0.076089427,0.980671585,0.400584549,0.438056678,-0.55579561,0.985505044,0.277382642,0.534695625,-0.127089873,0.987485826,0.398028314,0.415435612,-0.603182673,0.986893356,0.260661393,0.533802986,-0.13464807,0.974701047,0.396668583,0.41100952,-0.599908233,0.986496806,0.260160059,0.527291715,-0.154664487,0.97839731,0.397754818,0.418235362,-0.561630905,0.974263549,0.266471773,0.528082848,-0.139411613,0.978239775,0.466060877,0.628479421,-0.062318582,0.999972463,0.433390766,0.629310071,0.062361963,0.999863803,0.431272179,0.684019446,-0.294163167,0.996558964,0.378230363,0.658086121,0.019449208,0.9114452,0.448057026,0.812451184,-0.214541033,0.994088113,0.408221185,0.769347787,0.147227019,0.933575451,0.456998438,0.831955731,-0.207673118,0.9842031,0.418537378,0.789492548,0.158283696,0.931255877,0.42477861,0.84897548,-0.283489823,0.992878735,0.380736381,0.794965267,0.118802331,0.956435025
0,0.412492841,0.261437416,-0.127929762,0.999911964,0.415839434,0.252528697,-0.132097691,0.999879777,0.417327106,0.252588183,-0.132105619,0.99989146,0.417900473,0.252589464,-0.132098392,0.999871254,0.413097471,0.251598775,-0.113048993,0.999845624,0.413741529,0.251445591,-0.113065325,0.999817669,0.414334625,0.251385272,-0.113083877,0.999812305,0.425409734,0.262502193,-0.127024293,0.999815226,0.419558197,0.260448992,-0.039180219,0.999845207,0.412621409,0.279671907,-0.125218004,0.999794185,0.41109705,0.279084504,-0.099693283,0.999723434,0.447217047,0.339537054,-0.165791556,0.999881744,0.400340647,0.339597344,0.033669163,0.999647856,0.433771133,0.335371643,-0.316471189,0.991538405,0.355349332,0.378626198,0.092981972,0.954025388,0.418877423,0.254968762,-0.460613817,0.987570941,0.30163306,0.383653343,0.055503696,0.975925982,0.416145861,0.230662853,-0.499591827,0.981541097,0.287149876,0.380046159,0.053797413,0.944209099,0.417131096,0.228775278,-0.493873596,0.980796158,0.286141425,0.375233769,0.027002534,0.95148617,0.417440653,0.237302363,-0.463045299,0.968909681,0.291735947,0.377844244,0.041124597,0.952102602,0.44149828,0.519986928,-0.070803836,0.999954283,0.412799984,0.522500336,0.070663147,0.999773264,0.438117266,0.660914004,-0.091638841,0.995268166,0.416407675,0.653783381,0.184049875,0.810632229,0.452742189,0.81063664,-0.082430989,0.998052657,0.413626254,0.771518171,0.310274005,0.915305614,0.460941732,0.833948493,-0.085547611,0.971365631,0.419270754,0.789893031,0.318634242,0.853758991,0.424212456,0.848716676,-0.183446139,0.997131288,0.38231197,0.798959494,0.267045796,0.965534687
1,0.379475296,0.484140128,-0.320316911,0.999985695,0.388360828,0.472834617,-0.320603967,0.999969184,0.391239733,0.472992957,-0.320571095,0.999981582,0.393319309,0.473239094,-0.320639789,0.999965966,0.376999795,0.469161868,-0.304875284,0.999920785,0.375659853,0.469053477,-0.304921091,0.999950349,0.375289381,0.46712777,-0.304924637,0.999899507,0.399799675,0.476327211,-0.290964246,0.999968767,0.380047381,0.468563706,-0.217321247,0.999950111,0.387552321,0.499494523,-0.306839824,0.999976754,0.380643189,0.496289998,-0.286294729,0.999958515,0.426113755,0.522783816,-0.303031147,0.99993521,0.374265403,0.525289893,-0.141492248,0.999876499,0.419375479,0.564147055,-0.47965607,0.95198983,0.333212107,0.562779069,-0.165763885,0.974022985,0.39280808,0.480886459,-0.667500079,0.989759684,0.283021569,0.573136032,-0.239547968,0.984785378,0.390289009,0.453244567,-0.718934238,0.991814137,0.266190469,0.574229836,-0.249567583,0.973216593,0.389719546,0.448740214,-0.716318607,0.991868973,0.265585989,0.569111109,-0.271004081,0.976749063,0.391371548,0.45706889,-0.673219681,0.982453644,0.273012578,0.568883538,-0.252243012,0.974496543,0.468209565,0.644784987,-0.058153711,0.999946773,0.434354305,0.644064188,0.058138389,0.999691844,0.433116764,0.681376159,-0.335691631,0.991431057,0.379375607,0.654798508,-0.051587414,0.890495002,0.447102964,0.811032712,-0.187959582,0.989223242,0.408105284,0.769694209,0.101461686,0.916684926,0.455724061,0.829892874,-0.175650805,0.978707075,0.415666819,0.788588047,0.113892213,0.920077682,0.424701542,0.849207878,-0.251739442,0.987656474,0.378106147,0.79504174,0.070454806,0.935612082
0,0.40783596,0.268823951,-0.146838099,0.999894023,0.415540278,0.256506085,-0.152500883,0.999868989,0.417266607,0.2563622,-0.152496949,0.999883235,0.418781906,0.256298035,-0.152488932,0.999866784,0.413574636,0.255076021,-0.133256152,0.999822915,0.414008528,0.254380196,-0.133269638,0.999782681,0.414347023,0.253797621,-0.133288056,0.999769807,0.425693691,0.265691489,-0.150114819,0.999803662,0.418580204,0.261816412,-0.05885157,0.999806166,0.412976027,0.281644017,-0.144318551,0.999729931,0.411230743,0.280762792,-0.117906019,0.999636412,0.445431471,0.338834316,-0.183849633,0.999816835,0.400251538,0.340076149,0.014975837,0.999296486,0.42940554,0.327757508,-0.33923617,0.991155088,0.355542243,0.36837846,0.069934465,0.921892464,0.415807724,0.249291331,-0.484507561,0.988136649,0.302114546,0.355580807,0.027988199,0.95886749,0.415666282,0.223164976,-0.524989128,0.982725918,0.28580448,0.348778278,0.02230056,0.915382445,0.416466326,0.221677184,-0.520758629,0.982051969,0.285210639,0.343183577,-0.004481206,0.926184654,0.416313022,0.231001899,-0.487927496,0.971017063,0.291021764,0.346886724,0.013004048,0.928110063,0.439870536,0.522217393,-0.067545876,0.999941409,0.411563337,0.523569763,0.067413628,0.999720514,0.439426959,0.664402127,-0.073187925,0.995378256,0.414175689,0.655801773,0.190646768,0.847108722,0.452999502,0.810531795,-0.050721627,0.997937322,0.412333548,0.771664023,0.331412017,0.933605492,0.461807311,0.837174118,-0.053382527,0.971872449,0.418373406,0.789152443,0.34058851,0.872359574,0.425714076,0.849410355,-0.154288441,0.99711132,0.380318373,0.797047853,0.283743948,0.972544789
1,0.376018584,0.474250078,-0.2708202,0.999971151,0.381823629,0.461322516,-0.276219785,0.999954224,0.387214273,0.465944111,-0.276179522,0.999969065,0.390243948,0.46674335,-0.276239485,0.999951839,0.378425956,0.4580504,-0.257974416,0.999886215,0.378640741,0.456959277,-0.258031934,0.999923706,0.378940076,0.456033975,-0.258049071,0.99987787,0.39916268,0.470962703,-0.266399145,0.999945402,0.38521871,0.459925026,-0.182902813,0.999933183,0.385271668,0.489163756,-0.26523155,0.999959588,0.38103804,0.487043679,-0.241114378,0.999925673,0.425650537,0.525019944,-0.284798235,0.999925613,0.379044831,0.517577887,-0.118828677,0.999845326,0.420528084,0.554063797,-0.434630007,0.948025763,0.335986793,0.545513332,-0.135644615,0.977443039,0.391871214,0.475198418,-0.583145022,0.9888044,0.286107868,0.561773717,-0.202785254,0.98607564,0.39048776,0.449982494,-0.633631825,0.990165293,0.269548267,0.562598288,-0.213039041,0.972315133,0.391242504,0.444652647,-0.631506264,0.990188777,0.267861903,0.55718559,-0.234841153,0.976446629,0.392414451,0.451604515,-0.588834643,0.979879677,0.274709642,0.557149053,-0.215617493,0.974969089,0.469947875,0.641558409,-0.062608249,0.99995631,0.436264098,0.635290504,0.062603191,0.999772191,0.429726183,0.683827996,-0.314976156,0.994383514,0.382916451,0.657017052,-0.02267589,0.893486798,0.448469073,0.810742199,-0.179788232,0.991778135,0.407800585,0.766358078,0.118835375,0.916072011,0.457878053,0.83071202,-0.168263108,0.978872657,0.417030275,0.785557151,0.131194741,0.910218418,0.424504042,0.848494649,-0.236444041,0.988113821,0.380826503,0.794385076,0.095733374,0.937254906
0,0.406168401,0.276347935,-0.164777666,0.999905527,0.41313076,0.267693371,-0.172091395,0.999864101,0.414771885,0.267488152,-0.172081009,0.999874473,0.416088253,0.267165124,-0.172068596,0.999861658,0.410854399,0.264530659,-0.151891202,0.999829292,0.411066353,0.263157457,-0.151916161,0.999790013,0.411104828,0.261991799,-0.151956722,0.999794602,0.422305405,0.273690909,-0.17070052,0.999774516,0.414501905,0.268280685,-0.078514725,0.999818265,0.410748065,0.291598797,-0.162561834,0.999743044,0.408286095,0.289707989,-0.135591656,0.999678612,0.443847984,0.340210378,-0.200877234,0.999826849,0.3998667,0.337617904,-0.004155688,0.999633849,0.424598783,0.331789017,-0.354665786,0.989252687,0.354623973,0.372761458,0.048735436,0.945597589,0.409091532,0.249084681,-0.495513827,0.986107528,0.302940071,0.37660569,0.007057128,0.969051123,0.408630073,0.224784762,-0.537451625,0.98049897,0.286853194,0.376778454,0.00164943,0.930520117,0.4103311,0.222059801,-0.535104632,0.979753375,0.285552382,0.373609543,-0.024918515,0.939208269,0.410466522,0.230395585,-0.500060201,0.967680812,0.290974885,0.374874741,-0.007704541,0.941501975,0.445504367,0.521020949,-0.06597738,0.999954283,0.416304827,0.522806525,0.065846182,0.999776959,0.441416323,0.65855968,-0.085756592,0.995517731,0.417182624,0.651994288,0.193087459,0.847562075,0.453438669,0.808867395,-0.075012125,0.9977898,0.413472235,0.771484613,0.344188303,0.930418968,0.46191889,0.833700061,-0.078464918,0.965984881,0.41913861,0.787293732,0.355256647,0.870633125,0.425202936,0.848878145,-0.181500345,0.996797085,0.382071435,0.795546055,0.30302155,0.970554709
1,0.489920706,0.612035036,-0.40326637,0.999956965,0.494608581,0.601319015,-0.389653146,0.999964237,0.497445047,0.60045898,-0.389600545,0.999944985,0.500205815,0.599267423,-0.389715552,0.999961436,0.486668259,0.600380003,-0.386599928,0.999950886,0.484019578,0.599046767,-0.386719167,0.999925673,0.48143515,0.597569883,-0.386745781,0.999953151,0.504051685,0.593900919,-0.287338912,0.999901056,0.476637214,0.591895342,-0.271684766,0.999933183,0.49438405,0.617070794,-0.361680716,0.999816298,0.484918445,0.615791857,-0.357783258,0.999838173,0.523533046,0.612761378,-0.223463416,0.995403945,0.450936496,0.609738231,-0.219336227,0.999064863,0.541817725,0.542484999,-0.335263789,0.983143508,0.443663687,0.546149552,-0.328482091,0.992698848,0.534809589,0.447970659,-0.442607731,0.958795249,0.455788851,0.442236722,-0.427262247,0.988015354,0.538194537,0.418837905,-0.476058394,0.912908554,0.452743471,0.412552387,-0.462326199,0.957828283,0.531607568,0.415489495,-0.472144067,0.899909556,0.458471864,0.411897331,-0.445150614,0.946114779,0.528351009,0.427893907,-0.445866108,0.86406374,0.461945593,0.423097819,-0.425441563,0.924111664,0.511046171,0.763202488,0.001542696,0.999834418,0.465672076,0.764540613,-0.001626715,0.999903798,0.569661319,0.794865072,-0.326040685,0.997584224,0.421452105,0.809551835,-0.336258352,0.998368204,0.55770582,0.914909184,-0.127815545,0.992252052,0.429954618,0.915038407,-0.129535824,0.995494127,0.548062205,0.929050505,-0.112148188,0.953327596,0.436582178,0.928600371,-0.11261829,0.95484817,0.568631709,0.969073176,-0.212032244,0.97722578,0.416289955,0.967333198,-0.210213259,0.984090865
0,0.49444589,0.35615623,-0.253925741,0.999715924,0.497960389,0.341012537,-0.2361404,0.999584138,0.500417352,0.340554386,-0.236110449,0.999444127,0.502978146,0.340458542,-0.236125946,0.999507546,0.489831358,0.34174332,-0.238269284,0.9995538,0.486855745,0.341856867,-0.238328531,0.999419034,0.484078318,0.342135519,-0.238373831,0.999495149,0.508452535,0.348260045,-0.147756845,0.999008596,0.479253292,0.349113643,-0.155287981,0.999228895,0.49926272,0.370592892,-0.22086665,0.998967588,0.489051759,0.368955821,-0.223509461,0.999009013,0.529100537,0.397030085,-0.126394197,0.99758178,0.460812002,0.402387083,-0.149006143,0.997746944,0.540250182,0.289981484,-0.198800623,0.993886948,0.448004425,0.302114695,-0.227755278,0.995231509,0.534428477,0.184611812,-0.246373489,0.982534587,0.454351723,0.191488475,-0.259137541,0.990668118,0.533815503,0.151065394,-0.275292456,0.943023145,0.45343852,0.159799203,-0.288528264,0.967589796,0.531059384,0.149551451,-0.274446785,0.94002223,0.458213031,0.154751152,-0.28367883,0.964467406,0.529120445,0.159561068,-0.251530111,0.943333387,0.460990518,0.165467381,-0.261660844,0.964843333,0.520152509,0.628084838,0.003489025,0.999426544,0.471542418,0.627697468,-0.003504446,0.999615312,0.541650176,0.777515829,0.013127746,0.986210763,0.453442186,0.782796562,-0.034826666,0.99393338,0.559092879,0.917816341,0.13890256,0.986934066,0.4291026,0.911717892,0.103559591,0.993573844,0.553569853,0.937563181,0.145143926,0.898883462,0.429792076,0.931078911,0.110919416,0.913121641,0.567815721,0.964953363,0.037421413,0.968691051,0.418968022,0.965841413,-0.000230612,0.98095113
1,0.490866899,0.609806955,-0.386192769,0.999935627,0.495721102,0.598148763,-0.371652812,0.999936759,0.498614699,0.597225666,-0.371584564,0.999898791,0.501440883,0.596119463,-0.371699214,0.999930561,0.487583101,0.597337544,-0.369288027,0.999923646,0.484928787,0.596094072,-0.369410634,0.999887884,0.482365072,0.594716072,-0.369442761,0.999932826,0.50469625,0.592027843,-0.269990772,0.999812186,0.477506727,0.590905607,-0.257647365,0.999905288,0.495337784,0.615489423,-0.345769644,0.999668241,0.485682577,0.613987088,-0.342707038,0.999742448,0.524971485,0.612048507,-0.203537986,0.993485212,0.452581882,0.609441519,-0.207439929,0.998950481,0.545821786,0.534041941,-0.291656017,0.983103037,0.44513908,0.545940101,-0.28894946,0.993713677,0.536798418,0.43758601,-0.375062734,0.950580895,0.456800938,0.441037148,-0.346419454,0.989366114,0.541517556,0.408021927,-0.404182762,0.890710473,0.452718198,0.405842125,-0.375798523,0.961221516,0.533056438,0.406958431,-0.399098575,0.87502569,0.459261417,0.407992423,-0.361465305,0.951457322,0.529323697,0.419660062,-0.37744987,0.838837743,0.46356234,0.421593428,-0.344496071,0.933452785,0.515380979,0.766601741,0.001749327,0.999793708,0.469263941,0.768222451,-0.00179386,0.999897301,0.572943151,0.794507742,-0.336247623,0.997774005,0.422432572,0.808429301,-0.343214184,0.998409092,0.557454228,0.91253978,-0.131563663,0.992586255,0.429975808,0.916852593,-0.12579225,0.995120049,0.547635198,0.928328812,-0.115426622,0.957078278,0.436909586,0.93073982,-0.107710466,0.954193175,0.570303559,0.968994558,-0.213728786,0.977273405,0.415399402,0.968959868,-0.202270791,0.982734621
0,0.495446503,0.348371238,-0.226076677,0.999711931,0.498756081,0.334210366,-0.206800699,0.999604046,0.501234412,0.334102958,-0.20677729,0.999453783,0.503752828,0.33409366,-0.20679155,0.999523818,0.490686744,0.335952401,-0.209265158,0.999564469,0.487712145,0.336758822,-0.209302396,0.999432206,0.484885305,0.337518215,-0.209331557,0.999492943,0.509339809,0.343807459,-0.116761193,0.999075413,0.479987562,0.346819013,-0.127073362,0.999244332,0.50056684,0.364083409,-0.193264231,0.998959064,0.490443647,0.363828123,-0.196458578,0.998960495,0.530042648,0.397792608,-0.10035044,0.997378707,0.462818623,0.405159116,-0.127255633,0.997348607,0.541027904,0.291300356,-0.162167758,0.992233157,0.45091033,0.301714718,-0.208929747,0.994636357,0.534463823,0.187335104,-0.212505221,0.980514467,0.456146002,0.194221362,-0.241529778,0.988393724,0.534196556,0.155265823,-0.241747573,0.938287318,0.454280078,0.164711535,-0.271597266,0.961117327,0.531450629,0.154040217,-0.242108136,0.935037315,0.458804548,0.159866229,-0.267714202,0.956889331,0.529343188,0.16465196,-0.21838975,0.93756628,0.461756408,0.169213116,-0.244743794,0.957281351,0.522881746,0.626385093,0.005792789,0.999567091,0.47451967,0.628220618,-0.005815519,0.999672949,0.546692252,0.776196778,0.024025314,0.987368047,0.454032809,0.782937348,-0.018263781,0.994446874,0.558405399,0.918188572,0.150728971,0.987102687,0.427219778,0.915686309,0.120274901,0.994147003,0.551889956,0.939146757,0.157082766,0.916696489,0.429228693,0.932034373,0.127550155,0.925546169,0.567869842,0.964461446,0.050832637,0.969980061,0.417916596,0.965201914,0.018549094,0.982204378
1,0.48987788,0.612119377,-0.398660392,0.999949098,0.494523674,0.599521518,-0.383188099,0.999952734,0.497356236,0.598671019,-0.383133829,0.99992758,0.500118375,0.597624362,-0.3832528,0.999950647,0.486280769,0.598392546,-0.380487919,0.999935865,0.483383089,0.596922457,-0.380607069,0.99990356,0.48053202,0.595161498,-0.380625874,0.999937713,0.503325164,0.594420075,-0.276922822,0.999872983,0.475569636,0.590628505,-0.262815982,0.999915063,0.494117647,0.619879782,-0.356469899,0.999759078,0.483978182,0.618324935,-0.352968156,0.999780595,0.524720848,0.616450965,-0.213243395,0.995049298,0.45209083,0.612249553,-0.214713052,0.998906732,0.542431295,0.539429247,-0.318819672,0.986053586,0.444466591,0.545980752,-0.314430118,0.992739439,0.532128215,0.442954391,-0.408263206,0.962564766,0.454991013,0.437527925,-0.393715441,0.988558173,0.535565555,0.411499202,-0.440015465,0.913476169,0.452257246,0.404847801,-0.42639941,0.961409867,0.528279901,0.409986705,-0.435183138,0.900835335,0.45799464,0.405305058,-0.413893223,0.952181518,0.525388956,0.423302323,-0.410024494,0.869219899,0.461467922,0.417899102,-0.39330399,0.935144782,0.514734983,0.768749297,0.001981299,0.999833405,0.46876803,0.771155894,-0.002016638,0.999913752,0.572181046,0.791261911,-0.341382444,0.997513533,0.421840191,0.803248346,-0.349804729,0.998560488,0.55591476,0.912878573,-0.141953617,0.992252111,0.429940939,0.916660726,-0.14823173,0.995862544,0.546185136,0.930269301,-0.126377553,0.961315215,0.436816037,0.932179928,-0.132257864,0.958265185,0.569996893,0.96852833,-0.23163417,0.978288889,0.414528131,0.96927768,-0.236744672,0.985272884
0,0.495258152,0.353999019,-0.249328926,0.999704957,0.498567164,0.339662313,-0.230608776,0.999584913,0.500955701,0.33934477,-0.230576396,0.999419332,0.50355792,0.33939594,-0.230603606,0.999499083,0.49035272,0.340090483,-0.231268018,0.999572039,0.487329632,0.340216905,-0.231333524,0.999435782,0.484492868,0.340435803,-0.231365636,0.999512315,0.509213269,0.348084658,-0.140240923,0.999010026,0.479482979,0.348178834,-0.14706488,0.999293625,0.499989748,0.368668139,-0.215778798,0.998903275,0.49014011,0.367408782,-0.216327712,0.998990119,0.530765653,0.396234602,-0.120485105,0.997028649,0.461467028,0.403018922,-0.14386107,0.997845709,0.544804573,0.289297491,-0.186659023,0.993260503,0.447724909,0.300135761,-0.222414777,0.995221317,0.535844445,0.182955831,-0.236164361,0.979912281,0.454744011,0.189124554,-0.252248228,0.990218818,0.535306394,0.15041779,-0.264489651,0.935046136,0.453508705,0.158838332,-0.279866338,0.966300786,0.531408191,0.149571002,-0.263507545,0.931464851,0.458147764,0.153640181,-0.276607156,0.962804079,0.529978156,0.160921738,-0.241157696,0.934138417,0.460612208,0.164290667,-0.255178213,0.962798297,0.52148813,0.626499116,0.0046571,0.999497533,0.472578138,0.627211452,-0.004652676,0.999692917,0.544071615,0.776481569,0.007598466,0.984185815,0.453327894,0.782669485,-0.041256405,0.994306147,0.558275461,0.91983974,0.124108329,0.985517561,0.427734941,0.912661493,0.091995113,0.993964612,0.551843166,0.940017283,0.129163712,0.912892938,0.429665715,0.931364298,0.098645724,0.92278105,0.56989038,0.964110732,0.023356466,0.965358615,0.416805804,0.96489495,-0.010157889,0.981100857
1,0.37921235,0.555658698,-0.057067581,0.998470426,0.379739106,0.539245784,-0.068308726,0.999293685,0.381154507,0.536874175,-0.068320617,0.999376476,0.382755786,0.534269154,-0.068410985,0.999527991,0.378938913,0.541327477,-0.038474329,0.998620749,0.379617512,0.540398717,-0.038434427,0.998183787,0.380404264,0.539237559,-0.038381763,0.998220921,0.397317201,0.521824658,-0.100499414,0.999229968,0.392224252,0.528306365,0.036630709,0.997356892,0.389166176,0.558143973,-0.068261027,0.998230577,0.388089597,0.559964895,-0.028565645,0.994822562,0.436266243,0.542001963,-0.152322441,0.999337614,0.416197956,0.566081643,0.091066316,0.98392266,0.39359802,0.459486693,-0.252092242,0.990856171,0.386355549,0.470913768,0.131655961,0.22591576,0.360099047,0.365500122,-0.229716629,0.97722137,0.356410235,0.376797795,0.054183215,0.536996722,0.354990244,0.334366262,-0.25857991,0.964707553,0.351798564,0.345239609,0.04652049,0.612872064,0.359212667,0.330975592,-0.243318871,0.959324658,0.358119786,0.34296906,0.036571737,0.616567135,0.361391574,0.344891965,-0.224113345,0.936431408,0.359434813,0.355596453,0.044863947,0.609725475,0.499311626,0.741959691,-0.089871213,0.999686837,0.473520041,0.735442042,0.090057805,0.997647107,0.430580229,0.74161309,-0.414602906,0.994100749,0.397243917,0.739302397,0.028358748,0.736277997,0.468567222,0.917530417,-0.373182774,0.991312206,0.436020225,0.851713061,0.079271726,0.71217066,0.481431961,0.94490093,-0.369892389,0.983046651,0.448128998,0.868636012,0.081948601,0.713448346,0.438256502,0.968748331,-0.428007066,0.989776909,0.405717611,0.895845175,0.06025666,0.79755652
0,0.406960905,0.291312397,-0.108220994,0.995157838,0.413133323,0.274730384,-0.121279612,0.99601084,0.415111065,0.274219841,-0.121378444,0.996651053,0.417474836,0.273797691,-0.121481337,0.996287823,0.411081314,0.274395108,-0.088668674,0.99421829,0.411463439,0.273649752,-0.088655122,0.992619276,0.411840349,0.273018807,-0.088698186,0.99095875,0.432566404,0.277634889,-0.150789067,0.995187163,0.423807681,0.277891278,0.000448558,0.985896468,0.413385302,0.306008846,-0.115449086,0.988607764,0.410450757,0.304858834,-0.072286949,0.97913599,0.463150799,0.332796454,-0.206324548,0.99787426,0.438766569,0.336600274,0.072714262,0.980460286,0.45088166,0.21380806,-0.323078066,0.995889723,0.430753052,0.227144882,0.133249074,0.282712281,0.444923103,0.094130211,-0.336864799,0.982107103,0.431280553,0.105384648,0.034141406,0.612967253,0.447681576,0.060011074,-0.369391292,0.967753649,0.431493819,0.075580716,0.01638028,0.642890573,0.448558748,0.056593921,-0.358357579,0.963557303,0.4344275,0.07284712,-0.003863528,0.639622986,0.44721359,0.067444459,-0.333166301,0.94967705,0.433565229,0.084827617,0.018515624,0.65162921,0.455995023,0.588548005,-0.093316525,0.999159396,0.432604611,0.582594991,0.093185753,0.997425795,0.465326786,0.748517454,-0.048980452,0.988559842,0.441561759,0.736400664,0.171535119,0.859094203,0.474220604,0.920675635,0.022993812,0.989436626,0.445519447,0.878556073,0.28848961,0.865121245,0.48169747,0.949926436,0.024343498,0.976629913,0.455444515,0.90689522,0.295325637,0.846143365,0.440049589,0.96963501,-0.079792149,0.985230207,0.410658181,0.923051715,0.233793646,0.900639355
1,0.386332601,0.568762481,-0.092161343,0.998294234,0.386441231,0.553915322,-0.104515575,0.999207258,0.387894481,0.55201441,-0.104525343,0.999330342,0.389527082,0.549994528,-0.104611263,0.999445796,0.386118531,0.554933608,-0.078860134,0.998529375,0.387142241,0.553606272,-0.078812853,0.998150527,0.388147473,0.552059233,-0.078778155,0.997970223,0.40731591,0.538431764,-0.140553266,0.999036074,0.400550663,0.541227341,-0.024122708,0.997230887,0.396466702,0.570373297,-0.104588106,0.997980475,0.395763874,0.571223676,-0.070527636,0.994578123,0.441765159,0.561281562,-0.18299292,0.998993456,0.421245337,0.566341579,0.027081888,0.977553487,0.401267916,0.482379884,-0.275455296,0.99064821,0.392902195,0.47800383,0.07108669,0.244855613,0.37025556,0.379610598,-0.271034986,0.978156209,0.362393707,0.386916429,-0.005897721,0.594337583,0.366238594,0.34892711,-0.300554544,0.96648246,0.355806231,0.351531565,-0.013645617,0.678759217,0.369229585,0.345231712,-0.288958609,0.96202153,0.362497032,0.352558106,-0.025880605,0.687425494,0.370937556,0.359782338,-0.267219424,0.942777574,0.364197791,0.369106889,-0.01535205,0.68015486,0.499648869,0.757066846,-0.079798058,0.999549329,0.473418653,0.741579354,0.079949141,0.997325063,0.437160969,0.753568292,-0.325112581,0.993507504,0.397048771,0.744926214,0.083656952,0.698978424,0.467062145,0.918113887,-0.246122554,0.98590064,0.437649786,0.855014384,0.137995899,0.673692644,0.480339527,0.945555985,-0.238680571,0.97637862,0.448412895,0.874486685,0.140756384,0.671884775,0.435257286,0.962965727,-0.269780755,0.982130766,0.406218112,0.902923822,0.141149998,0.733496189
0,0.412558317,0.292363286,-0.109178506,0.995631099,0.418519586,0.277214825,-0.120792411,0.996133447,0.42057234,0.276809424,-0.120873973,0.996710479,0.422890007,0.276421815,-0.120962478,0.996458888,0.416639149,0.276852131,-0.089126706,0.99508816,0.417104185,0.276195794,-0.089122191,0.993782043,0.41765824,0.27562207,-0.089187212,0.992630422,0.437812179,0.28001669,-0.141532257,0.995464504,0.429663002,0.281451821,0.005201926,0.988705158,0.41880995,0.306995124,-0.11412555,0.988815367,0.416027129,0.306104541,-0.072115809,0.979899168,0.468028307,0.335134596,-0.197367221,0.997949481,0.444204658,0.338172078,0.079856142,0.984164059,0.455151379,0.214458421,-0.31615901,0.996208072,0.432428539,0.231746882,0.142389923,0.353265762,0.448907286,0.094805159,-0.323442072,0.981022358,0.433794111,0.112327702,0.058426253,0.664657831,0.452041537,0.063035816,-0.354998767,0.964792192,0.434341729,0.086517289,0.042654686,0.682888389,0.4528988,0.05929435,-0.340664089,0.959400296,0.436855465,0.085619442,0.024457041,0.680184603,0.451533556,0.069488771,-0.318571121,0.944416523,0.436272323,0.095702872,0.044039637,0.692386389,0.464671373,0.5916031,-0.095817074,0.999268532,0.440603435,0.587947965,0.095677413,0.997874379,0.463457286,0.747627616,-0.06286075,0.990632713,0.438534081,0.739819765,0.136603221,0.880307019,0.471239626,0.920300603,0.015285348,0.98994875,0.44277972,0.886866927,0.245404601,0.856902242,0.479230642,0.949474692,0.016775705,0.973156631,0.453709543,0.91533947,0.251998067,0.839577317,0.439520031,0.972115397,-0.08708261,0.985198379,0.411067635,0.928774357,0.192721263,0.890031457
1,0.385504901,0.565755486,-0.091968402,0.998452067,0.387524337,0.55154264,-0.103280947,0.999351263,0.389277697,0.549613774,-0.103286266,0.99943614,0.391223937,0.547401249,-0.103381157,0.999557316,0.386548817,0.552338839,-0.078122593,0.998712003,0.387527406,0.550945938,-0.078058928,0.998329341,0.388572425,0.549298167,-0.07799191,0.998249233,0.408055693,0.53438431,-0.133164704,0.999262869,0.40220198,0.53843087,-0.017686626,0.997664928,0.396131843,0.56872052,-0.102306463,0.998382807,0.395029366,0.569363594,-0.068628825,0.995548964,0.445942461,0.557196021,-0.168638527,0.999129832,0.42393294,0.569836318,0.028757954,0.97868681,0.404616117,0.477079302,-0.263751358,0.990668416,0.393367976,0.479695082,0.064836368,0.281218916,0.375904441,0.371730983,-0.254124701,0.977391124,0.367677271,0.38060236,-0.007727798,0.568864465,0.370778203,0.342098951,-0.283017218,0.964710355,0.35860312,0.333862871,-0.018003615,0.641651571,0.374056786,0.338511884,-0.272438496,0.959747195,0.366769046,0.338634133,-0.026282504,0.647446394,0.376454711,0.351430625,-0.250880927,0.941286385,0.369799018,0.357375592,-0.015973477,0.642110646,0.502619803,0.759022355,-0.075230047,0.999388814,0.474266946,0.746165693,0.075449653,0.996458828,0.439289391,0.74885124,-0.341856301,0.992610514,0.399339497,0.744981647,0.051307,0.729585707,0.466920286,0.917682469,-0.256086528,0.982137322,0.438374668,0.860187113,0.096125089,0.701901734,0.479919732,0.944167435,-0.248280972,0.970473826,0.450271785,0.883190989,0.097466767,0.696793318,0.435496181,0.962010384,-0.287118912,0.978701413,0.406493098,0.9074862,0.0862865,0.76628232
1,0.474562943,0.445560068,-0.11775519,0.999405622,0.4790636,0.435051978,-0.109558761,0.999411166,0.482026041,0.434532136,-0.109629966,0.999463618,0.485200584,0.434181809,-0.10973414,0.999462306,0.470532507,0.437640756,-0.102721252,0.998956501,0.467789352,0.43900612,-0.102734149,0.998880088,0.465046018,0.440503657,-0.102787174,0.998863816,0.488356203,0.440253109,-0.040512774,0.999687433,0.46448192,0.448591143,-0.006688808,0.999189198,0.480637461,0.456020743,-0.090147726,0.999510586,0.469104916,0.460766941,-0.080349915,0.999043226,0.527782142,0.504654408,-0.02239505,0.999213874,0.442092597,0.506235003,0.020717258,0.9989838,0.520667076,0.575910568,-0.210665792,0.619102061,0.432120383,0.587238073,-0.154071853,0.711167574,0.528853536,0.561788797,-0.436032355,0.688735127,0.429983318,0.561127126,-0.398477733,0.745004535,0.531519771,0.558721483,-0.483443439,0.716625571,0.427821577,0.555191636,-0.445504487,0.723168492,0.533084691,0.549188554,-0.483396709,0.701011419,0.430776358,0.544023156,-0.443234116,0.706938148,0.529792666,0.549358428,-0.442585051,0.587233126,0.432578474,0.549525142,-0.406249195,0.636411309,0.510166228,0.700108826,-0.008250347,0.999646783,0.452676952,0.695504606,0.008310773,0.999806702,0.575521111,0.723635972,-0.338966668,0.997547448,0.390072048,0.730073392,-0.317412585,0.99846375,0.559396505,0.876938879,-0.17122066,0.992443502,0.406999767,0.879884839,-0.152906582,0.99752152,0.548382461,0.898598313,-0.160736248,0.958937049,0.417399943,0.905106127,-0.141455546,0.979983151,0.567444861,0.943011642,-0.27673322,0.980919838,0.387650251,0.932731211,-0.248973131,0.991674066
0,0.486198902,0.187273234,-0.290764391,0.999992967,0.491774142,0.173745692,-0.272724867,0.999991715,0.495371044,0.174220592,-0.272737682,0.999991417,0.497983843,0.174807578,-0.272750527,0.999990821,0.480919033,0.172533795,-0.274141014,0.999988616,0.476583302,0.172188938,-0.274171472,0.999987781,0.472305298,0.172090322,-0.274145097,0.999987781,0.502433479,0.183894023,-0.151294917,0.999991,0.465903759,0.180929974,-0.158884436,0.999988079,0.49094516,0.206738368,-0.244867325,0.999993861,0.477487475,0.205857173,-0.247412682,0.999990404,0.527798593,0.287877977,-0.070412919,0.999960601,0.435871273,0.286741346,-0.076557718,0.999958158,0.555105388,0.41245392,-0.180434078,0.98833102,0.408189237,0.407204598,-0.185295433,0.987997293,0.549246192,0.366596192,-0.431942642,0.987783551,0.422004759,0.356769651,-0.430924177,0.98891449,0.544580162,0.349983066,-0.479767859,0.971645534,0.426148325,0.33201921,-0.47839132,0.973481715,0.543008208,0.335044414,-0.480935663,0.97109431,0.429060698,0.318629444,-0.476137161,0.971438348,0.542022526,0.337783009,-0.437675714,0.952154636,0.429645061,0.324343473,-0.434697688,0.955355406,0.511521399,0.527548194,0.000431739,0.99984026,0.456066072,0.528389156,-0.000587975,0.99983871,0.536845922,0.712772608,-0.01571301,0.998545587,0.437073708,0.714486182,-0.008258679,0.998925626,0.558803916,0.879118025,0.1739548,0.997899055,0.408702433,0.875049531,0.175526172,0.998361826,0.553938568,0.902065694,0.185099378,0.944971502,0.413782537,0.896788597,0.186602801,0.949804664,0.567731619,0.941069305,0.051519565,0.994841278,0.392133027,0.938216627,0.053757876,0.995480418
1,0.486281633,0.468191147,-0.395146847,0.999994159,0.491696596,0.453268558,-0.375105202,0.99998939,0.494721711,0.453285813,-0.375131279,0.999992669,0.497635454,0.453331381,-0.375259221,0.999982953,0.480737388,0.45271945,-0.379646897,0.999980807,0.476171643,0.452513278,-0.379703581,0.999987602,0.4723382,0.452517956,-0.379670769,0.999972463,0.501096487,0.456057489,-0.241850525,0.999992013,0.465788305,0.456998706,-0.262487233,0.999993384,0.491204798,0.483736336,-0.343872756,0.999994993,0.478406012,0.484273434,-0.350203395,0.999993086,0.528303266,0.530713916,-0.156670511,0.999935269,0.437956244,0.533953369,-0.169131979,0.999524295,0.532632232,0.622421145,-0.319995672,0.876758337,0.427672148,0.629040599,-0.334195346,0.866226315,0.536513031,0.595581532,-0.55233407,0.891640365,0.431138217,0.591296434,-0.58043617,0.791602015,0.539791167,0.590270936,-0.596498847,0.876650989,0.431108147,0.585985363,-0.621800005,0.783871949,0.537648141,0.577121496,-0.595122099,0.858826041,0.430745989,0.570835173,-0.617603481,0.741417885,0.534770608,0.57846278,-0.557190776,0.753769159,0.435848624,0.570464373,-0.584069312,0.607657373,0.515597761,0.695304275,7.03E-05,0.999742806,0.458266199,0.699986577,2.52E-05,0.99973464,0.581784427,0.720057487,-0.354375988,0.994845688,0.386557668,0.727797627,-0.350367993,0.995850444,0.558801889,0.878088057,-0.146160722,0.986454844,0.407922179,0.876227081,-0.140363649,0.995475471,0.548257709,0.894647121,-0.133237675,0.941450298,0.418933213,0.8969239,-0.126712531,0.970675349,0.56595999,0.942355037,-0.264607877,0.965073407,0.390207231,0.93702805,-0.250393778,0.983051717
0,0.483949333,0.185229942,-0.276058793,0.999998033,0.490510881,0.172447339,-0.257967323,0.999997079,0.494171917,0.1730887,-0.257980049,0.999996424,0.497248828,0.17384696,-0.257986248,0.999995887,0.479457706,0.171327367,-0.257689416,0.999996722,0.475179136,0.171246096,-0.257710576,0.999996483,0.471644968,0.171131879,-0.257683098,0.999996424,0.501764178,0.183575988,-0.137703404,0.999994218,0.46596995,0.180452108,-0.136875987,0.999994934,0.4896954,0.204326093,-0.230628848,0.999998093,0.475455433,0.202652872,-0.230690509,0.999998093,0.527452528,0.2873348,-0.059859991,0.999964893,0.436794668,0.284471244,-0.056742538,0.999958396,0.561386228,0.400767952,-0.178438425,0.991758168,0.411937296,0.41195327,-0.17085734,0.987963259,0.548409402,0.354485482,-0.427051604,0.989475131,0.426250309,0.336741418,-0.420969486,0.990722775,0.542615414,0.331605643,-0.473705381,0.973004699,0.428109795,0.308752626,-0.469087034,0.977744877,0.539927363,0.31738317,-0.470708132,0.971581101,0.431057394,0.298728108,-0.464016676,0.975524127,0.539243817,0.323027134,-0.430708587,0.952741742,0.432562679,0.306308746,-0.423653185,0.960794151,0.510430753,0.526348114,-0.002008346,0.999857485,0.454408556,0.525077879,0.001860379,0.999856651,0.536832452,0.711185038,-0.023110058,0.998362124,0.431455672,0.708559573,-0.010553626,0.998989344,0.558755755,0.879904866,0.162695646,0.997371137,0.408732951,0.873623133,0.174012974,0.998359203,0.553741992,0.902643323,0.175846666,0.939673662,0.414638281,0.895196438,0.185346633,0.956715047,0.568264902,0.941295862,0.040308181,0.993442893,0.391724616,0.939711452,0.052503288,0.995107472
1,0.481736571,0.480651528,-0.246976927,0.999999464,0.487817138,0.46343863,-0.225339964,0.999998927,0.491219431,0.463578343,-0.225380704,0.999999166,0.494291484,0.463575095,-0.225483209,0.999997973,0.476713181,0.462521821,-0.228068307,0.99999845,0.472322762,0.461950719,-0.228106529,0.999998927,0.468955517,0.461445242,-0.228045732,0.999997675,0.499031007,0.467481017,-0.096967079,0.999999285,0.463564694,0.464244455,-0.108220123,0.999999702,0.486721277,0.499007583,-0.198668018,0.999999762,0.474148452,0.49818337,-0.202367574,0.999999762,0.52139312,0.535625815,-0.06088398,0.999980509,0.435164601,0.541883886,-0.056573637,0.999978304,0.530344903,0.577882111,-0.303457916,0.928174496,0.426090658,0.610928535,-0.270269871,0.918437243,0.53464067,0.626456141,-0.636044443,0.934649169,0.427663565,0.645839751,-0.584912837,0.901171505,0.538703442,0.638008177,-0.706950784,0.953686714,0.421082735,0.653194845,-0.651594877,0.929218054,0.531235099,0.636100292,-0.705944359,0.950396061,0.42730552,0.643901169,-0.652088046,0.925996482,0.52599895,0.635944963,-0.644817591,0.896617055,0.431366771,0.641622663,-0.593395054,0.86233145,0.512210667,0.710442066,-0.004673439,0.999924064,0.454648554,0.715236485,0.004771677,0.999929905,0.576087058,0.717611372,-0.387197375,0.996273637,0.388135403,0.721066058,-0.369019598,0.997168183,0.558181465,0.874996006,-0.175639957,0.987151384,0.406798273,0.87587738,-0.161821574,0.995107353,0.547171474,0.89630127,-0.16394937,0.948799193,0.418516725,0.898253322,-0.150414795,0.975827336,0.57002461,0.945636213,-0.297516912,0.968500018,0.388587832,0.936530709,-0.281273067,0.984697878
0,0.490764141,0.193145812,-0.324338675,0.999997616,0.49693346,0.177843511,-0.305875719,0.999995291,0.499956667,0.178177744,-0.305881143,0.999994695,0.503689706,0.178734973,-0.305898517,0.999992549,0.485737562,0.176346794,-0.307416141,0.999995828,0.481589556,0.175811276,-0.307475626,0.999996245,0.477475792,0.175514713,-0.307433128,0.999995887,0.507709563,0.18763864,-0.179004729,0.999991238,0.472127825,0.183009356,-0.187106162,0.999995649,0.496304601,0.212569028,-0.276199043,0.999997914,0.482961953,0.211481988,-0.278806895,0.999998629,0.535289764,0.290501565,-0.092521355,0.999977887,0.437304884,0.290855795,-0.094931401,0.999983311,0.563912988,0.400562674,-0.183136255,0.993076324,0.410591364,0.40747422,-0.178244129,0.994099438,0.549043894,0.400505751,-0.442955017,0.985063493,0.424745798,0.402935445,-0.430798471,0.992371976,0.543601871,0.398709267,-0.498720348,0.965439975,0.427357912,0.400549024,-0.48448506,0.983542979,0.540508211,0.382269084,-0.506137073,0.965575635,0.431325018,0.379607677,-0.491406113,0.983218253,0.540088892,0.381249666,-0.451484054,0.943223059,0.43267408,0.379337639,-0.438052177,0.972022355,0.516740918,0.530734897,-0.00085591,0.999872744,0.460380077,0.531787157,0.000754275,0.999878049,0.541899562,0.711071908,-0.067397371,0.998667121,0.436240762,0.713393629,-0.022814525,0.998751819,0.558478534,0.878692687,0.129461408,0.997618616,0.410392374,0.872676611,0.165401876,0.998230696,0.553238273,0.901675403,0.140824959,0.949430108,0.415865749,0.89350909,0.175632581,0.953370929,0.568810582,0.938866675,-0.002541103,0.99337256,0.391987503,0.93824023,0.0358577,0.994088352
1,0.485492229,0.481716663,-0.291786253,0.999995589,0.491568387,0.464804679,-0.267883718,0.999991298,0.494968027,0.465142995,-0.26794371,0.999993622,0.498265922,0.465846717,-0.268053234,0.999983311,0.481041193,0.463273585,-0.272067487,0.999988437,0.476981699,0.46259743,-0.272128224,0.999993145,0.473423004,0.461994946,-0.272082776,0.999984443,0.503172994,0.470088691,-0.132791787,0.999993861,0.467449725,0.465332538,-0.150910884,0.999997556,0.490245491,0.500714302,-0.241653964,0.999997973,0.477910101,0.498374671,-0.247292712,0.999998391,0.528330147,0.546321988,-0.088474534,0.999891162,0.438443482,0.544918358,-0.095298693,0.999884963,0.539754987,0.608365178,-0.315501988,0.88279438,0.435679525,0.648182154,-0.292633533,0.850670993,0.536637127,0.632757127,-0.63328582,0.848009169,0.44080621,0.65972513,-0.587331951,0.783934057,0.540064216,0.643113256,-0.700450897,0.884739637,0.440061092,0.670707464,-0.650072157,0.844787776,0.534615993,0.635676742,-0.698842287,0.874213994,0.443276405,0.652903318,-0.648807347,0.8344993,0.532376349,0.634811461,-0.641621411,0.764618754,0.445549428,0.650510669,-0.594352841,0.717595756,0.51624018,0.714519262,-0.00343262,0.999789476,0.458470434,0.717439175,0.003533727,0.999860525,0.578727603,0.720489085,-0.385758251,0.991825342,0.392804027,0.725248098,-0.387088358,0.994824588,0.558311582,0.874962389,-0.170960203,0.976152003,0.407537997,0.876097262,-0.171877891,0.993703187,0.547436118,0.895555794,-0.159248516,0.930067897,0.418218464,0.898347318,-0.159960374,0.97125864,0.568516374,0.943258047,-0.293699652,0.94987154,0.387700528,0.936972499,-0.291323721,0.98098129
1,0.422361851,0.42885235,-0.208778709,0.999856174,0.430833429,0.413516968,-0.217840508,0.999874353,0.433856159,0.413845569,-0.217826873,0.999888003,0.437299967,0.414367646,-0.217874378,0.999897659,0.426987231,0.413378894,-0.187533006,0.999816179,0.426982343,0.413574338,-0.187578976,0.999832034,0.427176297,0.413645059,-0.187539741,0.999852836,0.452259243,0.428106099,-0.228066295,0.999826074,0.440050751,0.423366964,-0.090440683,0.999790907,0.428243071,0.448283672,-0.21262534,0.999778152,0.422867924,0.448898137,-0.172748953,0.99963963,0.465441525,0.505852699,-0.283406734,0.999388039,0.438264191,0.4997347,-0.012562258,0.996272445,0.382799327,0.506386518,-0.369781435,0.983479857,0.370673448,0.494195312,0.001617633,0.505314946,0.308080494,0.494276077,-0.398090661,0.972100675,0.305692732,0.488454849,-0.083532646,0.63899231,0.286531657,0.495672703,-0.447217286,0.959103405,0.281021982,0.482408345,-0.094437443,0.60962081,0.282953322,0.480130225,-0.436225027,0.953636885,0.280131668,0.476514488,-0.120943561,0.625219166,0.289932519,0.481029928,-0.396544278,0.919373453,0.288366854,0.478302211,-0.099448003,0.633344889,0.542258859,0.685660899,-0.080100343,0.999921143,0.506196678,0.675134897,0.080156013,0.999601841,0.490950346,0.705192089,-0.39988631,0.993694246,0.424192101,0.661604702,-0.002942773,0.853472531,0.504306853,0.892011166,-0.298181504,0.992400408,0.459306717,0.829787612,0.111102536,0.893746018,0.514300942,0.918000817,-0.290104777,0.973752201,0.468248934,0.854237974,0.119836271,0.890785277,0.467165172,0.93857038,-0.378875196,0.989067733,0.415358603,0.872632742,0.07993491,0.915023386
0,0.438957065,0.163462549,-0.087344065,0.999854982,0.44710058,0.151871979,-0.105927721,0.999830127,0.449146986,0.152589768,-0.105981484,0.999865174,0.451411575,0.153295025,-0.106025778,0.999869406,0.444937617,0.150106296,-0.072561875,0.999760747,0.445109606,0.149748787,-0.072489105,0.99972409,0.445142895,0.149382532,-0.072464868,0.999652386,0.46612367,0.163578123,-0.13705942,0.9998945,0.456524551,0.160531864,0.016947312,0.99942261,0.443235934,0.183501408,-0.092917696,0.999871075,0.439903438,0.17975159,-0.050257266,0.999591649,0.494535923,0.245975733,-0.186684877,0.999951065,0.458880186,0.253614902,0.12955302,0.99823314,0.493044764,0.374060065,-0.244535729,0.99542731,0.443700492,0.356888711,0.12276727,0.088259377,0.430080086,0.322553962,-0.232378364,0.989843249,0.417693704,0.344203413,-0.034124743,0.230156705,0.412208259,0.310175836,-0.253940642,0.980015576,0.401397645,0.337014824,-0.051871054,0.256196141,0.41343388,0.292179346,-0.244879931,0.978694022,0.402110994,0.311765254,-0.070237853,0.25854072,0.41840142,0.295224309,-0.223545313,0.959309101,0.410732031,0.318216175,-0.048866984,0.24854371,0.477008969,0.500036061,-0.095200375,0.999621868,0.449929535,0.501563728,0.095233396,0.998710215,0.487148225,0.686747789,-0.095885709,0.995615542,0.45905143,0.675537288,0.196898788,0.916295767,0.505437255,0.881428778,-0.065175332,0.997651041,0.465619981,0.837637186,0.32261008,0.969231844,0.516755581,0.917390466,-0.068424545,0.981400073,0.475824744,0.864746273,0.329424053,0.93021363,0.464536756,0.939950466,-0.18396388,0.996978641,0.420562327,0.872358382,0.273425877,0.981887043
1,0.418448538,0.425253034,-0.150771022,0.999859452,0.424491495,0.409121186,-0.164410993,0.999883771,0.426565498,0.408482522,-0.164397895,0.999891639,0.428861231,0.407755792,-0.164421186,0.99990505,0.421891451,0.410007179,-0.133309945,0.999829233,0.422051281,0.409961164,-0.133325219,0.999837995,0.422353178,0.409716249,-0.133302331,0.999860942,0.441602707,0.416201055,-0.190657482,0.999845684,0.433976352,0.416373909,-0.050437868,0.999768019,0.423725426,0.443203181,-0.16032353,0.999812067,0.420457691,0.44472155,-0.119473934,0.99963659,0.461747825,0.507536054,-0.255924493,0.999255955,0.436983436,0.497832775,0.019991551,0.993944228,0.37456736,0.520642638,-0.345646739,0.971008718,0.366494954,0.513042688,0.018854106,0.304059088,0.30021897,0.516813636,-0.37395972,0.967618227,0.300467551,0.512133241,-0.064546563,0.412473708,0.279792726,0.525481999,-0.424138546,0.960136235,0.275819838,0.50455296,-0.074257389,0.428335339,0.277805388,0.50644505,-0.409358829,0.955590069,0.277305484,0.49625659,-0.10219574,0.443049133,0.284392148,0.503632247,-0.371847898,0.922285974,0.286400586,0.498341382,-0.080424435,0.451870412,0.538360476,0.687455118,-0.085971728,0.999940336,0.504941106,0.675447822,0.086037278,0.999566674,0.481155455,0.704610705,-0.37733382,0.993133128,0.418774366,0.668773949,0.031054914,0.773557484,0.503256142,0.892212152,-0.278190374,0.992828846,0.459909528,0.828655243,0.130439952,0.846434355,0.512180209,0.916682005,-0.269560754,0.977325559,0.469511181,0.853151977,0.138396218,0.854094923,0.470817983,0.925357878,-0.34762007,0.989565909,0.418111801,0.87501651,0.10508351,0.881288767
0,0.432439029,0.169892505,-0.091449708,0.999797761,0.439598262,0.156962737,-0.107989587,0.999764264,0.442308843,0.157197744,-0.108033493,0.999808729,0.445325464,0.15725489,-0.108075179,0.999807,0.435938507,0.155133009,-0.077512145,0.999692678,0.435643047,0.154356092,-0.077507928,0.999668658,0.435305417,0.153448239,-0.077530414,0.999606013,0.460379779,0.164413437,-0.123466238,0.999807835,0.446513653,0.161341831,0.010922195,0.999354899,0.436931759,0.189470425,-0.094016276,0.999780893,0.431841195,0.186224297,-0.05549081,0.999450028,0.48779431,0.240750864,-0.160309911,0.999817967,0.445579469,0.249245748,0.126306832,0.998060882,0.483256727,0.366622299,-0.218524784,0.990831494,0.416316122,0.310685068,0.060101043,0.224404156,0.422129691,0.314443201,-0.188296273,0.978190601,0.398436069,0.245441988,-0.172082916,0.434556514,0.406110287,0.301423937,-0.204927757,0.962886453,0.390852332,0.231262296,-0.200230598,0.436361969,0.407412857,0.281480759,-0.200155377,0.960345805,0.394503772,0.217976511,-0.202278376,0.436611503,0.412443936,0.282023162,-0.18202962,0.929861844,0.398345619,0.224827379,-0.181949794,0.417565823,0.482259452,0.496825784,-0.091021553,0.999736488,0.450905502,0.501627803,0.091004491,0.999263167,0.484794229,0.690846562,-0.106093928,0.994211912,0.45204702,0.680978656,0.133386999,0.880462825,0.504672885,0.885101497,-0.080639333,0.996916413,0.465944946,0.841018856,0.217502981,0.941889822,0.516370296,0.91979593,-0.08467634,0.976433575,0.473676026,0.865130305,0.219277263,0.89911288,0.46697998,0.941044033,-0.197317243,0.996133029,0.425612062,0.884373546,0.152488902,0.966177583
1,0.42388162,0.440072894,-0.110620022,0.999851048,0.430753946,0.422799349,-0.124170706,0.999878705,0.432882458,0.422073245,-0.124184348,0.999890924,0.43544668,0.421116769,-0.124217391,0.999901175,0.428415239,0.423434019,-0.094841041,0.999818563,0.428572714,0.423109025,-0.094850801,0.999842703,0.429082483,0.42252633,-0.094833963,0.999863446,0.448574841,0.430514991,-0.152319238,0.999863446,0.441132396,0.429304391,-0.020671168,0.999787688,0.429468572,0.459526688,-0.120763227,0.999841094,0.426375002,0.459714293,-0.082481764,0.999676824,0.467112005,0.524688005,-0.217430189,0.999316156,0.44156462,0.518774748,0.045876119,0.993548989,0.382754385,0.552990615,-0.294749796,0.967484415,0.380312979,0.547127545,0.050999999,0.241062269,0.309589297,0.558929443,-0.316626012,0.966307402,0.312044561,0.555320203,-0.021861257,0.317918986,0.290504992,0.568791032,-0.361390054,0.958367467,0.288859606,0.552318037,-0.031333562,0.346928269,0.287305027,0.55490911,-0.345188618,0.953036726,0.289200544,0.546828151,-0.058348112,0.364174813,0.293293297,0.55269599,-0.313135177,0.920134425,0.297907472,0.548910201,-0.03791834,0.372134417,0.541995049,0.69990319,-0.077864029,0.999948442,0.509021401,0.688468277,0.077941135,0.999557197,0.484428972,0.703604698,-0.347039998,0.9919191,0.425294399,0.662072659,0.026406173,0.710324228,0.502146602,0.891972959,-0.237341329,0.99123317,0.459629357,0.830677032,0.124121681,0.816870093,0.51256758,0.918290019,-0.226616547,0.976289392,0.467449009,0.85504514,0.132330567,0.840241134,0.468616158,0.929174483,-0.296338201,0.987498701,0.417281777,0.872582853,0.097139396,0.863719702
0,0.436161906,0.164304972,-0.109342471,0.999544621,0.443248093,0.150083512,-0.128781453,0.999497473,0.445140272,0.150726333,-0.128822461,0.99958396,0.447290838,0.151520699,-0.128851205,0.999619901,0.441696227,0.148555174,-0.095010512,0.999353409,0.442348093,0.148171216,-0.094996765,0.999345183,0.443126261,0.147882476,-0.095014632,0.999239683,0.462367296,0.162632957,-0.158147812,0.999661088,0.456179202,0.159113541,-0.009456525,0.998582125,0.441549242,0.184776962,-0.117875502,0.999693215,0.4393242,0.182300419,-0.074542291,0.998942673,0.493727356,0.243543237,-0.214728802,0.999917805,0.463480473,0.256317407,0.109023198,0.998017311,0.501684606,0.375172675,-0.253167629,0.992175817,0.456523567,0.360795707,0.161241442,0.105449237,0.433578908,0.357263744,-0.239967227,0.981540143,0.419593006,0.365288287,0.078068517,0.22347413,0.418582916,0.356490493,-0.268856883,0.966664374,0.406136274,0.371670246,0.06987112,0.244452953,0.41768074,0.336902261,-0.261136591,0.964572787,0.402497917,0.359392464,0.042913765,0.251823902,0.422144175,0.335237145,-0.233715385,0.932205975,0.407215655,0.360581577,0.062036149,0.244256496,0.497681916,0.497083664,-0.098172456,0.999628961,0.470607132,0.497323394,0.098206483,0.998523891,0.494249016,0.686833739,-0.0926015,0.994711041,0.461372524,0.671219051,0.198165923,0.887514234,0.504960656,0.883964121,-0.049999539,0.997451842,0.465233028,0.837107837,0.317396641,0.953387678,0.515419424,0.914537072,-0.051301401,0.981303513,0.475160658,0.861675322,0.323510259,0.90854919,0.465571553,0.936918736,-0.1579175,0.996513546,0.419873893,0.874450624,0.26769051,0.97260952
1,0.427240223,0.439165294,-0.179836899,0.999860823,0.434270322,0.42258352,-0.192004651,0.999879003,0.436732382,0.421979904,-0.192011341,0.999891639,0.43961516,0.421450377,-0.192052692,0.999907613,0.43100518,0.423115164,-0.161484808,0.99982059,0.431012779,0.422792345,-0.16150406,0.999843001,0.431144953,0.422217399,-0.161472216,0.999869585,0.454067081,0.430556953,-0.209446982,0.999872684,0.443846136,0.429243863,-0.072566196,0.999797821,0.432375431,0.458331972,-0.185793296,0.999856412,0.427968204,0.459500432,-0.145894483,0.999705493,0.472608089,0.530051351,-0.270245016,0.999441981,0.442856848,0.514379025,0.00749584,0.995059788,0.385708421,0.554664493,-0.358516604,0.973791778,0.382521152,0.537494361,0.014467502,0.285504073,0.31233421,0.556662142,-0.38570112,0.969316542,0.315380961,0.548283279,-0.0592121,0.362205893,0.293353856,0.566577315,-0.435930401,0.961576343,0.29352361,0.542608321,-0.069209158,0.387162715,0.290344924,0.552760482,-0.419680506,0.956285298,0.293575704,0.539337456,-0.098893084,0.404653221,0.296278059,0.549962938,-0.382632405,0.923290551,0.302304953,0.541866601,-0.076103523,0.412882656,0.54128474,0.702235281,-0.081536233,0.999949396,0.505405843,0.686321616,0.081606828,0.999551594,0.486035198,0.707479835,-0.386462271,0.9920066,0.420999587,0.659514666,0.010691954,0.736358941,0.50192374,0.893417776,-0.258863151,0.991179943,0.458292246,0.828618467,0.133540004,0.839734793,0.51051265,0.918213546,-0.246783346,0.974639237,0.466762543,0.851122797,0.143478185,0.857722521,0.468256861,0.935681045,-0.321745276,0.987394571,0.414814174,0.867999852,0.108448491,0.881847501
0,0.434784651,0.163852751,-0.115957066,0.99925077,0.441579163,0.15130122,-0.136003405,0.999162972,0.443586737,0.151962668,-0.136060387,0.999298453,0.44587189,0.152785033,-0.136109486,0.999390781,0.43933934,0.149704084,-0.101590738,0.99899441,0.439634979,0.149433032,-0.101562247,0.998992562,0.439981699,0.149199679,-0.101561427,0.998923481,0.46042186,0.162899733,-0.168716893,0.999378622,0.452399343,0.160115942,-0.015155199,0.998034358,0.439382404,0.183385357,-0.124644533,0.999544322,0.436346829,0.180350393,-0.08035703,0.99861449,0.488842189,0.241422489,-0.220319629,0.999873102,0.459483385,0.255062729,0.111261725,0.99796164,0.499456346,0.378399163,-0.227251723,0.991853952,0.456011474,0.371504366,0.143900767,0.12241821,0.428246021,0.380137116,-0.156705678,0.97701937,0.419813722,0.371617138,0.013483489,0.232592508,0.413150072,0.383348376,-0.175937459,0.961402297,0.403072923,0.381895691,-0.000124547,0.258351892,0.410512626,0.36180234,-0.171427056,0.959250152,0.40096131,0.360789716,-0.022473054,0.269958913,0.415238291,0.357776731,-0.149717003,0.922433376,0.407421529,0.35585326,-0.001993003,0.2650823,0.493968785,0.499510735,-0.100793444,0.999655843,0.466625035,0.498759806,0.10083995,0.998485029,0.487979561,0.690838456,-0.096102521,0.99398762,0.455161184,0.672283053,0.184846237,0.849435329,0.504858017,0.884641886,-0.050478797,0.996880591,0.465898037,0.837652147,0.298493207,0.932124138,0.514959931,0.914957285,-0.051709928,0.979448259,0.475526631,0.860633194,0.30293411,0.890212893,0.464908421,0.938865304,-0.157264367,0.995567977,0.4213337,0.8753286,0.244502544,0.961194158
0,0.498913825,0.243896425,-0.171475187,0.999958217,0.504033387,0.2280045,-0.148621887,0.999928117,0.507418096,0.227138057,-0.148627385,0.999890149,0.510651708,0.226592764,-0.148660168,0.999909341,0.493935764,0.22885102,-0.147379726,0.99992466,0.490256488,0.228486955,-0.147389054,0.999886036,0.486559689,0.227903768,-0.147353798,0.999921799,0.51549089,0.23072508,-0.042769954,0.999834657,0.48225385,0.229099825,-0.034894086,0.999888897,0.505195439,0.257472962,-0.133106038,0.999842584,0.492496252,0.257063419,-0.131129682,0.999878466,0.539838791,0.291196197,-0.027933866,0.999299407,0.461319834,0.297323227,-0.007760162,0.998882532,0.561718106,0.193949282,-0.119452938,0.996643305,0.432971239,0.21404323,-0.074663073,0.996058524,0.55619216,0.074405976,-0.197230905,0.991008103,0.440894455,0.084119461,-0.147711858,0.990542471,0.555770218,0.047606383,-0.238112286,0.968483984,0.437499762,0.061014161,-0.192632914,0.964476168,0.550334811,0.046585023,-0.240520045,0.965296388,0.444830835,0.060813598,-0.187164396,0.961247206,0.548132598,0.05392791,-0.205030829,0.965049267,0.447907984,0.069031991,-0.15345189,0.961752534,0.522306502,0.549840569,-0.007264739,0.999592721,0.472315699,0.547876716,0.007316932,0.999510586,0.53324151,0.72474885,0.01603106,0.993231058,0.462884903,0.728636026,0.017186819,0.994663894,0.546219766,0.891262889,0.173268914,0.990478098,0.44732675,0.902121902,0.163894579,0.993190527,0.542056203,0.913705528,0.181358233,0.884393692,0.45367074,0.922487378,0.171028361,0.908906341,0.550638795,0.958018422,0.049657755,0.979928195,0.440902412,0.963454366,0.046883054,0.98355931
1,0.499466002,0.552127481,-0.257786095,0.999962449,0.504499376,0.533584595,-0.245686099,0.999956548,0.507297456,0.531875014,-0.245611072,0.999933958,0.509774446,0.530100703,-0.245692015,0.9999488,0.495097071,0.534640014,-0.243182272,0.999955356,0.491819441,0.533639252,-0.243275449,0.999932647,0.488588631,0.532592118,-0.24326627,0.999958098,0.514000058,0.527316213,-0.164153054,0.999909937,0.483919472,0.528213322,-0.150826082,0.999950826,0.504809141,0.560238957,-0.225658983,0.999893665,0.494654834,0.561456501,-0.222051382,0.999923527,0.537735581,0.562175751,-0.127898261,0.99914068,0.459820896,0.565845966,-0.119144715,0.999569416,0.567393422,0.507978797,-0.203692153,0.997204423,0.427474737,0.529719055,-0.181266531,0.998473406,0.55325675,0.405620098,-0.251465648,0.991674483,0.433973551,0.420518339,-0.219091967,0.994547904,0.555055439,0.379108429,-0.271717727,0.970330775,0.431284904,0.396603137,-0.243417829,0.971634686,0.547986627,0.37905845,-0.258475363,0.964972258,0.43644771,0.39497745,-0.222486734,0.965343773,0.545629501,0.388182372,-0.249555394,0.957578599,0.439224392,0.403896362,-0.215019733,0.957935154,0.521325767,0.753996551,-0.001850456,0.999356985,0.47258383,0.751886725,0.001838898,0.999596417,0.571319222,0.788291991,-0.316796005,0.996033132,0.423245847,0.792380512,-0.305024475,0.997909069,0.547306418,0.897798479,-0.13095738,0.986099005,0.442891985,0.9039343,-0.133427292,0.995347619,0.53666997,0.912765265,-0.113717496,0.948806763,0.452747196,0.92085743,-0.118001424,0.969088554,0.557398021,0.957035661,-0.188200682,0.973952234,0.435757697,0.960689723,-0.194193035,0.986438632
0,0.497419506,0.239113212,-0.204041436,0.999930084,0.502534151,0.22375755,-0.181237161,0.999878943,0.505867124,0.223255008,-0.181227297,0.999813437,0.509042501,0.222854525,-0.181254119,0.999846816,0.492970377,0.224448159,-0.179453522,0.999881744,0.48978582,0.224554658,-0.179480925,0.999830067,0.486415446,0.224538445,-0.179449841,0.999887407,0.513635933,0.227737576,-0.07524433,0.999694049,0.482212543,0.226339191,-0.065428481,0.999828935,0.503631473,0.254134983,-0.166057616,0.999723375,0.491560698,0.254147023,-0.163376346,0.999806881,0.539170206,0.292045176,-0.052593291,0.998911738,0.461815506,0.296418428,-0.035303608,0.998836398,0.565286219,0.195349276,-0.140632421,0.996287227,0.430816114,0.217423379,-0.097735837,0.996817172,0.553556323,0.072745293,-0.216658115,0.989221096,0.436376393,0.090009943,-0.169111758,0.991939545,0.552891493,0.04858553,-0.256095439,0.961586356,0.434837759,0.065828353,-0.21293886,0.967926025,0.547073305,0.048441112,-0.257653624,0.957896352,0.441963375,0.066593461,-0.20553501,0.964770198,0.545131087,0.05520732,-0.223985195,0.957696915,0.444143713,0.075396493,-0.173494622,0.964391112,0.524138093,0.554916441,-0.006417703,0.999584615,0.474445492,0.552493811,0.00648603,0.999525547,0.536140621,0.730612636,0.024773089,0.992447674,0.465798289,0.725886047,0.016432084,0.994866192,0.547248244,0.899592936,0.159811735,0.990041852,0.44807142,0.897394061,0.154971153,0.993001997,0.546050966,0.922125161,0.164672971,0.903916895,0.453554779,0.916371047,0.161244035,0.917705059,0.548432291,0.95742923,0.030419867,0.97849369,0.439078659,0.962722123,0.03795914,0.982650757
1,0.499742836,0.544330478,-0.291273117,0.999964952,0.504609346,0.526529849,-0.279124051,0.999955833,0.50770241,0.524964988,-0.279032111,0.999935091,0.510278821,0.523601711,-0.279126972,0.999948204,0.495183468,0.527532756,-0.276671112,0.999954462,0.491813421,0.526551902,-0.276754797,0.999933422,0.488711894,0.525645673,-0.276732087,0.999957263,0.514200807,0.52134043,-0.194738612,0.999919176,0.484240055,0.522145271,-0.180214137,0.999953687,0.505429208,0.552435577,-0.257585078,0.999897063,0.494811624,0.553702235,-0.253607601,0.999924183,0.538408637,0.555870652,-0.151357859,0.999287426,0.460432053,0.561194181,-0.140761957,0.999567866,0.570271373,0.500261068,-0.223560661,0.997442424,0.425943524,0.522310019,-0.194866851,0.998721361,0.554102182,0.3984164,-0.276757181,0.990138352,0.431752145,0.411934674,-0.231651902,0.99457556,0.555066288,0.371959656,-0.298498362,0.964245796,0.430541813,0.384279847,-0.25565201,0.970724285,0.547803044,0.371787935,-0.285929978,0.957715333,0.435826629,0.382772058,-0.235774353,0.964121401,0.545826316,0.381176382,-0.275447875,0.948330581,0.437855393,0.39214623,-0.227919102,0.95577538,0.522769868,0.74800545,-0.003075025,0.99947834,0.473105431,0.746479094,0.003034526,0.999669433,0.57266748,0.790630579,-0.32634905,0.99724859,0.422431946,0.793669283,-0.294824004,0.998453617,0.548698723,0.898739636,-0.109501995,0.989121735,0.442403704,0.90216893,-0.087523423,0.99606967,0.538734138,0.912054539,-0.089503743,0.945566654,0.45251447,0.917082489,-0.06869626,0.973364174,0.555164278,0.961175799,-0.167382374,0.975673795,0.433312476,0.963429749,-0.140856043,0.988187909
0,0.500234962,0.234002009,-0.245624155,0.999861002,0.505151033,0.218066633,-0.224086046,0.999760032,0.508412004,0.217893854,-0.224070787,0.999651194,0.511508644,0.217834324,-0.224108383,0.999706626,0.495693743,0.218053252,-0.223736435,0.999769032,0.492212057,0.218034834,-0.223771185,0.999676108,0.488570154,0.217946857,-0.223749876,0.999756098,0.516614795,0.224745482,-0.119294502,0.999324083,0.483964205,0.221302375,-0.116441049,0.999560475,0.506033063,0.250753373,-0.207260892,0.999418437,0.493998468,0.249784455,-0.206550479,0.999529481,0.541089594,0.28932929,-0.09475778,0.997831225,0.463260978,0.293459386,-0.092278406,0.997985899,0.564065516,0.181197852,-0.174848661,0.994694591,0.439678997,0.202638239,-0.161299273,0.995310485,0.559632897,0.057148322,-0.244645208,0.984189272,0.446894407,0.068154015,-0.22380814,0.990023196,0.560108662,0.031992629,-0.281236112,0.946402609,0.443757296,0.046919193,-0.262777746,0.963574231,0.555134714,0.030439692,-0.283475906,0.942933261,0.449468225,0.044345565,-0.257838607,0.96039784,0.552933812,0.037997536,-0.252024293,0.945370674,0.452465057,0.051845722,-0.228274748,0.959718883,0.523693323,0.555138588,-0.000966082,0.999386549,0.473089993,0.551742792,0.000950248,0.999398887,0.534144282,0.720137358,0.017256472,0.988727808,0.466430426,0.721019387,0.009597329,0.99416393,0.547161758,0.896171212,0.137584716,0.989197135,0.448795468,0.898075521,0.133254588,0.993025959,0.544779658,0.920178413,0.14248547,0.901859105,0.455114543,0.918468058,0.137928054,0.905979872,0.549678564,0.95658356,0.014214176,0.977885842,0.441551596,0.96401149,0.01542075,0.982747376
1,0.502311349,0.549547911,-0.223886564,0.999950111,0.5075261,0.531442642,-0.209847808,0.99993968,0.51050204,0.529835045,-0.209788918,0.999909222,0.513082504,0.528235912,-0.209874392,0.999929547,0.497975975,0.532386243,-0.207204252,0.999935269,0.494781792,0.53157109,-0.207277223,0.99990356,0.491859436,0.530804455,-0.207265899,0.999939144,0.517551184,0.527551115,-0.128529221,0.999876559,0.4880355,0.527407587,-0.11317905,0.99991703,0.508049726,0.558749914,-0.192671612,0.999858618,0.497307867,0.559848189,-0.188556775,0.999885798,0.541119695,0.565760195,-0.100186303,0.998888552,0.463281393,0.566455603,-0.087196432,0.999267936,0.5692752,0.506475687,-0.170950547,0.996264637,0.433711827,0.524995029,-0.13993755,0.997735739,0.559792995,0.402297348,-0.219180584,0.98973316,0.437150478,0.413001329,-0.177452251,0.993714988,0.561163306,0.379256874,-0.239950985,0.966514468,0.4338153,0.390437573,-0.202798754,0.970717549,0.554050326,0.378795087,-0.2296094,0.961206377,0.43864879,0.387712806,-0.185332745,0.965218663,0.551797152,0.38749817,-0.21870622,0.954893053,0.441400379,0.395986676,-0.17510961,0.959443331,0.524466753,0.758953631,-0.003786242,0.999374032,0.475333929,0.756103575,0.003786188,0.999580741,0.57123065,0.791601479,-0.327167541,0.996215045,0.425190598,0.789723814,-0.294311196,0.997805476,0.548217654,0.895492733,-0.125500977,0.986701429,0.443229973,0.904343665,-0.122427426,0.995727539,0.538383663,0.909703314,-0.106587037,0.94433856,0.452827752,0.922612071,-0.106435463,0.971479237,0.555062532,0.956799626,-0.184274748,0.974747062,0.433973402,0.961120009,-0.184175625,0.987501919
0,0.503198743,0.23768416,-0.203935385,0.999904633,0.508309364,0.221466407,-0.181702405,0.999830842,0.511717141,0.220890582,-0.181705534,0.999748945,0.515104949,0.220463336,-0.181734413,0.999785066,0.498816818,0.222279891,-0.180828854,0.999827027,0.495448291,0.222363621,-0.180851281,0.999752283,0.491950363,0.22243087,-0.18082054,0.999820471,0.520549119,0.22469756,-0.07506422,0.99954915,0.488341987,0.224262044,-0.06964381,0.999712646,0.509499431,0.253189564,-0.165184647,0.99964118,0.497124285,0.252873838,-0.163667738,0.999717414,0.54541862,0.288817555,-0.053987604,0.998882294,0.467506945,0.2914249,-0.04527577,0.998813629,0.56949985,0.183765978,-0.142853394,0.994888127,0.439153254,0.204908609,-0.113752149,0.996938586,0.56357044,0.06259156,-0.226320595,0.987454057,0.443662733,0.074155577,-0.186240286,0.993505239,0.563242376,0.035572056,-0.266132295,0.958952248,0.440601736,0.04909835,-0.22859852,0.975103676,0.558227479,0.035125427,-0.270075738,0.956118703,0.447437465,0.049329076,-0.224048108,0.972860336,0.556187153,0.042085752,-0.235009551,0.956739128,0.450568765,0.058681715,-0.191405222,0.972277462,0.52867496,0.556611419,-0.002208205,0.999591231,0.475239426,0.553861558,0.002270448,0.999603212,0.538552403,0.726638615,0.01850608,0.992631674,0.467352629,0.722129762,0.006840455,0.996717274,0.546344519,0.894245088,0.147637263,0.991046309,0.449157327,0.896187425,0.139534801,0.995127201,0.54268086,0.918645501,0.155356571,0.917372108,0.455044448,0.918978274,0.145665824,0.930526912,0.548306942,0.957049251,0.025686527,0.980862439,0.444883287,0.960866988,0.023371754,0.986666739
0,0.448648125,0.243042693,-0.066035032,0.999551058,0.4528808,0.226289153,-0.077630997,0.999597371,0.455320746,0.224834755,-0.077665888,0.999574482,0.457845449,0.223601907,-0.077706464,0.999571502,0.448595822,0.22820884,-0.047727935,0.999418199,0.448059559,0.228160664,-0.047744259,0.998992324,0.447468281,0.228400245,-0.047785603,0.999058604,0.470527589,0.222509027,-0.091540709,0.999449253,0.456503242,0.230150461,0.045377858,0.998927116,0.456871837,0.25376761,-0.067466237,0.999177516,0.452566385,0.254401535,-0.027929366,0.998609245,0.50481981,0.277856559,-0.140482292,0.999619126,0.460730404,0.287034571,0.116609678,0.998444855,0.481566817,0.18589206,-0.271580786,0.995506763,0.435289711,0.194009945,0.209129021,0.720185101,0.46272555,0.065023452,-0.339390755,0.988444805,0.426258087,0.08648818,0.182807803,0.906306803,0.462040365,0.042896166,-0.375224233,0.982130587,0.427486032,0.070282862,0.170868486,0.878592789,0.461486191,0.040742382,-0.374141753,0.980610311,0.430074513,0.068074197,0.155783817,0.875477016,0.4600721,0.05003421,-0.340776712,0.971344411,0.430544138,0.072740249,0.172020495,0.876078665,0.495883167,0.527518988,-0.086370796,0.999833584,0.464115083,0.528200209,0.086339578,0.999574602,0.506223917,0.70820421,-0.135913804,0.990206718,0.476997763,0.702443421,0.149107933,0.922176301,0.52307713,0.896801412,-0.144695133,0.995230973,0.492091268,0.861757755,0.252952933,0.953425467,0.534353197,0.930559278,-0.151214764,0.9859038,0.503461719,0.888527513,0.257744879,0.92286557,0.487440348,0.954862714,-0.273947418,0.992635012,0.456592321,0.913451076,0.189120173,0.961518466
1,0.450407505,0.544281662,-0.085810252,0.99858135,0.450957865,0.528496683,-0.093530618,0.999344885,0.452597618,0.526463985,-0.093533106,0.999353588,0.45429188,0.524369419,-0.093615845,0.999505103,0.448638141,0.530443966,-0.07237307,0.998796701,0.448585451,0.529784501,-0.072373539,0.998181641,0.448543072,0.529082716,-0.072358288,0.998439908,0.467407882,0.513022959,-0.104567312,0.999061346,0.458955228,0.520997524,-0.006727989,0.998464406,0.459934652,0.548525035,-0.087946132,0.998717844,0.456703603,0.550812066,-0.059754174,0.997012377,0.507610917,0.544115186,-0.134846821,0.999390066,0.474151075,0.553972602,0.037271049,0.995554924,0.467485517,0.486715585,-0.23458752,0.990404069,0.427324057,0.496577889,0.115180336,0.735227466,0.43081513,0.395367265,-0.241372153,0.976569176,0.408991963,0.411580652,0.126973942,0.807908058,0.426814854,0.372271389,-0.261783957,0.966026604,0.407399327,0.389302999,0.125189766,0.784206271,0.428770393,0.367833287,-0.257316291,0.96192342,0.411459059,0.388440192,0.122775599,0.785099745,0.429358631,0.378821135,-0.240111589,0.942797124,0.413147688,0.397268832,0.12324474,0.788598835,0.54840529,0.754652143,-0.064491794,0.999744654,0.514518142,0.739607692,0.064698882,0.998937011,0.480974197,0.765515983,-0.285399228,0.993485689,0.433521569,0.730291426,0.048510145,0.861436367,0.518600345,0.89671886,-0.210598901,0.980369747,0.481510699,0.84296155,0.078822158,0.803999305,0.537342191,0.923223794,-0.201740026,0.964741707,0.498108536,0.857525408,0.080676734,0.760371923,0.484458536,0.950496137,-0.231580615,0.97505486,0.455298811,0.905409157,0.072471507,0.82418102
0,0.459079415,0.228337452,-0.068152905,0.999339521,0.462864071,0.211085722,-0.075230516,0.999357581,0.465220302,0.209357053,-0.075266048,0.999316335,0.467905045,0.207382917,-0.075305142,0.999412417,0.458616316,0.214343324,-0.047736615,0.999266624,0.457962692,0.214988023,-0.047752291,0.998854518,0.457446396,0.215483129,-0.047815721,0.999086142,0.481283814,0.207561955,-0.080623433,0.998971581,0.465851456,0.218309015,0.04570175,0.998768151,0.467195839,0.240799397,-0.067980237,0.998129725,0.462004095,0.242154464,-0.031893145,0.997445524,0.514382958,0.272291362,-0.131968051,0.999233186,0.467011839,0.282923371,0.119237103,0.997695744,0.482601076,0.174493715,-0.229043454,0.995182693,0.43754071,0.194671616,0.184549451,0.789320171,0.465906203,0.060900565,-0.257206857,0.975861967,0.43100071,0.087395199,0.151414245,0.89045471,0.464376152,0.045286439,-0.288374484,0.958390951,0.432167619,0.070769079,0.136402071,0.840802073,0.463957399,0.044464923,-0.288482904,0.954077005,0.43555522,0.067907728,0.129147142,0.834347963,0.463524759,0.049747977,-0.258758456,0.938434601,0.436174333,0.073453084,0.143066928,0.833565176,0.508833945,0.526424348,-0.084217079,0.999755323,0.474721998,0.531151116,0.084207959,0.999408722,0.509110034,0.705290377,-0.114779569,0.984187186,0.479137719,0.700120986,0.151827782,0.885854185,0.527737558,0.896523952,-0.108190313,0.990733504,0.485443503,0.857392311,0.255092561,0.908080399,0.538996816,0.929648757,-0.113456406,0.970151246,0.495526731,0.887980998,0.259622693,0.876122653,0.484283507,0.947049797,-0.226771504,0.987326443,0.447177351,0.903128028,0.19212839,0.927850008
1,0.446042925,0.540085733,-0.100245342,0.997998536,0.447668165,0.522765338,-0.106784567,0.999038398,0.449511856,0.520679712,-0.106784835,0.999019027,0.451369196,0.518615842,-0.106874391,0.99927187,0.444626004,0.525770962,-0.084731072,0.998219311,0.444407463,0.525641561,-0.084723033,0.997224271,0.444185168,0.525448084,-0.084702954,0.997675776,0.464446783,0.509511113,-0.113472566,0.998717904,0.455767304,0.518083751,-0.009535069,0.997813225,0.456389904,0.545508385,-0.10037192,0.998275459,0.452776104,0.548829079,-0.070843585,0.996138453,0.505753338,0.54226023,-0.143469676,0.999352992,0.472094923,0.551779807,0.033219524,0.99570477,0.464772999,0.484616011,-0.241248757,0.990418613,0.427562624,0.486421049,0.07891611,0.724588394,0.429418743,0.390925884,-0.238398597,0.974379182,0.409778595,0.395121038,0.068414986,0.79790324,0.425900221,0.367173165,-0.259830475,0.962046862,0.413515091,0.367621243,0.061505057,0.764510214,0.42794174,0.363718301,-0.253379345,0.957589626,0.419682682,0.367463142,0.061578315,0.762851536,0.428578049,0.373815417,-0.236391097,0.937320948,0.418928057,0.378788918,0.064850673,0.764607072,0.547913194,0.753581583,-0.064344771,0.999816239,0.511350453,0.739253759,0.064540319,0.999274313,0.483044773,0.76086098,-0.320366681,0.993292809,0.430447757,0.72829777,0.009033011,0.884215534,0.519554913,0.899175704,-0.221598744,0.980409443,0.478624433,0.842270732,0.045921631,0.841095448,0.538320482,0.925974607,-0.210474566,0.961806178,0.494279474,0.858925939,0.048652388,0.793820858,0.485130489,0.950596273,-0.248209476,0.975051641,0.451629788,0.902696967,0.025928134,0.85864985
0,0.46103096,0.223553047,-0.09374889,0.999324322,0.465485871,0.206440359,-0.100859419,0.999326229,0.467955887,0.204935223,-0.100897059,0.999299169,0.470625967,0.203232259,-0.100929759,0.999374151,0.460741848,0.208632857,-0.071383908,0.999228776,0.459686339,0.208945185,-0.071400762,0.998840213,0.458763301,0.209306255,-0.071458094,0.999038637,0.482751757,0.204205573,-0.108734012,0.99883312,0.466484874,0.21237731,0.027743718,0.998701155,0.468996763,0.237126216,-0.094339088,0.998058856,0.462565601,0.237780064,-0.05558797,0.997399032,0.513800859,0.270461202,-0.167134494,0.999205232,0.468874514,0.279320389,0.104283214,0.997535586,0.489442259,0.173138782,-0.314050257,0.995371878,0.440787166,0.191225365,0.197942182,0.769199848,0.47390613,0.047178421,-0.39762491,0.980933785,0.433369398,0.078686595,0.182777166,0.895216882,0.474379361,0.019945422,-0.436473519,0.967807055,0.432260215,0.059760768,0.175343573,0.852642596,0.475302994,0.018549738,-0.430973619,0.964385986,0.437462032,0.05764284,0.1610156,0.84704411,0.473712027,0.027861288,-0.398351699,0.951310515,0.439306319,0.062944561,0.172497511,0.846893251,0.507664502,0.531408966,-0.090348013,0.999756038,0.475631714,0.534438848,0.090268955,0.999335051,0.507625341,0.710029304,-0.094972275,0.985059202,0.482901812,0.702213347,0.171039999,0.889008701,0.526960671,0.896367669,-0.07765092,0.991370857,0.487244308,0.858222425,0.292412221,0.908509791,0.538472116,0.92999208,-0.081696756,0.975026965,0.499201298,0.887981772,0.299350977,0.876359046,0.485377848,0.946987331,-0.196900785,0.98844099,0.448094785,0.900224447,0.231871918,0.930104136
1,0.454796016,0.526789725,-0.089222386,0.997993946,0.456138045,0.511632085,-0.095558524,0.998804808,0.457927763,0.509905398,-0.095555656,0.998703063,0.459752977,0.508156419,-0.09563192,0.999034405,0.453752995,0.513262928,-0.074875705,0.998021126,0.453772843,0.512745798,-0.074880742,0.996763945,0.453746855,0.512207627,-0.074859768,0.997466743,0.472474873,0.499225706,-0.103182092,0.998201847,0.46279496,0.506920695,-0.006767558,0.997643769,0.463483751,0.531539083,-0.090551898,0.997848988,0.460726559,0.53400892,-0.062917948,0.995695591,0.507578969,0.531525791,-0.140634537,0.99952966,0.474673748,0.540887773,0.042194135,0.99786365,0.464993805,0.466074288,-0.220782593,0.992316484,0.43130976,0.474031746,0.097714581,0.795259356,0.433284342,0.370735347,-0.195618004,0.975820303,0.408006668,0.383526534,0.080574036,0.858645797,0.428704113,0.345744044,-0.215457126,0.963840902,0.411233991,0.356299639,0.071480781,0.823790431,0.430844367,0.344809949,-0.21221602,0.959926724,0.415622294,0.359946191,0.071407072,0.821730435,0.430821359,0.354708791,-0.19479686,0.943812668,0.415544093,0.36917603,0.076240934,0.824200273,0.546114087,0.748984218,-0.06587895,0.999841809,0.508722484,0.731313169,0.065991998,0.999513447,0.478787035,0.779283762,-0.269130945,0.990905762,0.432038844,0.725566268,0.027573135,0.867106795,0.517864108,0.89671582,-0.174125984,0.978124619,0.474927604,0.835535586,0.041286029,0.834246516,0.535129607,0.922243595,-0.163557872,0.956121862,0.489421755,0.85802114,0.041464854,0.801368356,0.481700987,0.944714844,-0.196035832,0.97033447,0.44883576,0.893757045,0.029234836,0.849058509
0,0.474245846,0.107587717,-0.182777345,0.999995172,0.481335551,0.088259868,-0.160162285,0.999992907,0.485403121,0.088040456,-0.160200745,0.999992371,0.488101095,0.088660203,-0.160200506,0.999992251,0.468069255,0.090467207,-0.160703808,0.999989152,0.463915437,0.091429256,-0.160687342,0.999986649,0.459766716,0.092433728,-0.160636067,0.999986827,0.493672371,0.100763544,-0.030421499,0.999988794,0.455194771,0.102261819,-0.034131296,0.999970496,0.483500183,0.129331782,-0.135212258,0.99999249,0.467732996,0.129248708,-0.136485994,0.999989927,0.529322565,0.225697711,0.027969528,0.999961317,0.423561573,0.223321855,0.036508791,0.99979949,0.548706889,0.367770076,-0.116716489,0.990114212,0.412295252,0.370016813,-0.100461528,0.954096019,0.547875881,0.247988805,-0.361417413,0.995587289,0.409155697,0.248128533,-0.374069303,0.986607254,0.549204051,0.217577234,-0.409644842,0.987507224,0.408367336,0.218300715,-0.425862938,0.971003532,0.550021112,0.206531435,-0.401800245,0.98698777,0.408851087,0.209095687,-0.423463762,0.969711065,0.546914756,0.21580863,-0.364040971,0.978692949,0.410110533,0.217541635,-0.38050735,0.95663619,0.506420016,0.49223718,-0.002932485,0.999531507,0.446697861,0.493053049,0.002883978,0.999297917,0.527556062,0.694014668,-0.013062743,0.995811701,0.436718464,0.708385527,-0.02065194,0.993633032,0.546650589,0.897416532,0.14257367,0.994802237,0.417758793,0.901371658,0.12459518,0.993253231,0.542277515,0.920888007,0.148948729,0.866131723,0.423142612,0.922371924,0.130987033,0.869932234,0.549591422,0.970037103,-0.002880852,0.991199493,0.409750789,0.972847819,-0.019254977,0.988398194
1,0.474977672,0.447279513,-0.44503203,0.999998927,0.480288923,0.429748505,-0.423731953,0.999997497,0.483423293,0.429268599,-0.423724592,0.999998152,0.486549556,0.429042995,-0.423838288,0.999995947,0.468307644,0.43108952,-0.42446208,0.999996185,0.4636361,0.431211561,-0.424544394,0.999997497,0.459749162,0.431429297,-0.424525797,0.999995351,0.490993589,0.434335887,-0.301790297,0.999997616,0.453853697,0.438476473,-0.303805858,0.99999702,0.480870903,0.464396238,-0.399666876,0.999999166,0.466298342,0.465631515,-0.400918812,0.999999046,0.526824772,0.539012849,-0.227202058,0.999965549,0.42347607,0.543983519,-0.215542167,0.999917924,0.552558601,0.684841335,-0.405852735,0.993677795,0.40961498,0.695131242,-0.382010847,0.990224898,0.543654621,0.575226665,-0.653492272,0.994323134,0.403945684,0.587757945,-0.638280571,0.989880443,0.545918524,0.547376633,-0.699642062,0.985788822,0.399533421,0.554999352,-0.682794809,0.977111042,0.545128047,0.536687791,-0.679107785,0.982178926,0.40205273,0.543260515,-0.668248296,0.969656646,0.543408275,0.544605851,-0.650534689,0.953397274,0.404406637,0.550558448,-0.638084114,0.932512462,0.507726312,0.717054307,-0.005608317,0.999741077,0.450729907,0.722765505,0.005603688,0.999778926,0.559003949,0.766241789,-0.445130885,0.996800482,0.392305911,0.776430011,-0.380524427,0.996082067,0.545706511,0.89895463,-0.128035411,0.99124378,0.418545336,0.910453975,-0.091134086,0.996932566,0.537255287,0.920872509,-0.104057148,0.939002454,0.430989683,0.92958492,-0.070172846,0.975876987,0.552422345,0.972826838,-0.236434788,0.981978774,0.399119407,0.975504637,-0.197182208,0.99035269
0,0.481151998,0.099882908,-0.263364464,0.999990761,0.48659271,0.082129344,-0.241852358,0.999984741,0.489357233,0.081952438,-0.241897985,0.999983788,0.493132204,0.081990108,-0.241906613,0.999983013,0.474563181,0.082757242,-0.243091792,0.999979377,0.469479978,0.082960837,-0.243095472,0.999976516,0.46506682,0.083471283,-0.243074387,0.999976695,0.497529328,0.091928929,-0.105487287,0.99997133,0.458743244,0.095568001,-0.112457559,0.999944448,0.487951517,0.121729776,-0.212286949,0.999984503,0.472973108,0.123844631,-0.214507192,0.999982417,0.532685995,0.220178157,-0.029887676,0.999901295,0.425941646,0.21458827,-0.021332098,0.999727368,0.556451559,0.362779498,-0.170994684,0.992927253,0.410807312,0.365561843,-0.154757708,0.971010566,0.553876221,0.239684209,-0.428961366,0.995473564,0.410601616,0.243930265,-0.442057371,0.989413679,0.554707944,0.209989205,-0.478393406,0.986176193,0.409097254,0.209231839,-0.496054024,0.975354731,0.55469954,0.19708173,-0.473080158,0.985494852,0.409910202,0.199922159,-0.494178474,0.974120378,0.552291512,0.206701115,-0.432528496,0.976416945,0.411828995,0.210356578,-0.448448718,0.961943686,0.509079099,0.490240932,-0.006333352,0.999272943,0.447772503,0.493488014,0.006275474,0.999166846,0.528090775,0.68975383,0.004909397,0.996394575,0.437354147,0.704976082,-0.002688572,0.995802164,0.546393752,0.897242963,0.155604288,0.99519366,0.418790042,0.904397726,0.146523386,0.995289028,0.543443084,0.920357823,0.161888033,0.87947768,0.424942434,0.926366448,0.152752608,0.901527762,0.549451709,0.970531881,0.006224725,0.991922081,0.406890929,0.973624408,0.000397783,0.991225481
1,0.475771338,0.465806156,-0.517136693,0.999999344,0.481988996,0.448181152,-0.497782886,0.99999845,0.485473305,0.447072983,-0.497758001,0.999998748,0.488658428,0.44619,-0.497869313,0.999997199,0.469242811,0.449502528,-0.497077525,0.999997735,0.464729875,0.449271262,-0.497176349,0.999998569,0.460757583,0.448674262,-0.497153997,0.999997318,0.493666947,0.448004544,-0.369123608,0.99999845,0.455527693,0.450962842,-0.366857827,0.99999851,0.482642949,0.482708812,-0.468936056,0.999999523,0.467908859,0.485669822,-0.468249142,0.999999404,0.530391514,0.544966698,-0.281658113,0.999981046,0.425239861,0.547688484,-0.259981692,0.999959111,0.558994353,0.684615135,-0.473346174,0.996646762,0.41014123,0.706078291,-0.42710048,0.994297206,0.54456079,0.582057297,-0.730187893,0.995674372,0.40462929,0.602753758,-0.690990329,0.992712498,0.542843223,0.555963814,-0.779191256,0.988465667,0.401355267,0.575320363,-0.737852395,0.983411431,0.540166855,0.54458195,-0.757950425,0.985108733,0.404832304,0.562672079,-0.724449456,0.978005767,0.538945019,0.552572966,-0.726926386,0.959950864,0.407254457,0.5687778,-0.691120744,0.949353158,0.509739459,0.718401611,-0.009522347,0.999719024,0.452063501,0.724730611,0.009515737,0.999782503,0.558715463,0.762458861,-0.455721378,0.997249663,0.393724412,0.775218725,-0.373880684,0.996713519,0.546548247,0.898269713,-0.140089452,0.992441118,0.418334007,0.913016021,-0.083312094,0.997319818,0.537979484,0.918632865,-0.117400445,0.942862511,0.431200325,0.933698595,-0.06446483,0.97861284,0.551915944,0.9763695,-0.255475461,0.982770622,0.397361755,0.97805059,-0.192989826,0.990302265
0,0.474380881,0.101848073,-0.235614806,0.99999392,0.481374323,0.083559684,-0.213469863,0.999989212,0.484807879,0.083384044,-0.213515326,0.999988496,0.487616062,0.083256692,-0.213517308,0.999987781,0.467804134,0.084295087,-0.212799475,0.999985516,0.463452578,0.084618486,-0.21277976,0.999983013,0.459327608,0.085017726,-0.212742567,0.999982953,0.493291795,0.092595778,-0.080852568,0.999979973,0.454702199,0.095459707,-0.078940809,0.999958038,0.48296985,0.124483027,-0.186679512,0.99998945,0.467302263,0.126339003,-0.186444074,0.999987304,0.528487086,0.219879285,-0.016081771,0.999924779,0.422452837,0.217553779,0.002870791,0.999762297,0.554380298,0.359067142,-0.161555916,0.994090319,0.407719463,0.369606942,-0.132640198,0.973203123,0.548613012,0.238881558,-0.413453817,0.99620831,0.406130642,0.242573276,-0.414595068,0.989733398,0.549183488,0.209402949,-0.461848885,0.988211632,0.404735088,0.212313414,-0.468437344,0.975706756,0.54873246,0.196148574,-0.455272347,0.987496614,0.405425698,0.201031119,-0.463775873,0.974268734,0.545963228,0.207130596,-0.41624397,0.979037464,0.407302678,0.21119009,-0.420146465,0.962025106,0.507775366,0.493575335,-0.006419678,0.999462724,0.445551395,0.496190757,0.006332465,0.999369621,0.527265012,0.695346594,0.008549668,0.996980071,0.437185526,0.707046568,-0.000126712,0.996617496,0.545980334,0.897561908,0.179616347,0.995517313,0.419072688,0.905679762,0.164598554,0.996002138,0.543196321,0.921028137,0.188647941,0.892496467,0.426275432,0.928159177,0.172691509,0.914443612,0.55050087,0.970043957,0.035636559,0.992043793,0.406493843,0.976682723,0.020267371,0.99202162
1,0.474140644,0.450879037,-0.497661531,0.999998689,0.479851186,0.432527453,-0.477290779,0.999996841,0.483245224,0.43186298,-0.477271169,0.999997616,0.486434072,0.431435525,-0.477386087,0.999994755,0.467451423,0.433771551,-0.477442175,0.999995291,0.462929815,0.433457404,-0.477539629,0.99999696,0.458900034,0.433342516,-0.477535784,0.999994516,0.491431564,0.436869472,-0.349497348,0.99999702,0.453719467,0.439316571,-0.350117505,0.999996662,0.480832428,0.468893379,-0.449705303,0.999999166,0.465951115,0.470744908,-0.450098127,0.999998868,0.529231906,0.535540164,-0.262966514,0.999972641,0.423688263,0.54471308,-0.250315607,0.999930978,0.558613718,0.675315976,-0.451250613,0.995165348,0.412344068,0.699992776,-0.421524853,0.99196893,0.544986606,0.571328282,-0.708716273,0.994808793,0.40448755,0.592026591,-0.682149887,0.990773261,0.545486331,0.544967294,-0.756809831,0.986565828,0.402034193,0.563442349,-0.728843927,0.97880429,0.544650078,0.534438014,-0.73652041,0.983069241,0.4053379,0.550290406,-0.714432836,0.971867263,0.542687297,0.541854918,-0.706048429,0.954791069,0.406721413,0.556226909,-0.682036161,0.935924709,0.509019256,0.711305082,-0.00655221,0.99975282,0.451366127,0.71875155,0.006562965,0.99977833,0.556946039,0.763026953,-0.457746893,0.996659398,0.394685566,0.776092768,-0.387218952,0.996000588,0.545827687,0.897809148,-0.128138706,0.991676867,0.417692989,0.912907243,-0.084853962,0.996853709,0.537487745,0.918009877,-0.10395243,0.935094714,0.429733515,0.931298375,-0.063300863,0.973426223,0.55201304,0.974021137,-0.245225862,0.982358038,0.40043205,0.977484703,-0.196401626,0.989868343
0,0.471740395,0.103936553,-0.289992839,0.999993324,0.478614807,0.084260352,-0.268299878,0.999988556,0.48178044,0.083918005,-0.268342316,0.999987841,0.484816074,0.08363387,-0.268357754,0.999986768,0.465239763,0.085278228,-0.269093931,0.999986053,0.460407913,0.085731462,-0.269099802,0.999984562,0.456350178,0.086377315,-0.269075871,0.999984026,0.490182102,0.092304297,-0.131708264,0.999977171,0.451031029,0.096039504,-0.136760995,0.999965191,0.479862124,0.126361132,-0.239063382,0.999989212,0.464233249,0.127939463,-0.240840584,0.999988675,0.52586478,0.218504921,-0.05191962,0.999900937,0.418999285,0.219137341,-0.046380617,0.99979341,0.555190861,0.358936608,-0.193675548,0.994329393,0.404531419,0.373937488,-0.178499952,0.979237795,0.547289908,0.246312499,-0.454943419,0.995783508,0.401037931,0.25406304,-0.466487795,0.99145031,0.546503007,0.216401339,-0.505610347,0.986750603,0.399358332,0.22339581,-0.521135926,0.97945869,0.545893192,0.204024404,-0.500218809,0.986105561,0.400342882,0.212181106,-0.518763125,0.978254795,0.543161035,0.213025227,-0.458533138,0.976768434,0.402164221,0.221231461,-0.472424328,0.9669438,0.506250203,0.494824052,-0.003806867,0.999370635,0.444141239,0.497555315,0.003730206,0.999363303,0.527224123,0.695994258,0.013028559,0.997335255,0.435412407,0.705203176,0.002703866,0.997119546,0.545392931,0.898725748,0.17555809,0.996042371,0.418895543,0.906727493,0.163130626,0.996576846,0.54166615,0.922846377,0.182222858,0.9126091,0.426992714,0.92868489,0.170088679,0.92442435,0.551378429,0.969741762,0.029088084,0.99274534,0.405201674,0.975687921,0.017938877,0.992772698
1,0.484759718,0.225104779,-0.548617721,0.999988973,0.492710412,0.201143175,-0.520382285,0.999974251,0.497319698,0.200758144,-0.520432591,0.999980152,0.501291633,0.200731575,-0.520587742,0.999955535,0.475802898,0.202259749,-0.521490514,0.999964595,0.469258368,0.202361345,-0.521581531,0.999974847,0.464099735,0.202669933,-0.521573186,0.999952018,0.509085298,0.207691282,-0.345441222,0.999974132,0.457769483,0.211040661,-0.349453628,0.999980152,0.493645579,0.248520449,-0.483260542,0.999994814,0.47314167,0.250794679,-0.484699965,0.999994695,0.552107453,0.338584661,-0.233559489,0.999851525,0.422126204,0.339443177,-0.223804042,0.999804497,0.569019496,0.523819506,-0.460354269,0.968722343,0.410311282,0.546596885,-0.416690737,0.972224116,0.573450387,0.427212834,-0.827624917,0.973441005,0.390636981,0.447423607,-0.76774168,0.975579321,0.574855208,0.413822979,-0.898797512,0.961270511,0.386421233,0.423696488,-0.832106888,0.965904832,0.571291268,0.393681765,-0.888933778,0.955194592,0.387746871,0.396656811,-0.830137849,0.95921278,0.569155455,0.398221493,-0.832053006,0.904550076,0.391147763,0.401945293,-0.774474025,0.921284854,0.531177759,0.589428663,-0.006681351,0.99957639,0.452799082,0.596026659,0.006860307,0.999732435,0.609413028,0.602231503,-0.553050101,0.996976197,0.355612338,0.608091295,-0.512111545,0.99721694,0.582234204,0.821758687,-0.203000739,0.992200673,0.382386506,0.824957013,-0.173703089,0.997748911,0.566961288,0.855605721,-0.179290503,0.973508596,0.404726326,0.859322846,-0.149479836,0.99000591,0.603608131,0.911998987,-0.364113867,0.981567025,0.353815496,0.909837008,-0.331910402,0.991159618
1,0.373205662,0.155772701,-0.242084712,0.999985516,0.384056479,0.130515113,-0.257872999,0.999991477,0.389732271,0.128685638,-0.257845014,0.99999249,0.395828187,0.127138808,-0.257956326,0.999992192,0.374477386,0.133440167,-0.214941382,0.999988556,0.373020262,0.133744925,-0.215045378,0.999989152,0.371735632,0.133915767,-0.214988068,0.999986708,0.42140919,0.138219252,-0.265005171,0.99999088,0.393908679,0.139448568,-0.077922873,0.999973416,0.388317049,0.187393486,-0.243988082,0.999991179,0.379538834,0.185365438,-0.189941943,0.999984086,0.480850071,0.303836823,-0.329895288,0.999861181,0.410014808,0.299501896,0.068000749,0.999532163,0.437792867,0.52789861,-0.308040917,0.972073019,0.398475498,0.449394941,0.026843023,0.170571893,0.358164459,0.420325905,-0.138320267,0.984279752,0.347242862,0.413730323,-0.184954956,0.342739254,0.333447188,0.3997356,-0.152320012,0.974560678,0.319779694,0.378449589,-0.199524865,0.362688184,0.343497425,0.376251519,-0.154253677,0.97348398,0.336366475,0.371107787,-0.207492262,0.351335049,0.356671274,0.376885682,-0.132968321,0.958189726,0.353433549,0.379057348,-0.195805654,0.338615447,0.573164821,0.559385478,-0.102490902,0.999976397,0.515332222,0.536938965,0.102445945,0.999916792,0.462207377,0.593304276,-0.467235178,0.992307246,0.398331583,0.513867974,-0.005179666,0.654448032,0.522653759,0.847896338,-0.320192546,0.986918867,0.445416152,0.735205948,0.146079853,0.723407447,0.549096704,0.890232682,-0.305171311,0.965525925,0.46641627,0.763374865,0.15939343,0.71810174,0.467528403,0.929986,-0.401033938,0.986908972,0.390505165,0.801561832,0.107001901,0.830802917
0,0.488048553,0.122612327,-0.323769957,0.999993622,0.495267332,0.100813434,-0.305350274,0.999988973,0.498950154,0.100489073,-0.305440992,0.999988258,0.502629638,0.100102924,-0.305456877,0.99998647,0.480633646,0.102276474,-0.304483831,0.999986053,0.475821882,0.102858037,-0.304523617,0.999984264,0.471761763,0.103315346,-0.304533929,0.999983072,0.507748604,0.107597083,-0.169787675,0.999983966,0.4669891,0.112151615,-0.166010574,0.999975562,0.497139305,0.142991781,-0.271344423,0.999994338,0.479904711,0.144894049,-0.270475,0.999993324,0.547348201,0.237974584,-0.081867218,0.999978125,0.433558941,0.24159418,-0.054914612,0.999949992,0.558879495,0.383476794,-0.141447753,0.987902224,0.42319268,0.384632081,-0.104150638,0.944496572,0.556412995,0.390946805,-0.410042197,0.986571848,0.42487663,0.406835377,-0.387403876,0.965696096,0.558232486,0.397246629,-0.469664484,0.976252019,0.425983667,0.416431606,-0.445627689,0.952594399,0.556028903,0.374495983,-0.494147003,0.977591693,0.426681995,0.391834259,-0.470038235,0.955053449,0.553327739,0.370675147,-0.425052553,0.965967476,0.427603662,0.385875165,-0.403327078,0.939998806,0.52578491,0.521044493,-0.008107105,0.999326468,0.461212963,0.528936863,0.008153187,0.99941045,0.542737961,0.718595743,-0.007926653,0.995174587,0.448260218,0.736219704,-2.84E-05,0.995033085,0.562698662,0.923602462,0.172323644,0.991549134,0.426741451,0.934898734,0.168186337,0.991747499,0.558733463,0.944742262,0.180119678,0.855894327,0.433533281,0.954966307,0.17489545,0.87619102,0.567414284,0.992390096,0.020398268,0.982141554,0.419265091,0.994901419,0.016037224,0.98155576
1,0.49530977,0.477910668,-0.184843138,0.999999523,0.499359787,0.46073541,-0.165218145,0.999999285,0.502280414,0.459993154,-0.16525583,0.999999285,0.505195022,0.459214479,-0.165365413,0.999998987,0.488950729,0.461568534,-0.168795615,0.999999225,0.48445645,0.461211145,-0.168809548,0.999999285,0.480356783,0.460797668,-0.168760017,0.999999106,0.508281827,0.462424427,-0.048112646,0.999999166,0.472111553,0.465015292,-0.062875025,0.999999523,0.500771165,0.49301666,-0.140229061,0.999999583,0.488425434,0.494308561,-0.144635007,0.999999583,0.543373883,0.53947717,0.007671291,0.999990404,0.440665156,0.550839245,0.00713919,0.999979913,0.565897048,0.64021033,-0.09827996,0.983564854,0.410270512,0.648082078,-0.090016812,0.986100614,0.569799542,0.643631339,-0.342017859,0.981175065,0.414265543,0.663364053,-0.32029742,0.985450089,0.570543647,0.656467676,-0.392724335,0.972111344,0.410774291,0.667530119,-0.364415079,0.978021085,0.563825548,0.639718473,-0.402053446,0.971898377,0.414962232,0.650229394,-0.375263751,0.978070021,0.561950624,0.63413316,-0.351389885,0.951644063,0.419367403,0.648805916,-0.329322785,0.965955198,0.52693975,0.745277822,-0.006695262,0.999477029,0.46680966,0.751770258,0.00694442,0.999599457,0.578100085,0.771645427,-0.338525683,0.998148143,0.403788179,0.778720021,-0.313321054,0.997952282,0.564656317,0.931861818,-0.180835143,0.994217157,0.42399317,0.941150725,-0.169220492,0.99553442,0.554643035,0.954104006,-0.171883896,0.970504403,0.437647492,0.96586746,-0.160405427,0.98098433,0.573762774,1.000822902,-0.288858086,0.983256578,0.400702804,0.993019044,-0.275893062,0.98361361
0,0.487595648,0.110588707,-0.250081062,0.999979258,0.495292366,0.089546032,-0.22980912,0.99995935,0.499095768,0.089256771,-0.229887933,0.999952197,0.50233525,0.089400321,-0.229905516,0.999949515,0.479808033,0.090530165,-0.231275529,0.999961734,0.475089967,0.091062315,-0.231291026,0.999958098,0.470567286,0.09159527,-0.231279612,0.999962211,0.507804394,0.097549088,-0.097224787,0.999924242,0.465908051,0.101532906,-0.104324698,0.999933064,0.49655214,0.133240685,-0.199773282,0.999978364,0.478785843,0.134526327,-0.201995939,0.999981105,0.545844376,0.227199093,-0.022254065,0.999931633,0.431077302,0.230305374,-0.014506856,0.999931097,0.566837668,0.350926131,-0.081950501,0.985414624,0.416090786,0.35817948,-0.071708106,0.971356153,0.55594486,0.369177043,-0.322125018,0.974227667,0.423711836,0.375506371,-0.325627446,0.973490536,0.552385628,0.382914484,-0.378309846,0.950953066,0.427405357,0.38810581,-0.381390899,0.957068324,0.549011409,0.361620754,-0.396469712,0.953033328,0.428990185,0.362623125,-0.400124609,0.958396852,0.548222363,0.35482654,-0.334498942,0.933762789,0.429355919,0.356567681,-0.338687718,0.94356221,0.524370432,0.51499933,-0.003236805,0.998849094,0.457832634,0.520301461,0.003292967,0.999173284,0.543451905,0.713915765,0.015128806,0.995590925,0.448545218,0.726616979,-0.001745438,0.996624708,0.564763188,0.917686701,0.159219638,0.992493987,0.429247707,0.929889262,0.138715118,0.994099259,0.56016326,0.942990899,0.163202196,0.885076225,0.43457669,0.952060163,0.142607763,0.892425179,0.572788835,0.99042064,0.013193595,0.984696686,0.422438055,0.988811433,-0.007319896,0.985674024
1,0.492503643,0.466722488,-0.21120958,0.999999344,0.496559381,0.449939609,-0.194031537,0.999998689,0.499637783,0.448838562,-0.194058776,0.999998868,0.502347767,0.447904915,-0.19415383,0.999998152,0.486107886,0.451997668,-0.195793241,0.99999851,0.482091486,0.452321887,-0.195807695,0.999998748,0.47861582,0.452616423,-0.19576636,0.999998271,0.506776392,0.450594962,-0.081171826,0.999998689,0.471739709,0.457209826,-0.087155446,0.999999046,0.499478996,0.481634736,-0.167343244,0.999999523,0.487026125,0.483849108,-0.16919741,0.999999583,0.543026328,0.529533505,-0.016213322,0.999990642,0.442158639,0.539476812,-0.010879979,0.999978483,0.562992692,0.631476283,-0.115335539,0.982429862,0.413304895,0.635654688,-0.10060364,0.987236679,0.568410277,0.634191275,-0.352653354,0.974084079,0.414424568,0.646708786,-0.329630315,0.983853519,0.570179105,0.645631075,-0.400126517,0.963530719,0.411828339,0.65066272,-0.372981727,0.975435197,0.564878464,0.629372299,-0.408003509,0.963415802,0.416048855,0.630713582,-0.383992076,0.97523582,0.562598228,0.624158621,-0.361170709,0.936409891,0.419996679,0.628133535,-0.338658661,0.95999217,0.527138114,0.738034308,-0.008648651,0.999644995,0.468687713,0.744468093,0.008869149,0.999682188,0.573340476,0.775132895,-0.347839296,0.998145103,0.409461021,0.782716095,-0.306685627,0.997875512,0.564574301,0.932385445,-0.188375697,0.994985104,0.424470425,0.942551494,-0.160761252,0.995690763,0.554383218,0.955512822,-0.178564951,0.967209578,0.437530845,0.967720568,-0.151443809,0.978577971,0.572327554,1.001926899,-0.298878551,0.985235691,0.401508719,0.997006416,-0.264563143,0.985407591
0,0.484916449,0.111474544,-0.242321223,0.999991179,0.4925704,0.0902384,-0.222014457,0.999983191,0.496560574,0.090038799,-0.22209768,0.999981463,0.499715269,0.090321563,-0.222108483,0.99998039,0.47795099,0.092215359,-0.223135233,0.999980927,0.473442882,0.092987306,-0.2231334,0.999978244,0.469135195,0.094093494,-0.223101944,0.999978185,0.50547111,0.100325175,-0.089290269,0.999973178,0.464384556,0.103964575,-0.095416166,0.99996084,0.49446243,0.133036911,-0.191996098,0.99999088,0.476788372,0.134202793,-0.193875954,0.999989867,0.544097006,0.225546792,-0.016360864,0.999981046,0.429874659,0.231217474,-0.000260658,0.999941051,0.566383004,0.345685095,-0.082034357,0.993851066,0.416509151,0.362172753,-0.062539399,0.972190142,0.559564173,0.363100231,-0.337246209,0.993074417,0.419396251,0.373940349,-0.334854513,0.980807662,0.557245672,0.369869918,-0.396098435,0.984918594,0.420320511,0.379627317,-0.392470449,0.968953431,0.553399146,0.346599907,-0.414778292,0.985567749,0.422076613,0.356947422,-0.411885411,0.969895542,0.552197218,0.341697872,-0.349826992,0.977354348,0.423263401,0.352724969,-0.348671079,0.95864594,0.523141205,0.514649868,-0.005249332,0.999325216,0.45690909,0.519795954,0.005319602,0.999391913,0.541758358,0.718749464,0.01071856,0.99585861,0.447477907,0.727372766,-0.001589986,0.996486127,0.561898053,0.923458517,0.154200435,0.992232144,0.428300381,0.934083641,0.137177736,0.99367249,0.557673097,0.946871161,0.158051044,0.889511943,0.434231937,0.955904365,0.141811103,0.89740932,0.569811583,0.996769905,0.008126928,0.983794451,0.42021355,0.994317293,-0.007750203,0.984637082
1,0.491461575,0.473424882,-0.185429722,0.999999464,0.494897783,0.45680508,-0.167393625,0.999998987,0.497746378,0.455766201,-0.167422518,0.999999106,0.500419974,0.454826891,-0.167517275,0.999998629,0.485114872,0.458993405,-0.169750571,0.999998808,0.481231868,0.459290147,-0.169766396,0.999998927,0.477828085,0.459584266,-0.169716716,0.999998569,0.503621459,0.456950873,-0.052858271,0.999998987,0.470140606,0.463207275,-0.061748583,0.999999166,0.497401386,0.48778674,-0.14112179,0.999999583,0.485812336,0.490242511,-0.143931568,0.999999583,0.539364517,0.53000474,0.003362108,0.999994159,0.439836353,0.541623771,0.011003187,0.999978602,0.562133193,0.619278014,-0.10631077,0.987373948,0.408908695,0.636307895,-0.091062069,0.98645252,0.567458034,0.630054057,-0.34292087,0.984932959,0.411779642,0.647687376,-0.323637038,0.983487427,0.567546308,0.644940257,-0.391736448,0.978018701,0.410618246,0.651994944,-0.36845243,0.97510004,0.561989367,0.629831731,-0.401111692,0.978111446,0.415626705,0.63307941,-0.378947258,0.975151002,0.560055435,0.624155939,-0.351863772,0.96052289,0.41910997,0.630868077,-0.33260107,0.961082101,0.526064515,0.741421163,-0.009425846,0.999688387,0.46740222,0.749642432,0.00964193,0.999684691,0.571932197,0.774672627,-0.353861272,0.998464048,0.408645719,0.782454908,-0.318644851,0.99803406,0.564537883,0.932125628,-0.224575445,0.995576203,0.424700797,0.941555202,-0.206551045,0.996106923,0.555421293,0.955450356,-0.218911171,0.968053997,0.437799037,0.968301117,-0.200884938,0.980053663,0.570514798,1.000555873,-0.345372647,0.98716706,0.403496176,0.997633934,-0.321611226,0.987554014
0,0.460405439,0.125350267,-0.183733523,0.99992305,0.467334598,0.106152967,-0.201097369,0.999908149,0.470550239,0.105617419,-0.201155618,0.999922693,0.473940223,0.104871221,-0.201265067,0.999922633,0.461957753,0.106120132,-0.167087406,0.999879599,0.461325794,0.10567978,-0.167056158,0.999872923,0.46080476,0.105237402,-0.167057782,0.999838591,0.492096245,0.106500097,-0.207349777,0.999964952,0.474562824,0.110059939,-0.053444546,0.99977088,0.469758123,0.14737007,-0.180653557,0.999964535,0.463831902,0.147031605,-0.136363059,0.999835968,0.531158686,0.223271906,-0.214729756,0.999970198,0.478166491,0.226687595,0.080607764,0.99914813,0.568464398,0.381239623,-0.221109182,0.996571243,0.471137226,0.378850162,0.06680809,0.122612819,0.493075222,0.3929784,-0.187141299,0.970821142,0.449853987,0.398640007,-0.119397797,0.23180747,0.472547531,0.393847406,-0.20872061,0.929785788,0.442437083,0.409367114,-0.147706136,0.241229907,0.473312527,0.3742944,-0.203835368,0.926988125,0.442089647,0.392969102,-0.169464648,0.246359676,0.477718025,0.371545076,-0.179937929,0.887362778,0.446238846,0.388452113,-0.136420622,0.232882753,0.515993357,0.514221549,-0.101153575,0.998240113,0.480749905,0.515988469,0.101257369,0.996643603,0.519891024,0.728015304,-0.118559934,0.989569902,0.486541808,0.714754045,0.165605232,0.902412474,0.542235494,0.95362252,-0.059327025,0.991230607,0.488066852,0.898627996,0.287775606,0.951925576,0.542088032,0.976290703,-0.062536731,0.937555134,0.504608989,0.938263357,0.292574704,0.910087287,0.510812223,0.991331577,-0.198399127,0.984104514,0.436265081,0.94696486,0.214037657,0.961509943
1,0.460552752,0.4731538,-0.187305838,0.999069393,0.468311965,0.452460736,-0.196733981,0.998962343,0.472101271,0.452022851,-0.196739197,0.999018729,0.476219326,0.45179832,-0.196785852,0.999049366,0.46244964,0.451918334,-0.17086181,0.998829126,0.461794913,0.45122689,-0.170935839,0.998903871,0.46115762,0.450404197,-0.170949414,0.999033093,0.492445141,0.460455358,-0.198685199,0.99820447,0.475418657,0.456045449,-0.084465221,0.998797655,0.470052809,0.493932754,-0.18666324,0.99898541,0.463116467,0.491974145,-0.153666794,0.998420238,0.521292567,0.562275112,-0.251630574,0.997699976,0.474015623,0.540034294,-0.007372121,0.998167694,0.434426695,0.622990549,-0.312864155,0.966644228,0.411361307,0.585227907,0.018598031,0.709484935,0.356977791,0.63283211,-0.330951333,0.96766603,0.346648097,0.5986709,-0.061670046,0.776144207,0.338022143,0.639262617,-0.376152277,0.95773232,0.328750372,0.601588964,-0.072970159,0.755987823,0.33597374,0.620971024,-0.369897693,0.95542419,0.32934925,0.592388988,-0.110228613,0.772084057,0.341475874,0.618581951,-0.330756009,0.930063248,0.335574687,0.593033075,-0.080953434,0.781626701,0.580578744,0.773911297,-0.073470935,0.999737501,0.539815903,0.739885092,0.073396012,0.999378681,0.489964485,0.797875464,-0.347286463,0.989316702,0.434186846,0.727802813,0.049185574,0.807326972,0.533702791,0.969657302,-0.195505887,0.982721746,0.479959816,0.89058125,0.177355453,0.823902488,0.547581553,0.981688023,-0.179650992,0.963602662,0.494165659,0.914149821,0.189533979,0.831960857,0.514344335,1.001711011,-0.230899185,0.976035297,0.435489506,0.94057411,0.167396203,0.84939909
0,0.451387793,0.109774835,-0.172613531,0.999835193,0.458826929,0.0896741,-0.192442402,0.999782979,0.461861134,0.088865839,-0.192506224,0.999792695,0.465331733,0.08776024,-0.192615196,0.999808013,0.454716682,0.089845903,-0.157825917,0.999770284,0.454495847,0.089571685,-0.15778479,0.999770284,0.45433712,0.089343615,-0.157790482,0.999789298,0.484049261,0.093092971,-0.206521437,0.999716163,0.467516571,0.097270161,-0.048164569,0.999685287,0.458377689,0.132122755,-0.171777427,0.999833643,0.453987837,0.1309966,-0.12667951,0.999669671,0.523916125,0.212573439,-0.212488681,0.999791086,0.465029895,0.218685657,0.083187416,0.999191701,0.577490389,0.353497416,-0.24834688,0.991500437,0.464013278,0.363697231,0.055700112,0.191126063,0.503974557,0.370316029,-0.250994325,0.961935103,0.43207112,0.355770499,-0.155966073,0.336059988,0.480936587,0.367608517,-0.273073018,0.922303259,0.423663437,0.350699663,-0.183382943,0.334314197,0.481854916,0.341072768,-0.263355553,0.918600559,0.420035273,0.334652752,-0.201115534,0.336775422,0.486674964,0.339535385,-0.241933852,0.879832447,0.427014738,0.338948339,-0.17130664,0.322298437,0.517092586,0.512006342,-0.098121569,0.999188662,0.477331966,0.517760873,0.098207079,0.998002052,0.524441302,0.730856895,-0.102600202,0.993100643,0.4881576,0.714764059,0.209212661,0.888219953,0.542717516,0.963515401,-0.04873728,0.994010389,0.485695899,0.903203011,0.371353894,0.937579751,0.543666005,0.983041525,-0.051555909,0.965779483,0.499544293,0.935572028,0.380251676,0.890340567,0.5143255,1.020719409,-0.187287837,0.990329266,0.432660818,0.950093687,0.304603875,0.95540458
1,0.464531004,0.466133595,-0.179782301,0.999000669,0.471343845,0.445570797,-0.18951188,0.998930991,0.475445032,0.444770008,-0.189514846,0.999048173,0.47982201,0.44415611,-0.189562574,0.999069393,0.465704381,0.445509881,-0.165108144,0.998693824,0.465173334,0.44457224,-0.165181443,0.998777032,0.464568198,0.443552315,-0.165185213,0.998862922,0.496139675,0.451728344,-0.190546155,0.99850136,0.477500349,0.448091298,-0.082429171,0.998746216,0.473178238,0.485394031,-0.178492427,0.999167323,0.466876119,0.483334959,-0.14704968,0.998351276,0.527981281,0.55056864,-0.246096253,0.998344362,0.477158397,0.531560838,0.001644666,0.998173118,0.443359137,0.611680627,-0.309285671,0.976125658,0.414930254,0.581235766,0.032931421,0.711938739,0.365974575,0.627435684,-0.315003693,0.979773104,0.350531101,0.593145788,-0.040086702,0.808143973,0.346355081,0.635965645,-0.356196284,0.972183466,0.332630664,0.599933684,-0.051790655,0.787890077,0.344256312,0.616563141,-0.349482507,0.970469654,0.333064854,0.590528965,-0.084731713,0.803077042,0.34974122,0.613240242,-0.313743651,0.952358305,0.339713901,0.590673983,-0.057618391,0.812348485,0.580542207,0.775499225,-0.072471775,0.999705791,0.539388776,0.739820838,0.072426997,0.999246597,0.489432633,0.80268997,-0.327464044,0.991209924,0.432261407,0.73478514,0.042995546,0.851297557,0.534555018,0.967400849,-0.178173348,0.984343231,0.479034245,0.892229974,0.156091392,0.851788461,0.54871279,0.982248962,-0.162358969,0.968413293,0.494671643,0.916464984,0.166967928,0.859181166,0.520935476,1.005102754,-0.205587745,0.9774068,0.433648765,0.942970335,0.148889959,0.871542871
0,0.450616419,0.111890487,-0.16285567,0.999830127,0.457587183,0.090157814,-0.184760273,0.999780953,0.460431904,0.089408249,-0.184824139,0.999795496,0.463594735,0.088425241,-0.184941858,0.99980706,0.453702152,0.090354472,-0.148360744,0.999759376,0.453577578,0.090080746,-0.14827922,0.999756813,0.453501076,0.089869402,-0.148277715,0.999757528,0.48233968,0.095004365,-0.20438318,0.99976778,0.466974676,0.098190829,-0.040108986,0.999617457,0.458058268,0.133995116,-0.164443076,0.999857903,0.453686804,0.133260027,-0.117039882,0.999650776,0.522921145,0.213413537,-0.216474891,0.999814153,0.467730999,0.217301264,0.086567156,0.999146044,0.577527046,0.350479394,-0.255369246,0.993492782,0.473039687,0.363342315,0.079025172,0.176737249,0.504409909,0.374532491,-0.253239542,0.967144251,0.445285141,0.400311023,-0.11139176,0.298776418,0.482299149,0.370592386,-0.278851509,0.927916706,0.437748849,0.414622545,-0.136229619,0.301146686,0.482645452,0.345815778,-0.266947687,0.923952579,0.430454433,0.381555349,-0.1603432,0.303610384,0.48785919,0.345636904,-0.243574902,0.885373473,0.440725505,0.397384048,-0.129000634,0.291746318,0.517598569,0.512845993,-0.098867163,0.999142647,0.478429943,0.517800212,0.098972693,0.997826278,0.524443448,0.732197762,-0.106850907,0.992757797,0.487799972,0.715016842,0.220420882,0.89051044,0.54289943,0.965854704,-0.060670931,0.993601203,0.486501694,0.905996025,0.381978393,0.937412024,0.543855011,0.986762166,-0.064254485,0.96479249,0.500140309,0.938949406,0.390800357,0.8916713,0.516715348,1.017735839,-0.200788453,0.989496171,0.433964401,0.947339892,0.326493174,0.953194559
1,0.461682379,0.47531271,-0.187106043,0.998439014,0.468866259,0.454126984,-0.196897969,0.9983055,0.473270833,0.45339191,-0.196897373,0.998425066,0.47800082,0.452560931,-0.196960405,0.998466611,0.46293959,0.453703344,-0.172840774,0.997939885,0.462442696,0.452613026,-0.172906727,0.997969568,0.461839855,0.451324463,-0.172927737,0.998095989,0.494152158,0.460198879,-0.19539234,0.997491539,0.475505769,0.455657065,-0.08820051,0.997796774,0.47102946,0.496052504,-0.18426317,0.998671889,0.464466512,0.492746472,-0.153258756,0.997549713,0.524822354,0.551738799,-0.249116391,0.997946858,0.474777937,0.536170959,0.000127019,0.997861981,0.440250218,0.610618055,-0.321582317,0.97223103,0.41620478,0.579571664,0.0309899,0.667053819,0.365999907,0.623469591,-0.325400084,0.972084999,0.353250623,0.589232624,-0.039078973,0.779406726,0.346844614,0.632109046,-0.363717914,0.96194613,0.336335719,0.596272886,-0.048266456,0.761616886,0.344436467,0.614390671,-0.352988482,0.959647715,0.337388813,0.589577258,-0.079833627,0.776689708,0.34978649,0.611838698,-0.322099686,0.935741484,0.343444884,0.5896402,-0.055907656,0.787382185,0.579336882,0.776470125,-0.073585182,0.999745548,0.537274539,0.742153168,0.073512532,0.999304473,0.489867687,0.801371753,-0.340936393,0.990527153,0.430906773,0.733548045,0.044782542,0.827953577,0.533511102,0.967365086,-0.184141651,0.983063221,0.478387356,0.892324209,0.165560052,0.830109239,0.548101723,0.980579436,-0.167538777,0.965739965,0.493362039,0.916153371,0.176891655,0.842947721,0.52063185,1.009343863,-0.212172821,0.975763619,0.433667421,0.942257166,0.158053264,0.852251768
0,0.445513815,0.107705615,-0.162173837,0.99977684,0.452301502,0.085925445,-0.180855483,0.999719977,0.455249846,0.085210077,-0.180909336,0.999730468,0.458602518,0.084361874,-0.180991843,0.999746263,0.448312581,0.086132303,-0.14609544,0.999702275,0.448140472,0.085979715,-0.146083862,0.999692321,0.447898567,0.085941717,-0.146098107,0.999707222,0.47804141,0.091414347,-0.195368946,0.999637425,0.460555077,0.095283777,-0.043135919,0.999539495,0.453122765,0.130166307,-0.162527502,0.999777377,0.448782593,0.12937516,-0.117651619,0.999532759,0.517608285,0.21294187,-0.210899949,0.999646068,0.464449227,0.216905236,0.084810033,0.998874068,0.563067973,0.355960131,-0.219705299,0.992010891,0.475370824,0.351226062,0.05660256,0.18655014,0.48488012,0.3728728,-0.190347672,0.964348614,0.441089869,0.391481578,-0.135262161,0.293741256,0.463968575,0.365540028,-0.210409954,0.923304141,0.434499323,0.397838712,-0.163239464,0.297529966,0.465742439,0.342459351,-0.200139374,0.919897199,0.427802742,0.378210694,-0.181446701,0.298982888,0.469482005,0.342124432,-0.180920169,0.880462527,0.43467626,0.379949391,-0.150621086,0.291697353,0.514394283,0.511301279,-0.100200102,0.998983562,0.476519763,0.516438365,0.100243606,0.997507632,0.514427423,0.729856193,-0.102978036,0.992636681,0.48398596,0.713320076,0.20746915,0.885171294,0.539564133,0.960809231,-0.04601435,0.993395627,0.488906145,0.90644598,0.367864013,0.931010902,0.540047765,0.979932845,-0.048384473,0.965759099,0.504542589,0.940761924,0.376409918,0.889759421,0.511214614,0.998104632,-0.174502164,0.98973316,0.434093624,0.947005212,0.304766983,0.945647836
0,0.434796661,0.119702213,-0.120948985,0.999984324,0.441201627,0.102216437,-0.138144538,0.999981403,0.443924725,0.102203302,-0.138191283,0.99998337,0.447023332,0.101894908,-0.138214737,0.999979973,0.436900914,0.101231985,-0.104638591,0.999972165,0.436414808,0.100718193,-0.104608238,0.999965906,0.435939372,0.100112312,-0.104587376,0.999957919,0.465724409,0.106740199,-0.154397279,0.999987781,0.449087322,0.105880156,-0.0012306,0.999926627,0.442296118,0.138758048,-0.122118786,0.999983788,0.437415898,0.137467593,-0.078344136,0.999952853,0.497870833,0.220640242,-0.192009509,0.999976933,0.443997294,0.215710744,0.118664637,0.999805629,0.468984902,0.352862835,-0.240642518,0.991396606,0.413919061,0.348386228,0.053571213,0.397943854,0.423012108,0.239757329,-0.199928284,0.987152219,0.379237056,0.275339097,-0.205851004,0.790354669,0.412535042,0.21091105,-0.21547313,0.975800812,0.367928028,0.254465342,-0.237653181,0.765996516,0.419320643,0.199270204,-0.206746176,0.974942863,0.365402162,0.245307654,-0.247872189,0.762496352,0.422291815,0.205643609,-0.191242039,0.956339359,0.380946189,0.250316441,-0.220214516,0.733718753,0.467053503,0.480044335,-0.102294073,0.999764621,0.432494074,0.478400558,0.102256104,0.99960351,0.465421289,0.684871376,-0.12086916,0.996491909,0.439791679,0.674218774,0.215403706,0.933867812,0.49236846,0.899222672,-0.080690049,0.997822404,0.449673027,0.838782609,0.380177677,0.972485185,0.505022883,0.936238945,-0.084110454,0.96617645,0.459003985,0.8644225,0.391002953,0.940419674,0.446113199,0.959784448,-0.215956539,0.996816039,0.39974305,0.886389256,0.324354142,0.985304117
1,0.39211455,0.422878861,-0.100474939,0.999991417,0.397134155,0.407742679,-0.119299307,0.999994934,0.399761856,0.407184392,-0.119227365,0.999995708,0.402800858,0.406362355,-0.119269952,0.999995112,0.393673122,0.40749681,-0.083232924,0.999991775,0.393707722,0.40691638,-0.083281681,0.999992549,0.393683016,0.406158656,-0.083230495,0.999991238,0.420966953,0.409388274,-0.153195217,0.999995351,0.407373279,0.408318996,0.004566352,0.999985814,0.400262922,0.440719575,-0.112735532,0.999993324,0.396367759,0.439729363,-0.067444488,0.99998349,0.465621948,0.520428181,-0.214877054,0.999951422,0.41654548,0.497330219,0.095561303,0.999823272,0.435174763,0.670676112,-0.184009999,0.984146833,0.407738268,0.598949075,0.009237138,0.360673159,0.397277296,0.573478699,0.005266565,0.976610839,0.378054678,0.557054222,-0.174761325,0.411312759,0.385128647,0.545749903,0.006303866,0.958013952,0.363078624,0.528549433,-0.187503055,0.386418551,0.395263761,0.532118797,0.004040014,0.956252217,0.378229916,0.525359511,-0.181319028,0.372776628,0.400781244,0.53844744,0.011038562,0.938810706,0.387526304,0.534308434,-0.178096145,0.369550914,0.519228816,0.7053442,-0.093053028,0.999978125,0.478066206,0.682812393,0.093056068,0.999955237,0.42828837,0.751924455,-0.348108292,0.996497989,0.383076131,0.684089839,0.013115348,0.847683489,0.485363245,0.898467958,-0.213360593,0.991073608,0.433659643,0.823302984,0.072656609,0.846323192,0.506861091,0.928191602,-0.198486432,0.975502312,0.458435059,0.852741301,0.077689603,0.845158815,0.445931196,0.961441576,-0.232271761,0.991402745,0.399359494,0.873235941,0.061411202,0.903903365
0,0.427801937,0.107632518,-0.096064739,0.999970198,0.433812559,0.088381425,-0.116946742,0.999964058,0.436381578,0.087678075,-0.116943464,0.999965966,0.439838737,0.08664009,-0.116954289,0.999960303,0.429906696,0.087476596,-0.080510311,0.999956906,0.429553181,0.086725511,-0.080539905,0.999950349,0.429293633,0.086065851,-0.080610141,0.999944866,0.459669977,0.091236293,-0.147645116,0.999960661,0.441201776,0.091855019,0.014309053,0.999885082,0.435235828,0.127864286,-0.102840364,0.999959171,0.430954605,0.125962168,-0.05673144,0.999907732,0.489417404,0.208342955,-0.185185343,0.999907851,0.439960778,0.202971727,0.124768674,0.999723792,0.462048531,0.349555343,-0.227065608,0.988257945,0.409466565,0.334681422,0.046989515,0.537442386,0.416430414,0.233231559,-0.179582685,0.983314037,0.375962704,0.260210663,-0.204880163,0.842489958,0.404457241,0.208708748,-0.192581907,0.972181618,0.366921395,0.240728587,-0.232945353,0.803645909,0.411546409,0.195469797,-0.185619265,0.970931411,0.37044999,0.227406517,-0.240392119,0.797200918,0.414862394,0.200738609,-0.1715101,0.95015949,0.376867115,0.233224362,-0.217300504,0.770106852,0.469298035,0.47474879,-0.101160683,0.999704838,0.436151445,0.473801374,0.101101674,0.999510944,0.47689119,0.687914431,-0.134551883,0.995081782,0.445035279,0.672006905,0.206357643,0.877725184,0.494463921,0.904559553,-0.119731128,0.996945202,0.447093099,0.832814634,0.372256964,0.934936404,0.50534755,0.939348757,-0.126470312,0.970639884,0.455413103,0.863143265,0.383009493,0.898419321,0.450911283,0.959144533,-0.257789612,0.995857418,0.398176432,0.881000519,0.319846839,0.965208113
1,0.387170374,0.4409796,-0.089126989,0.99999088,0.391278207,0.423757851,-0.109326161,0.999994516,0.393536508,0.422921002,-0.10925889,0.999995112,0.396078885,0.42170155,-0.109303273,0.999994755,0.388060302,0.42373234,-0.074143574,0.999991894,0.388020217,0.422992617,-0.074191481,0.999992371,0.387900531,0.42195037,-0.074138239,0.999991059,0.414991081,0.422400922,-0.148526743,0.999994636,0.401936859,0.421398282,0.005413143,0.999984384,0.396696389,0.455797732,-0.103215516,0.999993086,0.392452776,0.456411332,-0.058967702,0.999981463,0.463076264,0.5237692,-0.210464209,0.999960423,0.418785155,0.50537914,0.097360983,0.999836385,0.439502299,0.674146116,-0.17534399,0.979887843,0.412802607,0.610481501,0.024122272,0.281783074,0.39793092,0.584839404,0.017949073,0.974442482,0.38095215,0.568480849,-0.151360527,0.357315868,0.38458392,0.558758974,0.021334309,0.95609951,0.3627235,0.538853645,-0.162891954,0.356448144,0.392602235,0.546709597,0.018198369,0.954179049,0.375416815,0.535537958,-0.158755302,0.343644857,0.398870677,0.552310705,0.023559293,0.936108708,0.386501402,0.546776652,-0.155342519,0.341262817,0.51936084,0.707090497,-0.095584847,0.999979496,0.479539782,0.68340981,0.095569983,0.999953926,0.428604662,0.755083025,-0.316916376,0.996335745,0.382219374,0.685006022,0.040583607,0.821186781,0.486247301,0.898354113,-0.192477629,0.990932107,0.441722929,0.827011883,0.076716855,0.8303352,0.508150935,0.925970793,-0.177902609,0.975507379,0.46476239,0.842947125,0.079074442,0.830834329,0.448962778,0.961796224,-0.199263841,0.991582572,0.400809139,0.872076392,0.070482537,0.895238638
0,0.4256607,0.110773608,-0.091182679,0.999956191,0.431459486,0.090564884,-0.107725419,0.999947131,0.434502661,0.090032294,-0.107758425,0.99994874,0.438064992,0.089343265,-0.107763685,0.999941111,0.427744001,0.089787535,-0.075646549,0.999940753,0.427418172,0.089033782,-0.075647235,0.999932706,0.427138329,0.088383324,-0.075682625,0.999928713,0.457589328,0.093188137,-0.122980461,0.999934614,0.438992798,0.093248688,0.02192401,0.99985069,0.432605326,0.130166739,-0.092561685,0.999942541,0.428449452,0.129068255,-0.050907295,0.999867022,0.490120828,0.2054611,-0.163562357,0.99987942,0.433149576,0.204172775,0.127705097,0.999718547,0.464220047,0.341423869,-0.252233058,0.986433744,0.407574117,0.333574921,0.042818125,0.605110586,0.417400122,0.229656428,-0.273763418,0.980501115,0.373524129,0.254299492,-0.21181269,0.868386567,0.404943377,0.203921869,-0.296044916,0.968890607,0.364124477,0.229621023,-0.242704079,0.828859508,0.411393076,0.191644877,-0.287089378,0.967270851,0.363742381,0.221125036,-0.24816373,0.821920872,0.414853871,0.197216243,-0.267208248,0.943237126,0.3691625,0.228956178,-0.223537132,0.795717895,0.472878873,0.47304371,-0.099523269,0.999767661,0.435923666,0.474527776,0.099441089,0.999569654,0.47532934,0.687340677,-0.130449176,0.994895518,0.445012659,0.671254575,0.213748574,0.854257345,0.494098246,0.903506458,-0.119440697,0.996850848,0.447376192,0.834648192,0.378933638,0.912638962,0.504944682,0.938776851,-0.125431567,0.969444752,0.455585569,0.863120496,0.389870346,0.879744709,0.451321185,0.960266948,-0.257938653,0.995664239,0.398966134,0.8808254,0.326096296,0.95339942
1,0.388105512,0.424675882,-0.106043324,0.99998647,0.392972648,0.408730537,-0.1256053,0.999990761,0.395653307,0.407937795,-0.12552917,0.999991953,0.398673713,0.406992942,-0.125574499,0.999991179,0.389833868,0.408606648,-0.089007765,0.999985874,0.39002341,0.408005834,-0.089054607,0.99998647,0.39014861,0.407267094,-0.089007661,0.999984264,0.417788804,0.408970386,-0.163613841,0.999990165,0.404554844,0.408340365,-0.003346289,0.999973714,0.396581769,0.441040248,-0.120055303,0.999988437,0.392684549,0.44047755,-0.073973045,0.999969542,0.465239853,0.516050577,-0.224510461,0.999949336,0.416869313,0.495377779,0.084271744,0.999794066,0.438910663,0.663239777,-0.192894816,0.979121268,0.40825963,0.597578108,-0.002158952,0.337805986,0.396321684,0.566299558,-0.003892475,0.975254059,0.380580425,0.548169553,-0.184867799,0.447542131,0.383549005,0.540302217,-0.003366647,0.958315015,0.35731864,0.518638432,-0.197265238,0.42729196,0.393374473,0.526284277,-0.005144871,0.956722856,0.371330142,0.513570607,-0.191877574,0.412924409,0.398424,0.532136917,0.002018926,0.937278926,0.384343415,0.52702266,-0.188404456,0.406218439,0.520824194,0.699657023,-0.095194176,0.999975622,0.479054838,0.677367151,0.095179416,0.99993974,0.429221064,0.751386285,-0.35974896,0.996204138,0.384868145,0.685635269,0.037296332,0.828616977,0.486826271,0.89874965,-0.223812893,0.992891073,0.437118053,0.819422483,0.115431428,0.833715677,0.508277059,0.926751018,-0.208276749,0.977269351,0.457626045,0.843805432,0.12285006,0.834053338,0.44896692,0.963732302,-0.239406779,0.993180096,0.39893505,0.868893206,0.112510085,0.900887311
0,0.420780569,0.11151801,-0.078923412,0.999950171,0.426074743,0.09140037,-0.098682232,0.999938309,0.428626865,0.090859696,-0.098698191,0.999942064,0.431877792,0.090092927,-0.098709412,0.999933302,0.422909915,0.090470389,-0.064747848,0.999930084,0.422807842,0.089644007,-0.064734951,0.99992317,0.422795236,0.088905253,-0.064761505,0.999916255,0.451808214,0.092184022,-0.128549606,0.9999277,0.436114967,0.09308029,0.023572626,0.999815226,0.427706569,0.130433008,-0.085710615,0.99993372,0.424090773,0.129334316,-0.042078689,0.999839544,0.485614777,0.204254538,-0.176355854,0.999868989,0.433890671,0.204014614,0.130218625,0.999637961,0.464230925,0.34441036,-0.212282464,0.986611307,0.408942133,0.335378021,0.046134774,0.538039207,0.412229121,0.238471285,-0.150998831,0.978799999,0.374758124,0.258480012,-0.197072297,0.823047876,0.398616821,0.214734331,-0.159558326,0.965858579,0.364139199,0.232780725,-0.224316165,0.783300579,0.405657351,0.2006955,-0.154635832,0.964153767,0.368439376,0.22303687,-0.228011534,0.775702536,0.409121037,0.205510408,-0.143212542,0.938753009,0.37535724,0.232756659,-0.20814319,0.74764967,0.470162719,0.47462523,-0.101148903,0.999723375,0.435303539,0.475934148,0.101072744,0.999496043,0.475328863,0.685475767,-0.129496515,0.994601011,0.445183128,0.667251229,0.198373169,0.849438787,0.494349539,0.903996289,-0.108152732,0.996644199,0.447085917,0.835926414,0.339655757,0.914843559,0.506459177,0.93926084,-0.108891785,0.972248495,0.453738987,0.863717139,0.347851127,0.880496085,0.450060129,0.960881531,-0.238390997,0.99563992,0.397634149,0.880722404,0.290914506,0.954392493
0,0.533789098,0.278208554,-0.119490489,0.999944448,0.540155649,0.265976667,-0.110449806,0.99993217,0.544082165,0.266983598,-0.110470101,0.999921858,0.547874808,0.268218428,-0.110457078,0.999929249,0.531808317,0.264720082,-0.097128987,0.999927402,0.529863894,0.2645711,-0.097149462,0.999902666,0.527935505,0.264386177,-0.097178489,0.999906003,0.552758336,0.278842509,-0.047196545,0.999925196,0.526622653,0.272773981,0.014580339,0.999817908,0.540812552,0.300515771,-0.095731623,0.999895871,0.528731465,0.294931412,-0.078273974,0.999818504,0.57903105,0.37145251,-0.082679585,0.999585629,0.498248011,0.347614974,0.06055348,0.999506593,0.561999023,0.36985153,-0.282410324,0.996281743,0.466236025,0.316365838,-0.101662554,0.95198226,0.516005218,0.273422778,-0.401223093,0.99568969,0.444682032,0.256021231,-0.347255826,0.971116304,0.505524397,0.244822592,-0.440996319,0.987373948,0.441001743,0.228773579,-0.390774578,0.941779017,0.503006816,0.231848374,-0.427614212,0.985965073,0.446377039,0.224216655,-0.391193569,0.938290715,0.506257355,0.246429935,-0.398434788,0.977337182,0.448929131,0.235306591,-0.356948197,0.933929622,0.533404171,0.610556722,-0.029905468,0.999631703,0.482102305,0.589457691,0.029677611,0.999708891,0.531187713,0.812077761,-0.042361148,0.996707082,0.441888571,0.773815334,0.025303906,0.995358706,0.541973591,0.996363044,0.027665487,0.992018998,0.404820144,0.941967368,0.092722937,0.98996371,0.539684594,1.004366159,0.026815515,0.817439258,0.409419924,0.963926196,0.092798404,0.857433796,0.546002626,1.0502702,-0.106446527,0.978302538,0.376473248,0.987882674,-0.024119103,0.972155333
1,0.481714547,0.504379094,-0.170868561,0.999918103,0.488277137,0.486557782,-0.164458901,0.999950826,0.49207902,0.485628396,-0.164442092,0.999943554,0.495882452,0.484938145,-0.16452989,0.99995178,0.480185896,0.486189365,-0.150107414,0.999921739,0.47832647,0.485030502,-0.150126904,0.999881983,0.476540178,0.483991444,-0.15014568,0.999894917,0.507163465,0.483754635,-0.111827649,0.999954045,0.482212067,0.482939869,-0.041889898,0.99991858,0.489690125,0.5146209,-0.149151489,0.999921858,0.480294079,0.513917148,-0.129371613,0.999867082,0.538957477,0.554703116,-0.136085421,0.999204695,0.458668888,0.538128614,-0.008968519,0.999026895,0.51236093,0.514509857,-0.301377475,0.990869284,0.429180712,0.470020026,-0.078437611,0.983307838,0.481123596,0.39730224,-0.392708123,0.9888798,0.411676884,0.392013669,-0.186791152,0.97547859,0.474239886,0.369511485,-0.425909609,0.979545295,0.405921519,0.360982686,-0.216971904,0.940905213,0.474932134,0.364253879,-0.417765677,0.976178348,0.410911411,0.354165435,-0.210385054,0.93326962,0.475278467,0.374223977,-0.392607242,0.964002728,0.414514065,0.366613388,-0.191505313,0.928954542,0.517709136,0.788428187,-0.025616895,0.999664664,0.46187821,0.77251339,0.025675973,0.999352098,0.55080533,0.853385091,-0.426066071,0.995335758,0.381887615,0.7901963,-0.268545866,0.996339202,0.539327025,0.991330802,-0.256078184,0.986820161,0.40211758,0.933808446,-0.120580986,0.982598424,0.532219529,0.998048902,-0.243438438,0.931292117,0.414378971,0.950544119,-0.110068485,0.951310933,0.544673085,1.076011896,-0.359217346,0.964111209,0.37838763,0.991881728,-0.196818933,0.953449905
0,0.535174131,0.138157785,-0.071848467,0.99981302,0.543437183,0.121420488,-0.060450066,0.999775469,0.547366023,0.121421635,-0.060478162,0.999753892,0.551066577,0.121434279,-0.06043173,0.999773324,0.533392668,0.119796477,-0.05209465,0.999732256,0.530701041,0.119010024,-0.052095331,0.999673069,0.528112054,0.118463993,-0.05210337,0.999722421,0.559091926,0.126428038,0.015324461,0.999666095,0.529206753,0.121741422,0.060382027,0.999574959,0.541570425,0.156806991,-0.039415561,0.999655664,0.529200375,0.154981345,-0.029263383,0.999555409,0.583937943,0.211132765,-0.011051166,0.999378681,0.502394974,0.200632855,0.120442964,0.999417901,0.549133956,0.280738711,-0.192150861,0.986216486,0.474326789,0.28609699,-0.017180029,0.937750876,0.501863122,0.247897848,-0.35433796,0.990004122,0.455569178,0.233721584,-0.264986068,0.969972968,0.490063757,0.240983248,-0.398127556,0.980178535,0.449919701,0.203342795,-0.310439259,0.941911221,0.488957405,0.228579506,-0.393616736,0.97794342,0.45081988,0.206056207,-0.313778788,0.938800216,0.494579256,0.231561765,-0.355407774,0.965095937,0.45494622,0.220432431,-0.274157852,0.929907322,0.55158627,0.472584695,-0.02556172,0.999510646,0.49775058,0.459147781,0.025415879,0.999427855,0.533410907,0.665468276,-0.057286132,0.994299769,0.45728302,0.635677755,-0.022137653,0.994868159,0.538399041,0.86869508,0.025645927,0.987172067,0.414164633,0.794019938,0.074506573,0.986754119,0.536752343,0.886654496,0.025952157,0.799609303,0.415165663,0.811753154,0.078047514,0.868281901,0.520375013,0.962420464,-0.114015564,0.967774928,0.392388821,0.880062044,-0.035989635,0.96880734
1,0.478575051,0.526281178,-0.228802651,0.999908447,0.485298157,0.510244548,-0.220099971,0.999938786,0.489373833,0.509343565,-0.220044494,0.999927998,0.493328035,0.508555055,-0.220113084,0.9999367,0.476522923,0.511107922,-0.209147841,0.999920011,0.47435385,0.510645747,-0.209193066,0.999882758,0.472181022,0.510225892,-0.209183455,0.999893844,0.503196299,0.508110166,-0.153439373,0.99993211,0.474982649,0.509250939,-0.105696954,0.999899089,0.486611605,0.537959814,-0.203343466,0.999860227,0.475537717,0.539374709,-0.189031199,0.999804616,0.52882725,0.569280088,-0.173851967,0.99819541,0.454832643,0.562704206,-0.080458559,0.998545766,0.502344728,0.51769048,-0.328295827,0.990726471,0.428978771,0.496182203,-0.213953823,0.984930515,0.47428599,0.406084985,-0.407769114,0.988498747,0.411569208,0.404514819,-0.335001647,0.979197621,0.465428114,0.377757549,-0.441039383,0.978878856,0.406142414,0.37712723,-0.370880395,0.950787485,0.463595241,0.371649563,-0.430563152,0.975245118,0.411243737,0.366044879,-0.359905005,0.9435637,0.464397818,0.382199824,-0.407154709,0.963720918,0.41580528,0.376587689,-0.337644041,0.93873477,0.518096805,0.787101805,-0.022131881,0.999440491,0.465074956,0.775013804,0.022131417,0.999389768,0.554216027,0.83050859,-0.362663686,0.994375229,0.388219208,0.763884425,-0.241772979,0.995836854,0.534966707,0.960474968,-0.204663604,0.982247651,0.41141659,0.922181606,-0.114976846,0.986453652,0.529675126,0.971673667,-0.192852035,0.928866625,0.425246388,0.944583714,-0.106613144,0.966372848,0.536718369,0.993698359,-0.286624134,0.957265675,0.383571565,0.983017206,-0.179587632,0.963381112
0,0.53208214,0.113382772,-0.085536562,0.999843419,0.540035844,0.095056079,-0.07576941,0.99974519,0.543705046,0.095277712,-0.075813964,0.999702513,0.547223449,0.095635109,-0.075811826,0.999725223,0.530870855,0.092410833,-0.065674379,0.999728858,0.528324008,0.091013737,-0.065680131,0.999689221,0.526111126,0.089637779,-0.06567549,0.999744654,0.555826843,0.100529619,0.011796248,0.999575794,0.527026713,0.091590136,0.057288609,0.999422491,0.537749946,0.132836923,-0.050908506,0.999705195,0.526055753,0.12938112,-0.038169477,0.999647915,0.583934963,0.190624788,-7.28E-05,0.999327719,0.500476539,0.167866245,0.136068225,0.999572575,0.556814492,0.277350634,-0.158502877,0.983730257,0.487412214,0.264203489,0.023013476,0.886105835,0.504716158,0.27722609,-0.342539251,0.989198506,0.460823834,0.270529032,-0.235783935,0.953685284,0.491854489,0.274131656,-0.383012295,0.979343712,0.451235831,0.268891543,-0.283427775,0.926159263,0.493761688,0.259286255,-0.385716796,0.977678061,0.45511809,0.259456664,-0.295537233,0.923471212,0.496983469,0.260026664,-0.343733877,0.962736368,0.460573345,0.260667026,-0.249123216,0.908397853,0.552663386,0.443799704,-0.028066024,0.999480784,0.500671268,0.428072065,0.028024932,0.999484479,0.541200161,0.64207536,-0.050594658,0.995611966,0.461171091,0.607280612,-0.002227663,0.9958148,0.545052946,0.842821658,0.036292687,0.989970803,0.414784819,0.771664441,0.107208788,0.990044415,0.542943001,0.863379598,0.037004959,0.840302587,0.416221529,0.793982089,0.111265324,0.899071515,0.536554158,0.935761869,-0.107806005,0.976150513,0.39107123,0.842895925,-0.006176248,0.975939214
1,0.486355633,0.496029675,-0.161160737,0.999835789,0.493275791,0.479538471,-0.158138365,0.999892831,0.497026354,0.479447991,-0.158100307,0.999874949,0.500769258,0.479385704,-0.158187658,0.999893367,0.485574961,0.475980788,-0.142927125,0.999856353,0.483927578,0.473695934,-0.142921299,0.999777913,0.482265055,0.471828341,-0.142940551,0.999809861,0.512595594,0.475630492,-0.114596486,0.999894142,0.488276631,0.472394735,-0.041155968,0.999830723,0.494606793,0.506335139,-0.14236185,0.999785304,0.485244662,0.50433284,-0.121300563,0.999694407,0.545395255,0.539958358,-0.135773659,0.998784423,0.466421276,0.526007056,0.004969246,0.999054551,0.514875412,0.516260087,-0.27967006,0.989250362,0.435884655,0.483836532,-0.030708525,0.979624391,0.483983189,0.40600121,-0.356714994,0.989431024,0.4198277,0.408482224,-0.12820664,0.977596223,0.477128804,0.372541904,-0.387190461,0.980021119,0.414059788,0.375229001,-0.155308202,0.947594225,0.478932202,0.365775347,-0.382860392,0.976569951,0.419016182,0.369249523,-0.153242096,0.941628635,0.47940582,0.3755126,-0.357250631,0.964382708,0.423016697,0.380211055,-0.134094208,0.937782168,0.525370896,0.769959867,-0.02781863,0.999288917,0.46915102,0.753980577,0.027856996,0.999175787,0.559473872,0.843316078,-0.383575886,0.99544096,0.386844009,0.774617672,-0.236818075,0.997274756,0.537764251,0.974976182,-0.23582308,0.983297825,0.412615389,0.932546139,-0.125707239,0.987630486,0.530132234,0.987412751,-0.225113317,0.922286868,0.42574048,0.956300199,-0.119247697,0.958149195,0.53490454,1.04861331,-0.325486451,0.95624429,0.381180495,0.987555861,-0.192671821,0.963022649
0,0.528620839,0.106512554,-0.109863855,0.999884665,0.537552893,0.089649752,-0.099348836,0.999824882,0.541472554,0.090136781,-0.099374525,0.999796212,0.545311093,0.090748556,-0.099343069,0.999802411,0.527077019,0.086183935,-0.09045919,0.999815941,0.524325252,0.084731795,-0.090477541,0.999782562,0.521437109,0.083457999,-0.090474471,0.999814868,0.552761614,0.0955346,-0.007331585,0.999713778,0.520729482,0.086140461,0.033267036,0.99959594,0.534419417,0.128167167,-0.073056258,0.99979192,0.521797717,0.124188147,-0.06227497,0.999746442,0.581157267,0.18739751,-0.002520671,0.999507189,0.496255457,0.170613274,0.122506142,0.999695003,0.560620546,0.291451544,-0.131744474,0.987146735,0.47813648,0.290543437,0.020318473,0.89884454,0.500783324,0.267196208,-0.298825264,0.991350472,0.461028516,0.26376158,-0.234470651,0.96475029,0.485864401,0.259094775,-0.342724591,0.982324302,0.454000384,0.256317973,-0.28254652,0.939590871,0.486348003,0.240494668,-0.337457716,0.980769813,0.457051367,0.240932703,-0.293553382,0.936288774,0.491398156,0.241893411,-0.298853308,0.967661023,0.461167663,0.24353902,-0.246030524,0.920671701,0.551217735,0.44324255,-0.030985987,0.999552488,0.498370707,0.431088716,0.030978227,0.999515414,0.543282151,0.643448412,-0.056929946,0.996594489,0.457267672,0.614304125,0.02808322,0.995742977,0.54869014,0.844074488,0.023275908,0.992183566,0.420620263,0.777478337,0.167210773,0.991075337,0.546698391,0.863362908,0.023830442,0.871835411,0.426451594,0.802326798,0.17378898,0.910086095,0.541615844,0.939722002,-0.122201338,0.980647981,0.398084998,0.849129498,0.05984934,0.978288531
1,0.478149235,0.529571056,-0.205190495,0.999562621,0.485201359,0.512234986,-0.200856045,0.999731362,0.48934111,0.511348844,-0.200834349,0.999696493,0.493491322,0.510611713,-0.200930789,0.999722779,0.476364672,0.511611104,-0.188056499,0.999644995,0.474321067,0.5101192,-0.188092425,0.999457419,0.472358137,0.508833766,-0.188117415,0.999458373,0.505286753,0.507958412,-0.152059883,0.999718249,0.478103727,0.508277059,-0.090623528,0.999532521,0.486206859,0.539144576,-0.18458131,0.999486685,0.476657212,0.539267302,-0.166887969,0.999227464,0.535224974,0.570558965,-0.169263497,0.997564077,0.456713736,0.558220446,-0.054421734,0.997712433,0.507046759,0.531350613,-0.315018982,0.990267515,0.427761316,0.503985047,-0.137821451,0.973244071,0.474791944,0.418588907,-0.378712118,0.989301503,0.411355078,0.417101175,-0.258498549,0.966691256,0.467464596,0.386294127,-0.40813756,0.979323328,0.405295938,0.387589484,-0.290267408,0.924433351,0.468007982,0.380062133,-0.400037706,0.975871801,0.411230385,0.378385872,-0.280182093,0.915037036,0.468438059,0.390278965,-0.377844602,0.964707315,0.415371835,0.39055565,-0.261766046,0.912882864,0.52022475,0.797088981,-0.023921194,0.998881757,0.465074241,0.782553434,0.024020962,0.99866575,0.554907918,0.844914436,-0.352526128,0.993766725,0.386275381,0.778253198,-0.216805011,0.99450618,0.541395724,0.968624473,-0.183022425,0.976841986,0.408190399,0.932214856,-0.064185455,0.982684493,0.537008405,0.981793404,-0.170315921,0.931039095,0.422156036,0.954714358,-0.05529096,0.964116633,0.540895224,0.996642888,-0.262627155,0.938845456,0.377728909,0.98829174,-0.125497341,0.947392464
0,0.523176312,0.130980939,-0.088075601,0.999779582,0.532187045,0.113717787,-0.079111882,0.999741614,0.536219597,0.114231087,-0.079122946,0.999704063,0.540362298,0.114654265,-0.079075485,0.999711752,0.521848083,0.110710852,-0.068642825,0.999725461,0.519213021,0.109050527,-0.068658136,0.999661565,0.516492009,0.107483767,-0.06866385,0.999709427,0.548042297,0.119374655,0.005468383,0.999634385,0.517166615,0.109173454,0.052180141,0.999560177,0.529532492,0.152483001,-0.054313798,0.999659657,0.517069817,0.147236273,-0.041187935,0.999597371,0.576964021,0.205347702,0.000658953,0.999123991,0.493711054,0.191438317,0.132907853,0.999586523,0.556264997,0.308619648,-0.141348749,0.989084899,0.475302458,0.300906658,0.024746636,0.918294966,0.499576509,0.291042984,-0.309419215,0.992042124,0.454956681,0.288124293,-0.223981544,0.974810123,0.484653383,0.287565857,-0.353489757,0.983570218,0.445982993,0.277934194,-0.270615041,0.95208317,0.484711647,0.269938588,-0.348783314,0.981612861,0.449753672,0.266219586,-0.279453307,0.948521674,0.489671707,0.269755483,-0.309524238,0.969263673,0.454918385,0.269819945,-0.234372169,0.937228262,0.549146891,0.464417636,-0.031752102,0.999424458,0.495102406,0.450892597,0.031677425,0.999465346,0.539166093,0.664375961,-0.054544497,0.996130049,0.450661749,0.628047645,-0.005988848,0.995968699,0.550220072,0.87111783,0.058916379,0.989992619,0.407761753,0.793726623,0.100144066,0.990967035,0.549079716,0.889637172,0.072817102,0.85384196,0.411718905,0.814204812,0.104509518,0.920696914,0.538742185,0.954831243,-0.084752515,0.973845363,0.386324972,0.871863365,-0.011550812,0.976082325
1,0.47452575,0.536460936,-0.249072403,0.999708652,0.481202066,0.519323111,-0.242288306,0.999821424,0.48540765,0.518010616,-0.242247537,0.999798298,0.489504486,0.516963899,-0.242325425,0.999812603,0.471991152,0.520673692,-0.232364506,0.999761105,0.469723374,0.520092726,-0.232419401,0.999645531,0.467515707,0.519550025,-0.232423857,0.99964118,0.499497831,0.515033662,-0.180994868,0.999817133,0.471367508,0.518352866,-0.132063821,0.999675155,0.483088583,0.545703948,-0.22365348,0.999659419,0.472124964,0.547823548,-0.209540159,0.999462426,0.529916167,0.57608521,-0.192726746,0.997819901,0.451345831,0.568861663,-0.102176629,0.997904837,0.503957152,0.537779689,-0.350829184,0.990298212,0.424953848,0.511220336,-0.23795633,0.976207972,0.471139014,0.429614514,-0.43014583,0.989007652,0.406621516,0.427296609,-0.399053037,0.970031202,0.463161707,0.399930626,-0.46305418,0.978989065,0.399388969,0.399034917,-0.43787989,0.932146072,0.461569011,0.394949138,-0.454316229,0.975472331,0.404937834,0.388457835,-0.424942583,0.92275089,0.462082684,0.405630231,-0.42966336,0.963440418,0.410157263,0.399515659,-0.401786566,0.917485595,0.518656731,0.801070213,-0.020102289,0.999136746,0.46310249,0.788107395,0.020143697,0.998875201,0.553104758,0.84075731,-0.374008656,0.994490206,0.385255456,0.778473258,-0.220390528,0.99391675,0.540962458,0.984768867,-0.218476221,0.980558455,0.406174898,0.929516435,-0.087900415,0.981887698,0.536449015,0.991657436,-0.208000734,0.933346093,0.419824183,0.949558198,-0.079543844,0.96415019,0.540985703,1.007753849,-0.307234108,0.94910413,0.376092464,0.984509349,-0.149494633,0.950127602
0,0.685080349,0.248701245,-0.050820857,0.998169661,0.692870259,0.235659003,-0.072850585,0.998304725,0.694720089,0.236334488,-0.072937198,0.998589337,0.69715625,0.237270892,-0.072943524,0.998712838,0.691331267,0.232904524,-0.039311677,0.996861041,0.691970825,0.231894732,-0.039287325,0.995910108,0.692765594,0.231029317,-0.039304152,0.996000171,0.711196363,0.248557225,-0.125054151,0.998690248,0.704771638,0.241410449,0.027110821,0.994447112,0.687133789,0.267913938,-0.065644532,0.998330295,0.685171604,0.264699697,-0.021594549,0.995225012,0.714764655,0.337745249,-0.208150461,0.999897599,0.690301716,0.319536746,0.13491261,0.99564302,0.64830786,0.295711845,-0.272181958,0.992939949,0.630587339,0.280320644,0.197685972,0.270945966,0.5812608,0.219274074,-0.26346159,0.986148775,0.577334046,0.214398518,0.127950937,0.469865918,0.563887,0.206028476,-0.297242314,0.97735858,0.56040895,0.195077509,0.123059556,0.454682618,0.567037344,0.190695122,-0.288072407,0.97564137,0.563342333,0.188996673,0.091663316,0.473830521,0.572977602,0.198811978,-0.258421689,0.956377327,0.568142772,0.19759129,0.109342352,0.490206152,0.647748053,0.561151981,-0.097400032,0.999796927,0.626281381,0.541009665,0.097247265,0.999075711,0.605900049,0.724615216,-0.074134938,0.976229787,0.590946853,0.686834455,0.237339944,0.697072268,0.579853654,0.895229995,-0.022780765,0.992947817,0.563609004,0.808732033,0.401450783,0.870238602,0.583580077,0.933124304,-0.02226636,0.979880035,0.568823218,0.83304882,0.415580571,0.848855853,0.533685803,0.933051646,-0.122995973,0.992111325,0.5200423,0.827958524,0.375576317,0.944162667
1,0.584136069,0.441999644,-0.144108415,0.997956872,0.590357184,0.428723365,-0.160440311,0.998432994,0.592137456,0.428855479,-0.160426632,0.998601556,0.594044745,0.428991616,-0.160484165,0.998763144,0.589591444,0.427909762,-0.132904753,0.997716367,0.590731084,0.427367449,-0.132958502,0.997624218,0.59192276,0.426679343,-0.132965699,0.997983515,0.60694015,0.43786484,-0.200265855,0.996613383,0.602852464,0.432032764,-0.076362602,0.99776727,0.588994801,0.456769317,-0.157085776,0.995988429,0.587605298,0.454998404,-0.12113452,0.993520021,0.615533233,0.499232739,-0.259823114,0.994940341,0.608027816,0.478546649,0.001801399,0.991518021,0.553537369,0.421966225,-0.333823413,0.984703004,0.550044119,0.405159324,0.047347076,0.541346669,0.505990624,0.334498107,-0.319932848,0.978862226,0.506791651,0.319259673,-0.02962484,0.835203171,0.493411779,0.318249702,-0.354982704,0.968334317,0.496370405,0.296147317,-0.038783602,0.837452352,0.495616972,0.307367146,-0.343607724,0.965498686,0.497911602,0.293980926,-0.060324688,0.845419884,0.499044895,0.313659042,-0.315956682,0.946526766,0.500901222,0.302316308,-0.043068994,0.849095881,0.638509035,0.746206343,-0.087118879,0.998929501,0.622260094,0.705686212,0.087113105,0.99816823,0.552682996,0.716234922,-0.178984106,0.967735112,0.545422852,0.649939537,0.148932979,0.531784117,0.569549322,0.89161706,-0.061856441,0.940582454,0.565819383,0.797283173,0.243791372,0.553588986,0.583640695,0.923846126,-0.048434157,0.921057761,0.580653548,0.826084554,0.252637595,0.559417129,0.526950002,0.92904228,-0.039733324,0.911629796,0.530880272,0.832320631,0.275878578,0.603286564
0,0.686407983,0.074299313,-0.035898067,0.997732997,0.693070412,0.058252715,-0.05781414,0.997268319,0.694892228,0.058558211,-0.057869248,0.997327805,0.696751356,0.058909405,-0.057849534,0.997798324,0.691680729,0.056836832,-0.023826249,0.996460617,0.692515671,0.056295794,-0.023824077,0.996133268,0.693464577,0.055859979,-0.023876142,0.996961594,0.710430324,0.068925112,-0.111051083,0.996235371,0.706606984,0.06591063,0.040963836,0.994504094,0.689877212,0.092465349,-0.052461188,0.997449934,0.68825841,0.091380693,-0.008058357,0.994703054,0.721766472,0.164273947,-0.200766489,0.999077022,0.69285363,0.166114494,0.15331611,0.998107672,0.653147101,0.220358804,-0.245566338,0.985658646,0.630929351,0.221356958,0.213699549,0.40991956,0.580262661,0.216588512,-0.244789928,0.979274809,0.568362355,0.216706991,0.143935874,0.649907112,0.562774897,0.216170177,-0.278249472,0.96895802,0.551341474,0.218825847,0.147145599,0.620557427,0.56321609,0.197672188,-0.264897585,0.966794014,0.553134322,0.204790264,0.113591254,0.636226416,0.569222093,0.199006572,-0.237234086,0.939643443,0.558767915,0.205124065,0.126474753,0.640660882,0.68697685,0.413576752,-0.104995348,0.999546528,0.66184032,0.397398293,0.104857646,0.999005139,0.626756787,0.56706655,-0.101728544,0.976393342,0.615705967,0.546866894,0.202486321,0.55236119,0.586599529,0.740730941,-0.061477017,0.986153722,0.58021915,0.686525583,0.296882212,0.75382483,0.593130767,0.768691063,-0.060474772,0.96800828,0.583599091,0.71784997,0.303509891,0.749181032,0.544613183,0.794052184,-0.139969319,0.980874062,0.534826577,0.711925685,0.264365703,0.853559673
1,0.594331622,0.427483201,-0.119039416,0.998793721,0.600870848,0.414197415,-0.135790095,0.998917937,0.602564573,0.414100647,-0.135789156,0.999032974,0.604383588,0.413964957,-0.135833725,0.999180853,0.600097895,0.413703889,-0.106477365,0.998491943,0.601164877,0.413139641,-0.106509581,0.998407185,0.60227859,0.41232422,-0.10651271,0.998678982,0.616581023,0.422933847,-0.177240163,0.997678995,0.61299926,0.417919874,-0.046236895,0.998270929,0.599704444,0.442587823,-0.13308531,0.997785807,0.597975433,0.441017658,-0.094378605,0.995859683,0.627057195,0.484454602,-0.238675758,0.997640729,0.617500722,0.468140751,0.027200779,0.993132532,0.563389063,0.407787949,-0.311678141,0.984341562,0.560431957,0.395965189,0.061171703,0.504232585,0.51737088,0.32149902,-0.303599238,0.979310095,0.516128778,0.315699756,-0.019523103,0.780136228,0.503490746,0.305423141,-0.341375291,0.970276475,0.504462659,0.296211094,-0.027737793,0.783119023,0.505720913,0.294145107,-0.329471201,0.967410147,0.505170584,0.289928317,-0.048002779,0.790812373,0.509935379,0.3006199,-0.300089628,0.94735235,0.509205461,0.297197968,-0.032871358,0.799456179,0.664107442,0.725518048,-0.090907954,0.999294519,0.64548254,0.689488411,0.090966612,0.998421013,0.575066268,0.708064914,-0.201977327,0.977439106,0.562509239,0.647928357,0.140591398,0.558460116,0.585712135,0.886041701,-0.120224223,0.976229787,0.583019733,0.787956655,0.216635272,0.602581143,0.597913146,0.916772962,-0.113221779,0.955235183,0.58453238,0.82481873,0.222740605,0.638870299,0.545501292,0.918442845,-0.137084633,0.963763833,0.546748996,0.82585448,0.228863791,0.688253462
0,0.674119771,0.055675328,-0.095978364,0.998229861,0.680222511,0.03951354,-0.118954122,0.997640848,0.681893706,0.039331503,-0.11898198,0.997794986,0.683793545,0.039115272,-0.118953981,0.998094738,0.679025173,0.038844693,-0.084493294,0.99728781,0.679710031,0.038291629,-0.084510572,0.997250319,0.680549145,0.037556529,-0.084569752,0.997804224,0.698407829,0.04984469,-0.172922462,0.996773303,0.69471091,0.0481412,-0.017626658,0.994897783,0.678026557,0.07425417,-0.112239242,0.998354495,0.676307142,0.073657215,-0.06698142,0.996427059,0.713456392,0.148979902,-0.251883417,0.99941206,0.681541324,0.149754941,0.105295017,0.998076737,0.646754563,0.219916329,-0.279684633,0.984527349,0.626788676,0.222305149,0.173497394,0.469535112,0.574765325,0.224308416,-0.262448013,0.976817966,0.564748406,0.223055288,0.111287557,0.693702519,0.557335973,0.226844147,-0.295942843,0.966897011,0.547917485,0.226516277,0.113451064,0.665533423,0.557194114,0.206177458,-0.28476584,0.96450901,0.549219251,0.209473476,0.080194637,0.681162059,0.563219309,0.206811339,-0.256527901,0.934762359,0.554727972,0.209533527,0.094247453,0.683776915,0.688289285,0.400318563,-0.108868241,0.999488294,0.66250211,0.385462314,0.108789384,0.998741984,0.629504085,0.555827022,-0.082998231,0.988815486,0.61597538,0.528559089,0.275025904,0.596591294,0.595647514,0.734823704,-0.038490392,0.989414394,0.579847395,0.65618968,0.440744013,0.794494748,0.597133756,0.763060689,-0.037651483,0.975497484,0.582364321,0.687217057,0.454094708,0.776290476,0.551838815,0.793798745,-0.126345545,0.984766841,0.536853492,0.690565944,0.426481962,0.878529608
1,0.583716571,0.453572422,-0.144722536,0.99898386,0.589757323,0.440929681,-0.160296217,0.999193847,0.591530621,0.440987915,-0.160292357,0.999298513,0.593484819,0.44117564,-0.160362124,0.999390125,0.588983893,0.440026343,-0.133662894,0.99882555,0.590100408,0.439262688,-0.133699179,0.998798013,0.591349959,0.438369572,-0.133696288,0.998940408,0.605722606,0.450507849,-0.199361414,0.99837631,0.602260232,0.444586724,-0.078760833,0.998753726,0.588871837,0.468732327,-0.157515079,0.998115182,0.587161243,0.466297954,-0.122435331,0.996673167,0.613049388,0.512818217,-0.253460974,0.997475743,0.607852817,0.492355227,-0.007227007,0.991746366,0.552500904,0.426828682,-0.326191336,0.984130263,0.5522874,0.414195746,0.027445147,0.465109795,0.509100556,0.335314959,-0.321810216,0.978055835,0.511211991,0.327037424,-0.049247436,0.767715335,0.495275199,0.313639313,-0.359089255,0.9682616,0.498798847,0.305857629,-0.058376707,0.781384289,0.497565359,0.304213226,-0.347935617,0.964889348,0.499398142,0.301671982,-0.077921376,0.792362094,0.50176084,0.311801583,-0.319032729,0.94437474,0.503383636,0.308322489,-0.061858673,0.798402965,0.645892143,0.751502991,-0.086094171,0.999340773,0.631304741,0.70913136,0.086141318,0.998492658,0.565581381,0.727071524,-0.199921682,0.977200806,0.55531323,0.645133734,0.154939413,0.531657338,0.57992512,0.892071724,-0.088875659,0.959160805,0.573303103,0.792934477,0.255432695,0.567420483,0.593234181,0.918007076,-0.079174832,0.926164627,0.578631163,0.817636847,0.263939798,0.566734612,0.540108383,0.921983063,-0.091666438,0.940751553,0.535933495,0.823866606,0.282122672,0.64535445
0,0.666645646,0.05664549,-0.115712926,0.997189462,0.672896743,0.040230412,-0.138917044,0.996535957,0.674412429,0.040132228,-0.138952047,0.996810675,0.676187634,0.039962612,-0.138941109,0.99723345,0.671884716,0.039573431,-0.103869602,0.996078014,0.672583342,0.039175935,-0.103884399,0.996199548,0.673421264,0.038626172,-0.103943586,0.996946037,0.690326154,0.050707307,-0.190413073,0.995618105,0.686753333,0.049567774,-0.032463714,0.99316901,0.670263171,0.076612666,-0.130863279,0.997823358,0.668759942,0.076200493,-0.084882513,0.995444715,0.705072045,0.151477575,-0.26581189,0.999469578,0.676302791,0.15054892,0.094639614,0.998431027,0.641740441,0.236241877,-0.289848983,0.98344332,0.628118098,0.234617472,0.15330568,0.389311165,0.569808543,0.229693547,-0.259075284,0.971769631,0.563454747,0.22162202,0.075066119,0.61956656,0.553265095,0.233310595,-0.294239938,0.95960319,0.547097981,0.22557646,0.069853514,0.603505671,0.55346173,0.21099554,-0.28564927,0.9579041,0.549087405,0.208512545,0.038034901,0.62094754,0.559350312,0.210282817,-0.254059732,0.921966553,0.554340959,0.207873955,0.05769245,0.618086815,0.682727933,0.399888575,-0.11175555,0.999576509,0.658628941,0.387341827,0.111626722,0.998796523,0.625744522,0.560238183,-0.078581721,0.986808658,0.610968232,0.537641227,0.26896733,0.584436774,0.595924497,0.746379077,-0.029577691,0.990450799,0.579067349,0.674241662,0.428034455,0.807794869,0.599604785,0.77850908,-0.030253168,0.975553036,0.583099306,0.700455546,0.44075346,0.783063531,0.552417815,0.808619499,-0.128453657,0.986729324,0.538232327,0.70803678,0.405422211,0.895981491
1,0.581308722,0.446145296,-0.10437946,0.998624504,0.587954402,0.431541055,-0.120413423,0.998930395,0.589574933,0.431529582,-0.120411314,0.999060273,0.591253221,0.431595534,-0.120457157,0.999195039,0.587167621,0.431494594,-0.0913831,0.998312294,0.588204026,0.431270629,-0.091398314,0.998253405,0.589273334,0.430969745,-0.091379374,0.998547971,0.603501678,0.44103092,-0.161874026,0.998039603,0.600312948,0.436865985,-0.030444652,0.998198509,0.586206257,0.46219483,-0.118987858,0.99768424,0.584447265,0.461330414,-0.080919728,0.995328486,0.614601076,0.507712901,-0.223287225,0.99715966,0.602120578,0.49115482,0.042653792,0.990062892,0.550174117,0.428018689,-0.294740319,0.983893037,0.549432397,0.41824913,0.084673904,0.489619434,0.506303728,0.341149747,-0.283902705,0.981220663,0.508988976,0.33727628,0.008419581,0.767100394,0.491593212,0.321682036,-0.319826066,0.973139405,0.497130573,0.316545099,-0.000341708,0.769530416,0.494602293,0.312939048,-0.307808876,0.970573306,0.497616351,0.310704768,-0.019923262,0.776566505,0.499017656,0.319574624,-0.280272245,0.952718735,0.501389742,0.317415059,-0.004618121,0.782958984,0.645424485,0.745784581,-0.087394059,0.999619961,0.625123382,0.707809508,0.087405443,0.998793066,0.563019633,0.730683327,-0.232074931,0.982132435,0.547044337,0.64828527,0.14498499,0.603352606,0.58034122,0.899032235,-0.140794173,0.974594951,0.568707824,0.798809588,0.217938185,0.647493362,0.595393836,0.927510381,-0.131763667,0.952908754,0.582519293,0.83088702,0.223851085,0.678287864,0.54045552,0.942872941,-0.149907023,0.96025598,0.536168635,0.837414861,0.235246539,0.715954304
0,0.661578357,0.068250626,-0.123303428,0.997659326,0.668264031,0.052638415,-0.146324322,0.997379899,0.669714451,0.052695941,-0.146369651,0.997524559,0.671418309,0.052752562,-0.146365017,0.997928977,0.667120993,0.051901557,-0.110019408,0.996887267,0.667852461,0.051593952,-0.110027358,0.996765912,0.668639243,0.051178355,-0.110078558,0.997377276,0.685973942,0.063708261,-0.19812426,0.996475816,0.68209517,0.061998028,-0.035056464,0.99413532,0.665682197,0.088910386,-0.138771027,0.998051405,0.664181232,0.088638432,-0.091214068,0.995980382,0.700178564,0.160734147,-0.27772671,0.999373078,0.674678922,0.164096013,0.097231679,0.998193979,0.638931036,0.244740069,-0.310282022,0.986206532,0.625934958,0.24456647,0.157446072,0.371267378,0.566783965,0.238986522,-0.293858469,0.975991666,0.560814261,0.234962523,0.062447064,0.598516583,0.54991895,0.2391074,-0.334792048,0.964828253,0.543902874,0.235642225,0.058169764,0.583845913,0.55000627,0.218360201,-0.323434174,0.963551164,0.545314193,0.217832252,0.022588823,0.600411773,0.555660844,0.219702452,-0.287799597,0.930716693,0.550786853,0.219654888,0.043525394,0.597478628,0.679941118,0.407912612,-0.116015218,0.999624372,0.657128513,0.396620899,0.115947843,0.998781979,0.622362733,0.567807317,-0.080139004,0.985631526,0.608971119,0.545394003,0.296534628,0.530657947,0.589731395,0.755164027,-0.025362875,0.991161644,0.576728046,0.681465685,0.464191973,0.777526379,0.592081904,0.786682308,-0.023133319,0.978171766,0.579443574,0.708102167,0.47857365,0.769070864,0.546074927,0.81184423,-0.119987473,0.987669885,0.53529799,0.704217911,0.447738588,0.887667
1,0.57528162,0.461176306,-0.142669514,0.9986673,0.581379771,0.447401464,-0.157641485,0.999086082,0.583092988,0.447167456,-0.157639757,0.999202967,0.585014403,0.446986616,-0.157717273,0.999324143,0.580672443,0.446846992,-0.131135702,0.998618782,0.5817765,0.44603315,-0.13116236,0.998540282,0.583008409,0.445042133,-0.131159335,0.998679459,0.597457051,0.454588413,-0.194993705,0.998278379,0.593982756,0.449916422,-0.074838527,0.998324692,0.580764711,0.475754619,-0.155076116,0.997893929,0.578934669,0.474006623,-0.120197453,0.995849907,0.608427167,0.514446735,-0.249659657,0.997177064,0.597278953,0.496838152,-0.004887174,0.988061011,0.546955764,0.434692472,-0.324976742,0.980130434,0.543968737,0.422068626,0.026842216,0.420716673,0.501846552,0.34199813,-0.322750539,0.973484635,0.500631869,0.337067693,-0.050868701,0.72295928,0.488694757,0.320297748,-0.360210836,0.962661386,0.489762396,0.31650576,-0.059854764,0.740520537,0.491182894,0.312110692,-0.348899305,0.958829701,0.490752548,0.311935812,-0.079092294,0.750967264,0.495189041,0.319665641,-0.320035398,0.935031652,0.494235843,0.318725109,-0.063507207,0.755265355,0.643113494,0.752652764,-0.083986759,0.999483883,0.623296142,0.711375654,0.084035829,0.998386264,0.563028395,0.720357776,-0.217196867,0.977815926,0.548009574,0.644793153,0.162492245,0.534827054,0.57762295,0.896551251,-0.092252567,0.96385771,0.572230101,0.783554673,0.260107636,0.578655541,0.590743482,0.923163414,-0.079888709,0.93978548,0.580437839,0.788594484,0.268822253,0.589101255,0.538777053,0.931039929,-0.085925326,0.951288462,0.535392761,0.817580402,0.286234915,0.662042379
0,0.587320685,0.255514681,-0.090668246,0.999972701,0.59224838,0.248696372,-0.078182675,0.999964535,0.594976544,0.250971198,-0.078178652,0.999960244,0.597587705,0.25313285,-0.078157917,0.999965489,0.584454894,0.244066685,-0.069721296,0.999959588,0.582239926,0.243324742,-0.069739692,0.999949515,0.580044627,0.242614344,-0.069741383,0.999957204,0.599704146,0.260955483,-0.010111788,0.999958217,0.576697648,0.250814378,0.028746694,0.999897957,0.591145635,0.274513692,-0.066339903,0.999949455,0.580671132,0.267493337,-0.055199701,0.999918222,0.618516564,0.343176037,-0.041131243,0.999894977,0.546047866,0.322334588,0.066607051,0.999697447,0.600044727,0.32395038,-0.204108268,0.994247198,0.515267491,0.297651172,-0.080838509,0.940886676,0.562782347,0.231961265,-0.308483839,0.995157778,0.49530077,0.243457153,-0.310417414,0.969973564,0.553295553,0.203693449,-0.343709648,0.987296164,0.489322811,0.211142704,-0.353618711,0.942226589,0.551050842,0.198017418,-0.332754523,0.985758185,0.49408263,0.209755138,-0.355401903,0.940346003,0.554331779,0.208504915,-0.306650311,0.977017224,0.497359097,0.221568897,-0.320138156,0.93563205,0.568419695,0.548222065,-0.022127394,0.999908745,0.523983121,0.530449748,0.02183588,0.99984622,0.564646661,0.725848317,-0.069351137,0.998644769,0.492772192,0.700998843,0.012704057,0.994816184,0.567930043,0.905494511,0.013688311,0.996964633,0.459758997,0.847761631,0.121826388,0.989798248,0.567583382,0.925477445,0.014348055,0.732422411,0.462963909,0.867276311,0.126513749,0.833783984,0.551574826,0.974643707,-0.121148787,0.992534995,0.436088949,0.904279053,0.022976408,0.98314631
1,0.532568038,0.433833748,-0.150767475,0.999833763,0.54058063,0.420045763,-0.147273183,0.999874532,0.543597698,0.421300203,-0.147230804,0.999865413,0.546769202,0.42250827,-0.147269338,0.999868929,0.536127925,0.417412996,-0.132332623,0.999807537,0.535780787,0.416918695,-0.132357925,0.999745488,0.535357594,0.416455328,-0.132387847,0.999783874,0.558816314,0.430247366,-0.112830579,0.999836087,0.543654084,0.423687398,-0.041455828,0.999770999,0.538640916,0.449694276,-0.137138218,0.999829531,0.532390118,0.446756691,-0.116633818,0.999709666,0.5865888,0.503407955,-0.134479225,0.998581111,0.51524508,0.484825522,-0.003929455,0.998736024,0.561832547,0.474089205,-0.263091505,0.982330978,0.482495964,0.432307184,-0.0197093,0.982997835,0.530579507,0.35967648,-0.327916086,0.975434959,0.4630813,0.348716468,-0.088995323,0.972985566,0.524222493,0.33439523,-0.35252133,0.959170043,0.459424317,0.324055582,-0.111935928,0.928880751,0.525427699,0.329443663,-0.345427603,0.951996267,0.46597591,0.318059295,-0.109569773,0.920645237,0.525303781,0.338019401,-0.32704106,0.929579735,0.468469769,0.32583195,-0.09368147,0.917807102,0.55963105,0.718331993,-0.029015983,0.999840736,0.509734154,0.701525152,0.028947676,0.999628186,0.57393086,0.759996116,-0.373620331,0.998190761,0.437296689,0.713632941,-0.179536372,0.997590899,0.568375289,0.90427655,-0.207340047,0.996735871,0.457652152,0.841867924,-0.021009421,0.99385035,0.565337956,0.917073727,-0.195050329,0.963704467,0.467938036,0.859015644,-0.008968314,0.976067483,0.553258121,0.971114874,-0.301438004,0.990826488,0.433750927,0.90142566,-0.077360086,0.986270189
0,0.579033971,0.249690518,-0.165098399,0.999956965,0.585992515,0.241815776,-0.157475531,0.999949157,0.589376807,0.243364483,-0.15747717,0.999944091,0.592619002,0.244995683,-0.157460809,0.999950886,0.579034269,0.239677683,-0.145158261,0.999931037,0.577676117,0.239752784,-0.145145297,0.999913573,0.5762254,0.23981598,-0.145127982,0.999915302,0.597897708,0.254215389,-0.09428224,0.999953389,0.576934934,0.248126164,-0.036893949,0.99986583,0.585194767,0.268433988,-0.140792504,0.999946177,0.575175822,0.26302582,-0.124493122,0.999897122,0.621626556,0.330818087,-0.12805742,0.999876976,0.552349687,0.314731061,0.014762761,0.999490082,0.60608995,0.321323752,-0.349279851,0.995835543,0.520716846,0.27877754,-0.157401398,0.943527281,0.563883841,0.239252701,-0.491518974,0.995837986,0.49919486,0.23046048,-0.41454488,0.962952733,0.554664969,0.2133874,-0.538326144,0.990004063,0.493970335,0.204824239,-0.460789531,0.932488799,0.553351283,0.205695599,-0.524419248,0.988927186,0.498286963,0.201204866,-0.464292228,0.929408312,0.555409968,0.215335026,-0.489843428,0.98042202,0.501425624,0.211026043,-0.426364422,0.923496127,0.582248151,0.552072048,-0.031204576,0.999937057,0.536107659,0.536688685,0.030946255,0.999882281,0.571507573,0.728050411,-0.062926427,0.997483194,0.49963659,0.698535562,0.02660889,0.995212972,0.568142653,0.906385779,0.023277335,0.996467948,0.460130304,0.84563601,0.135423213,0.992227793,0.568216145,0.927570164,0.023419337,0.815599501,0.464292198,0.869140446,0.139492944,0.895732999,0.551040173,0.976100564,-0.11443007,0.991217434,0.435579002,0.901491404,0.036106229,0.987074018
1,0.528417766,0.458130479,-0.157382399,0.999551654,0.53592366,0.446593046,-0.159721404,0.999657393,0.539059281,0.447416276,-0.159673125,0.999640048,0.542390645,0.4482373,-0.159724578,0.999626577,0.530756235,0.443629295,-0.142238408,0.999481559,0.530022204,0.442507625,-0.142257601,0.99932158,0.529172242,0.441527247,-0.142286032,0.999447703,0.554669976,0.452132493,-0.135462493,0.999572515,0.536453903,0.445796967,-0.052827071,0.999381006,0.534996867,0.471257657,-0.146015182,0.999560833,0.528115332,0.467187911,-0.122124456,0.999286175,0.581155777,0.519725084,-0.155541152,0.997495711,0.514572859,0.493615299,-0.000604307,0.99865216,0.554166257,0.499795586,-0.281534761,0.968031287,0.479677022,0.445405245,0.003229845,0.970458269,0.523422599,0.384420574,-0.343490243,0.948034346,0.458198369,0.368028522,-0.06408821,0.9645679,0.516988993,0.357109606,-0.367571503,0.922726929,0.453409135,0.342446208,-0.083365977,0.921346009,0.518680453,0.352042317,-0.360770166,0.909923911,0.458674997,0.337692916,-0.086226836,0.914425731,0.519170761,0.361542016,-0.342575312,0.872066259,0.461480319,0.347048283,-0.070811257,0.912605345,0.553674817,0.727754116,-0.037578963,0.999685645,0.505957246,0.713299334,0.037502136,0.999388874,0.564554632,0.761765599,-0.364475667,0.998772442,0.430773824,0.712038398,-0.151547238,0.997261345,0.566510081,0.905657768,-0.234132484,0.997593999,0.457890123,0.84251821,-0.024089392,0.993867874,0.566869438,0.921231091,-0.224643156,0.970922649,0.468761533,0.859709859,-0.014849472,0.980800748,0.549512506,0.971623063,-0.329266012,0.993163705,0.434057325,0.899714649,-0.080772787,0.986676514
0,0.58061111,0.251674145,-0.136530459,0.999959111,0.588554025,0.244215921,-0.131853431,0.999952197,0.591965318,0.245786473,-0.131851763,0.999948561,0.595340848,0.247463286,-0.13182056,0.99995482,0.58204788,0.241997525,-0.117170669,0.999934614,0.580852211,0.241946831,-0.117171749,0.999916852,0.579489529,0.241865814,-0.117169954,0.999918818,0.600863814,0.256675094,-0.084016606,0.999960423,0.580503643,0.249917299,-0.015691588,0.999872744,0.586812556,0.270745575,-0.117871031,0.999954343,0.577551246,0.265102029,-0.098452963,0.999906421,0.624882638,0.334886968,-0.128996357,0.999898016,0.555685401,0.313978076,0.035727095,0.999507189,0.607739449,0.31583336,-0.347739786,0.99658978,0.519689679,0.276193947,-0.124345675,0.945304215,0.562984705,0.23714599,-0.479820818,0.995744109,0.501351058,0.2278101,-0.375187099,0.966567099,0.552859366,0.212623402,-0.523792982,0.990102112,0.496769011,0.198397279,-0.418566078,0.939308882,0.550532222,0.205034509,-0.510768056,0.988945842,0.501613915,0.195801079,-0.420654595,0.936735213,0.553442538,0.216201439,-0.477921575,0.980053186,0.505042732,0.208786115,-0.386077702,0.93138963,0.584528446,0.557117641,-0.041647319,0.999944031,0.53905791,0.539915979,0.041367643,0.99988693,0.57351768,0.73007524,-0.075657591,0.997306526,0.499419361,0.697977543,0.056015372,0.99292618,0.570369065,0.911319494,-0.017891264,0.996430457,0.459960997,0.845971584,0.137178659,0.990014791,0.571850777,0.935877323,-0.020950306,0.821413577,0.464012325,0.870189607,0.13950932,0.895376801,0.548152208,0.975276887,-0.156591803,0.99123162,0.435095638,0.901158035,0.044778861,0.984324217
1,0.529593468,0.450225651,-0.137384832,0.999827862,0.536985397,0.437042356,-0.137354881,0.999861956,0.539929569,0.437676698,-0.137304097,0.999852717,0.543115854,0.438473016,-0.137346968,0.999858081,0.532217979,0.434698492,-0.120627522,0.999791265,0.531570315,0.433729887,-0.120644294,0.999713242,0.530748248,0.432868123,-0.120672621,0.999767363,0.555615723,0.443481833,-0.109738752,0.999826431,0.537837148,0.436853319,-0.029633695,0.999759793,0.535422981,0.461794823,-0.125074401,0.999801338,0.528967559,0.45907253,-0.102142707,0.999661505,0.582074046,0.510717452,-0.137736648,0.998863101,0.515732884,0.486538649,0.020692734,0.999085665,0.554625154,0.5016734,-0.270008028,0.972070158,0.483289719,0.439939588,0.022642732,0.966835856,0.52287817,0.378898233,-0.337959021,0.965982974,0.46028775,0.364804715,-0.043155696,0.967466533,0.515818954,0.353140086,-0.362466931,0.952461839,0.455710977,0.338982046,-0.061409973,0.931455016,0.517511368,0.348604947,-0.356647134,0.944887221,0.461170286,0.333484143,-0.063357137,0.926570475,0.518170178,0.359194815,-0.337336481,0.916929901,0.463983208,0.343344629,-0.049411912,0.924942911,0.555566669,0.721826851,-0.039650161,0.999838293,0.506536663,0.706548095,0.039587896,0.999658883,0.562220037,0.770381272,-0.356720775,0.998815596,0.429967076,0.718388438,-0.136483684,0.998153925,0.564952612,0.909162581,-0.216498375,0.997763753,0.456948191,0.845643699,0.014129822,0.994127035,0.563794494,0.925578237,-0.206196308,0.968072474,0.468015581,0.865574956,0.025460506,0.978502452,0.547267795,0.97236532,-0.310316831,0.993176103,0.430605799,0.89851445,-0.03557292,0.986093819
0,0.623795688,0.256585568,-0.042152509,0.999650061,0.632701278,0.24739407,-0.062064964,0.999576628,0.634536207,0.248798311,-0.062132459,0.999628365,0.63688463,0.250334322,-0.062114738,0.99965018,0.630928516,0.243893519,-0.031543255,0.999273539,0.631548345,0.243368998,-0.031524431,0.999072373,0.632347763,0.243001521,-0.031532887,0.999084473,0.649774075,0.264623851,-0.105537631,0.999578178,0.642870903,0.25611937,0.032778453,0.998691678,0.624605358,0.276481658,-0.054135025,0.999493837,0.622710109,0.272688419,-0.014099295,0.998750329,0.646478295,0.361857057,-0.174257129,0.999849558,0.614095926,0.325135648,0.126064852,0.997846842,0.580043137,0.312772334,-0.234594822,0.992000222,0.561448693,0.289211184,0.1825746,0.423480541,0.522625804,0.220631048,-0.237852782,0.99180001,0.515586019,0.21105358,0.11694026,0.682556987,0.504624486,0.207437068,-0.269413471,0.986521482,0.495916992,0.192400217,0.110902347,0.646618783,0.50496918,0.192319915,-0.262685806,0.985536397,0.499093711,0.186416477,0.079604298,0.665643096,0.511591613,0.20006144,-0.233908102,0.973399937,0.504860938,0.193571329,0.098832965,0.675646842,0.562375188,0.561526597,-0.077199817,0.999692678,0.539599061,0.539218962,0.077047855,0.9992764,0.521971941,0.731837451,-0.075695917,0.990360141,0.50271368,0.687294662,0.174271002,0.926793754,0.488954395,0.899165452,-0.052319866,0.997017026,0.467514932,0.808204293,0.294686854,0.971385479,0.488577843,0.932191551,-0.055739723,0.985534847,0.470032126,0.834519267,0.30342567,0.933197439,0.442825884,0.934661865,-0.159008816,0.996074557,0.423780024,0.829631567,0.257546425,0.984035075
1,0.532948792,0.42191717,-0.162272185,0.998951495,0.542092919,0.4093889,-0.176329881,0.99932164,0.543823481,0.410673678,-0.176329732,0.999381542,0.545761466,0.412177831,-0.176379174,0.99948442,0.540629029,0.406694114,-0.149827465,0.99861002,0.541154504,0.406061649,-0.14988187,0.998477757,0.541649461,0.405576408,-0.149883553,0.998858333,0.55721271,0.429287553,-0.206923097,0.998865068,0.551738441,0.420577735,-0.08790949,0.998826981,0.535017371,0.441137046,-0.172322571,0.99856174,0.532333136,0.4377051,-0.137833789,0.996244967,0.561787963,0.509758949,-0.263363481,0.997794628,0.531694293,0.477551639,-0.019156462,0.993828714,0.501149118,0.434805304,-0.340376079,0.9865008,0.487078756,0.407693535,0.012279257,0.741317987,0.453890711,0.336651385,-0.348287702,0.982720613,0.444115639,0.318265766,-0.060259968,0.882083595,0.438152075,0.316424996,-0.385754585,0.974990189,0.431658596,0.294462323,-0.073547229,0.86273694,0.440657854,0.300855249,-0.375849515,0.972692192,0.433999211,0.286968172,-0.097583577,0.865255415,0.445315272,0.310236216,-0.345957547,0.95671612,0.437859237,0.29580605,-0.074967697,0.870862901,0.544844925,0.739403188,-0.076495245,0.999875367,0.51778537,0.698657751,0.076482326,0.999549687,0.465206772,0.752701223,-0.213844016,0.98459357,0.438627779,0.646357179,0.081939638,0.764874339,0.483235121,0.897034347,-0.091141239,0.974731386,0.462193161,0.800860167,0.169776231,0.710610807,0.495837986,0.932089567,-0.077758357,0.956538737,0.472573847,0.825046003,0.179431826,0.74982667,0.446217537,0.950032353,-0.094010137,0.956809759,0.429721028,0.837322474,0.184929878,0.726695478
0,0.622323394,0.26118511,-0.020963898,0.999154568,0.631657064,0.249128848,-0.040566005,0.999046385,0.633682609,0.250246525,-0.040632304,0.999113917,0.635994971,0.251424462,-0.040615372,0.999239862,0.629476666,0.246438637,-0.010314659,0.998610973,0.63002342,0.245803639,-0.010302486,0.998228669,0.630702257,0.245248899,-0.010357978,0.998584986,0.649194419,0.264401764,-0.085929915,0.998960316,0.6420542,0.256333083,0.051005013,0.998178959,0.624395788,0.279721439,-0.034159321,0.998713017,0.621714354,0.277131766,0.005588582,0.996987402,0.655491173,0.350980729,-0.161832735,0.999783576,0.615875125,0.318747044,0.143733829,0.997365892,0.592217743,0.305626988,-0.237811834,0.989985943,0.565513134,0.274238408,0.208414048,0.503791273,0.527808785,0.223496705,-0.232748985,0.982067347,0.515602231,0.212424576,0.142769188,0.71757555,0.509688497,0.209562436,-0.261805236,0.971435487,0.496973902,0.197002873,0.139695093,0.666649699,0.508111238,0.198420435,-0.252509892,0.968346715,0.497142881,0.190553352,0.108127512,0.684093475,0.514641166,0.206397295,-0.228027612,0.945439637,0.502408743,0.197807312,0.124943517,0.699449658,0.590092897,0.573436201,-0.085919566,0.999852717,0.560929358,0.545243502,0.085753664,0.999508023,0.535295069,0.72772181,-0.09952388,0.985824108,0.510703385,0.6778391,0.192611977,0.832542896,0.489799798,0.898016274,-0.105134629,0.995266676,0.467715681,0.806904614,0.307358891,0.92509526,0.489157677,0.92981112,-0.109753788,0.979560256,0.46911329,0.834577084,0.315932333,0.903102636,0.440325499,0.931509316,-0.204906344,0.993149936,0.424108326,0.829587221,0.277439356,0.956393778
1,0.533030152,0.425046623,-0.164597362,0.998905241,0.542379498,0.412176222,-0.179480702,0.999198496,0.544341683,0.413104594,-0.179487675,0.999269009,0.546393514,0.414238453,-0.179538086,0.999396622,0.540510774,0.409561485,-0.152642399,0.998413384,0.541083217,0.40857327,-0.152687728,0.998236716,0.541728437,0.407632202,-0.152688682,0.998675525,0.558527112,0.429713398,-0.211790398,0.998722613,0.552760661,0.420914501,-0.090323627,0.99855417,0.535338521,0.443106025,-0.174594119,0.998544097,0.532590568,0.439562738,-0.139266998,0.996091366,0.562197328,0.508114517,-0.270427048,0.998633504,0.537929952,0.47025156,-0.015310867,0.995517969,0.50173372,0.432847679,-0.353685796,0.98573035,0.491638184,0.406445533,0.022938998,0.688040316,0.452550262,0.336625159,-0.36219579,0.981522441,0.449032307,0.322631419,-0.047845207,0.846802592,0.437319845,0.319158733,-0.400824487,0.974543452,0.433620393,0.301116884,-0.06012705,0.830086827,0.438367516,0.303339034,-0.388057292,0.972256362,0.434765279,0.291837335,-0.086066008,0.832239032,0.443284094,0.312529147,-0.358540475,0.953475177,0.439770401,0.301771879,-0.063142568,0.838863373,0.543322742,0.735954821,-0.080450468,0.999917328,0.519060969,0.696263433,0.080423348,0.999626637,0.463449538,0.74876684,-0.220061511,0.988902569,0.441366136,0.64106226,0.097887956,0.770678222,0.482221931,0.895423114,-0.096339412,0.987709224,0.46120137,0.802073658,0.201300666,0.750388443,0.495049804,0.930344164,-0.082679555,0.974473894,0.470692158,0.823893547,0.212503746,0.793500543,0.442628443,0.948707044,-0.099039659,0.977754056,0.4282704,0.832092464,0.21918118,0.773480535
0,0.627077878,0.263174981,-0.023030289,0.998865724,0.636480272,0.251674742,-0.042628773,0.998684645,0.638464153,0.252678305,-0.042694397,0.998776317,0.640554368,0.253762275,-0.042675201,0.998958707,0.634747803,0.249394402,-0.013088006,0.998182058,0.635362208,0.248763487,-0.013078241,0.997725248,0.636051357,0.248247534,-0.013139449,0.99822861,0.652693629,0.26701951,-0.088548362,0.998597443,0.647361398,0.260109425,0.045489851,0.997667491,0.628604472,0.28155449,-0.036214545,0.998407304,0.626164079,0.279188067,0.002695478,0.996242344,0.657535851,0.352808505,-0.160087287,0.99974823,0.619063318,0.32150194,0.137183577,0.997007549,0.59228164,0.305271775,-0.232545853,0.986666381,0.569324136,0.278554082,0.20127663,0.453951031,0.528007686,0.222539559,-0.225803018,0.974748671,0.517743468,0.213698387,0.138037473,0.675128996,0.510889292,0.209360436,-0.253076404,0.962137997,0.498946369,0.199710339,0.135273024,0.627788067,0.509300053,0.197187617,-0.242708951,0.957804263,0.499596447,0.191866472,0.104169667,0.645806849,0.515935779,0.205590993,-0.220768258,0.9294191,0.504479766,0.198564425,0.120521344,0.663101673,0.593518019,0.579002619,-0.082520738,0.999881208,0.564686298,0.550389171,0.082337402,0.999570906,0.535003781,0.726429045,-0.096639462,0.986779749,0.508890271,0.678318262,0.181929171,0.806217313,0.490806878,0.897673011,-0.094803244,0.995328367,0.467516005,0.806832373,0.280933827,0.911237359,0.490841717,0.930260122,-0.100688733,0.976740897,0.471271753,0.832800031,0.287679136,0.891763806,0.439989507,0.935583055,-0.19820042,0.993060052,0.421661228,0.829881012,0.2498395,0.950456381
1,0.531785309,0.426416129,-0.151493758,0.998884141,0.541337073,0.413223386,-0.166877285,0.999236524,0.543082297,0.414150923,-0.16688554,0.999289513,0.544870496,0.41531074,-0.166935906,0.999429703,0.539848506,0.410684079,-0.139916986,0.998411775,0.540545106,0.409809709,-0.139956042,0.998214662,0.541249871,0.409039468,-0.139954299,0.998690367,0.556261182,0.431169629,-0.200162008,0.998823881,0.551632106,0.423156023,-0.078726478,0.998644531,0.533745646,0.444841206,-0.162287682,0.998602092,0.531342447,0.441302478,-0.126761839,0.99623847,0.559238791,0.50958395,-0.260666043,0.998628676,0.53528136,0.47563082,-0.004840277,0.99532181,0.500854373,0.434917241,-0.340132564,0.986418664,0.489515394,0.411066741,0.034237318,0.679565549,0.450564802,0.337294936,-0.345523208,0.982623518,0.447244555,0.327900141,-0.037366189,0.836018384,0.436781585,0.319016129,-0.382622987,0.975713968,0.432693303,0.305336028,-0.048870668,0.819232464,0.438402176,0.303936332,-0.369136214,0.973566175,0.43444556,0.296371371,-0.07468836,0.82158041,0.442927688,0.313608885,-0.341441184,0.956529915,0.439392,0.307425439,-0.052791946,0.829157948,0.539741218,0.739332497,-0.079915993,0.999922037,0.515140057,0.700038731,0.079897352,0.999648571,0.461060047,0.751896083,-0.21012342,0.984348953,0.436467081,0.647886753,0.094781429,0.722183466,0.481386036,0.894285858,-0.069714352,0.979013205,0.462253571,0.798373103,0.188283324,0.687790811,0.494157076,0.926561654,-0.05303371,0.965745687,0.473520935,0.815567017,0.199058563,0.750309229,0.443834215,0.94862473,-0.052227091,0.96453315,0.436458439,0.83547169,0.211589217,0.718460858
0,0.471787125,0.268893272,-0.233327433,0.999993563,0.478286117,0.255567759,-0.218461081,0.999987304,0.481238216,0.255702198,-0.218473285,0.999985218,0.483874261,0.255980313,-0.218471497,0.999982178,0.468263477,0.255957633,-0.216955617,0.999986768,0.465043128,0.256374896,-0.216981217,0.999985993,0.462121189,0.256987631,-0.216974765,0.999985993,0.489475012,0.26446104,-0.119996928,0.99997288,0.459066689,0.263017327,-0.11279235,0.999974728,0.478132069,0.285448223,-0.195715457,0.999992132,0.465555191,0.283819407,-0.193928838,0.999992967,0.51391542,0.353609681,-0.070458114,0.99992007,0.433814377,0.349592924,-0.046721153,0.999921858,0.52302891,0.450452507,-0.178355485,0.989278615,0.416779131,0.451889545,-0.146031946,0.986083984,0.487702668,0.413121909,-0.374551862,0.988027155,0.445369571,0.413496792,-0.350443244,0.986633003,0.476330757,0.401261747,-0.415706098,0.970922947,0.452995241,0.404158473,-0.393078893,0.967978954,0.474591315,0.389699966,-0.411922991,0.969353497,0.454406828,0.39213866,-0.3880696,0.964735627,0.477722466,0.392730445,-0.376364052,0.949308574,0.453477681,0.394266516,-0.352365434,0.945898175,0.497355223,0.559334099,-0.007683897,0.999785662,0.447919428,0.557337344,0.007540687,0.999776661,0.515971422,0.714377284,-0.03244511,0.997977257,0.434659809,0.713620424,0.011078994,0.998175621,0.525398433,0.851699412,0.143783584,0.997324169,0.424567223,0.849060118,0.185673609,0.997696698,0.523091435,0.865774989,0.155003607,0.928882778,0.42700237,0.864747167,0.197211176,0.93734777,0.528436184,0.904874861,0.037930392,0.994945168,0.417837232,0.89876914,0.089709833,0.99491632
1,0.465219676,0.559379756,-0.424281448,0.999978542,0.471638054,0.545298636,-0.411480993,0.999917626,0.474697113,0.544656575,-0.411459059,0.999942482,0.477472842,0.544137299,-0.41152516,0.999797761,0.460634857,0.54567492,-0.410092592,0.99993515,0.457576841,0.545056045,-0.410181582,0.999968648,0.45544824,0.544514835,-0.410202265,0.99993217,0.482702732,0.544603765,-0.311535716,0.999897957,0.452596128,0.544509649,-0.306575567,0.999981105,0.471543133,0.573385239,-0.385576189,0.999990523,0.459805727,0.573818028,-0.384376019,0.99999547,0.507844746,0.61210829,-0.238153532,0.999886453,0.429215014,0.606271207,-0.229768664,0.999966025,0.523823023,0.716762722,-0.382405281,0.993250132,0.404948086,0.7070086,-0.376836181,0.996533811,0.483565718,0.665644348,-0.559383273,0.984280229,0.444477409,0.665481925,-0.550547779,0.9843027,0.471944183,0.653039038,-0.596467257,0.959897161,0.452326357,0.652200282,-0.58605653,0.953805447,0.470535576,0.638417602,-0.575804114,0.946119249,0.452369392,0.63709116,-0.564246833,0.931938708,0.473615736,0.64310962,-0.554175079,0.85467422,0.451615334,0.64100486,-0.544382215,0.837284863,0.489092052,0.73032999,-0.003392137,0.999588549,0.447291434,0.734046102,0.003447238,0.999829054,0.536513746,0.714550376,-0.338494927,0.991638303,0.407421291,0.721705139,-0.330545932,0.991617143,0.523742378,0.844078004,-0.130301833,0.984185398,0.42369324,0.847760081,-0.128515124,0.994170368,0.516352713,0.858157516,-0.115461126,0.935527802,0.430458963,0.865859389,-0.114102207,0.969169378,0.526058316,0.898463786,-0.232032254,0.971554399,0.410952866,0.898329854,-0.226590946,0.983485281
0,0.470027834,0.277326554,-0.131685808,0.999950349,0.475172222,0.26236552,-0.119403221,0.999902844,0.478069842,0.262028724,-0.119412579,0.999872744,0.4809044,0.261620164,-0.119410828,0.999865353,0.465691656,0.262813538,-0.118285276,0.999913633,0.462435007,0.262379467,-0.118284628,0.99990207,0.459572494,0.261839986,-0.118292831,0.999922872,0.48630029,0.266101718,-0.033356849,0.999782205,0.454995155,0.266263127,-0.027565261,0.999893069,0.476337045,0.290779442,-0.097799286,0.999912322,0.464917183,0.290804058,-0.09651798,0.999941945,0.509473264,0.338719189,0.003521437,0.99967438,0.435008615,0.336737335,0.01277593,0.999866962,0.521058679,0.415658355,-0.119163789,0.98114109,0.412679821,0.424688935,-0.096380316,0.989457726,0.480358928,0.357289642,-0.271399051,0.973930776,0.450565726,0.359709978,-0.23834005,0.982796192,0.470177025,0.338306665,-0.302789867,0.937761605,0.457502991,0.343167633,-0.271177322,0.947038174,0.470267862,0.330844462,-0.288996816,0.929864109,0.458409309,0.334816635,-0.25781104,0.938740969,0.473101377,0.336921751,-0.269060433,0.894197047,0.458153248,0.340344518,-0.235836789,0.911703467,0.497059494,0.544516265,-0.006047901,0.999714434,0.450201273,0.543438494,0.00599915,0.999723554,0.510109067,0.699698091,0.002764521,0.996049345,0.437957108,0.702108264,0.014148517,0.996752203,0.526371896,0.843759418,0.138154149,0.994299412,0.421886921,0.848545432,0.13821511,0.996138573,0.523902237,0.857501447,0.146643177,0.870280385,0.425481558,0.866074443,0.145971164,0.921195567,0.529054344,0.900076032,0.043768845,0.989241004,0.414762646,0.89909637,0.045437984,0.990993321
1,0.465825558,0.566999376,-0.452632368,0.999982953,0.471952587,0.551636517,-0.439932495,0.999922991,0.475108534,0.550427437,-0.439911306,0.99994874,0.477785587,0.549198329,-0.439985514,0.999776125,0.461055905,0.552074969,-0.439239651,0.999940574,0.457859337,0.55101645,-0.439334691,0.999974072,0.455398023,0.549580395,-0.439357579,0.999936163,0.482874095,0.547771752,-0.33738929,0.999903798,0.452310234,0.546382964,-0.334679008,0.999986827,0.471361488,0.579670966,-0.412166506,0.999990225,0.459948003,0.578914285,-0.411645889,0.999995708,0.506808996,0.613705218,-0.258235276,0.999880195,0.427937031,0.605893731,-0.252576828,0.999969661,0.527419865,0.71941942,-0.398228467,0.991917193,0.40423274,0.712900877,-0.395516813,0.997573614,0.480180979,0.66705811,-0.57163465,0.979000211,0.444578707,0.667483151,-0.563482344,0.986615002,0.468563318,0.655615389,-0.607679844,0.943896651,0.451001227,0.653549016,-0.597910523,0.955312252,0.467902988,0.640223563,-0.586223364,0.92437923,0.450880706,0.638706744,-0.576008439,0.932237625,0.471501172,0.645810783,-0.565992713,0.796738505,0.450544178,0.643994629,-0.557102859,0.826122582,0.489325523,0.727222621,-0.001740708,0.999447644,0.446440041,0.7301808,0.001791443,0.999783456,0.539165199,0.718574524,-0.344568074,0.986298978,0.404985279,0.727553308,-0.336299509,0.989059627,0.523526847,0.845382929,-0.124183156,0.977086425,0.424374729,0.847963631,-0.118226841,0.993777514,0.5153144,0.86106658,-0.108645283,0.931708276,0.431573957,0.866447091,-0.10267929,0.968060851,0.528998792,0.902904749,-0.221490934,0.959593475,0.408406824,0.900333762,-0.211853474,0.981543839
0,0.470706403,0.279044271,-0.158434048,0.999985516,0.475838333,0.26453948,-0.14665249,0.999969542,0.478953689,0.264217615,-0.146677181,0.999962389,0.482000649,0.264019996,-0.146677032,0.999955416,0.466564029,0.264380187,-0.145664319,0.9999699,0.462967634,0.264123887,-0.145664439,0.999966383,0.459977806,0.263674468,-0.145657897,0.999970973,0.487631887,0.267883331,-0.054510958,0.999935865,0.454565912,0.265445471,-0.05030768,0.999957263,0.476601899,0.293142289,-0.121490911,0.999975622,0.465072721,0.291752845,-0.120665386,0.999982417,0.5102669,0.341660023,-0.003516049,0.999912739,0.43062824,0.33868435,0.014709334,0.999932826,0.519756794,0.4422189,-0.097607486,0.986543834,0.414519459,0.445206374,-0.073289059,0.984254777,0.482447803,0.383430094,-0.263164639,0.98122555,0.448889971,0.389820486,-0.247688919,0.982777596,0.47335881,0.364863634,-0.297140986,0.952680707,0.455923885,0.372208625,-0.283508956,0.953813553,0.471260726,0.353382081,-0.289958268,0.948267698,0.456746191,0.360798091,-0.275433809,0.947091341,0.473987162,0.357388854,-0.263220161,0.913123786,0.456459284,0.365035981,-0.247651502,0.916851521,0.496005595,0.542474985,-0.006438007,0.999709964,0.448498666,0.542286277,0.006394204,0.999702632,0.50707233,0.696767449,0.003152317,0.996582985,0.439027488,0.701312959,0.008394571,0.996857703,0.523829222,0.843546748,0.145646065,0.995437443,0.423952669,0.844295442,0.143342495,0.996871293,0.521741509,0.85848999,0.154257327,0.90445596,0.426469654,0.861046612,0.151501209,0.939008236,0.527239263,0.896883309,0.043085597,0.99085182,0.416551679,0.898035705,0.042787287,0.992339373
1,0.469943851,0.570871472,-0.416112095,0.999971807,0.476205587,0.556287766,-0.402627856,0.999885857,0.479273707,0.555787146,-0.402623981,0.999920785,0.482006013,0.555284142,-0.402696997,0.999696136,0.465583146,0.555914223,-0.402531683,0.999919772,0.46214515,0.555221498,-0.4026227,0.999961078,0.4594253,0.554404676,-0.40264535,0.999910474,0.487177938,0.555372536,-0.301224768,0.999833822,0.455963045,0.552974105,-0.304887027,0.999978483,0.474910647,0.584754527,-0.376466036,0.999981642,0.464115947,0.584389806,-0.376861215,0.999992907,0.509076834,0.617213488,-0.227664277,0.999807,0.430208117,0.612178624,-0.226561859,0.999954283,0.524594188,0.724772036,-0.357831538,0.990119874,0.40850997,0.721917272,-0.354417741,0.996147513,0.483454764,0.6718961,-0.52661103,0.977918684,0.447741807,0.673541546,-0.522090912,0.983613253,0.473478884,0.658030808,-0.562185526,0.946359098,0.454371929,0.658042312,-0.556455255,0.953433275,0.472370952,0.642150342,-0.542010069,0.929337204,0.454584181,0.643896699,-0.537137389,0.932305992,0.475264549,0.647256315,-0.521495163,0.81598258,0.453828663,0.64954704,-0.516855955,0.831681848,0.490906388,0.730203986,-0.000880298,0.99914813,0.448282629,0.734099925,0.000955071,0.9997105,0.539704919,0.71805948,-0.322408617,0.985741615,0.408217102,0.731253624,-0.323514909,0.987479925,0.523287892,0.845452905,-0.115411304,0.973378122,0.423746973,0.849523187,-0.11682862,0.99287951,0.51533258,0.859860897,-0.100620769,0.938818038,0.431048006,0.86854279,-0.101992883,0.968928635,0.529587865,0.898865521,-0.208309919,0.952091098,0.406697363,0.899481297,-0.209636852,0.977718353
0,0.470936447,0.273558319,-0.231981039,0.999994695,0.47684446,0.258230984,-0.219550222,0.999989867,0.479725063,0.257983506,-0.219575554,0.999988556,0.482587248,0.257684678,-0.21958451,0.999986112,0.466948569,0.258482397,-0.21837385,0.999988079,0.463748634,0.258256674,-0.218386173,0.999985993,0.460900486,0.257729083,-0.218361616,0.999986112,0.488344818,0.263514012,-0.120428741,0.999983549,0.456505865,0.261502177,-0.114838883,0.999977827,0.477097422,0.289082557,-0.192541048,0.999992013,0.465096295,0.287820488,-0.191330329,0.999991655,0.511961758,0.350441366,-0.054196171,0.999943972,0.431327343,0.34572494,-0.033923738,0.999929547,0.519592106,0.462671459,-0.136333779,0.990576684,0.420683295,0.458554327,-0.113688566,0.972093642,0.486237437,0.408267707,-0.311680883,0.987629712,0.449855953,0.406237632,-0.311164618,0.978610575,0.476203829,0.387453914,-0.347441316,0.966235518,0.456379712,0.388084084,-0.350242853,0.949985921,0.475297064,0.374759942,-0.343592465,0.964017272,0.456203759,0.376480103,-0.346580178,0.9443295,0.47798562,0.380692333,-0.312767327,0.93962872,0.455674082,0.381273955,-0.313410014,0.915675402,0.492879629,0.546947002,-0.006612931,0.999698877,0.443586767,0.545187831,0.006530823,0.999724686,0.504968226,0.70691365,0.00552853,0.997588575,0.436385065,0.706656575,0.01386114,0.99812746,0.524093151,0.847437263,0.161481842,0.99709326,0.423770249,0.852598906,0.158902675,0.997983992,0.522298455,0.863015234,0.170627415,0.926895618,0.427387714,0.871630371,0.167422846,0.94967556,0.528633535,0.90285635,0.050602257,0.994365394,0.412171215,0.903162956,0.050815172,0.995027959
1,0.464180142,0.593222916,-0.488745153,0.999967456,0.471186936,0.577867866,-0.477556229,0.999857128,0.474392891,0.576693594,-0.477530956,0.999901533,0.477482885,0.575300753,-0.4776164,0.999523878,0.45983839,0.577753127,-0.476580203,0.999911249,0.45680061,0.576174855,-0.476688147,0.999963284,0.454532325,0.574299216,-0.476726204,0.999906898,0.483498394,0.572095037,-0.376481205,0.999752164,0.451974064,0.567894101,-0.373025477,0.999982595,0.47065106,0.606006444,-0.448095858,0.99997735,0.459173977,0.604231715,-0.447373211,0.999992609,0.507830262,0.63201493,-0.286138147,0.999401867,0.427875698,0.6245929,-0.286044121,0.999960005,0.52023983,0.741991401,-0.411453873,0.97383672,0.409339339,0.736091852,-0.414447218,0.996981025,0.477040619,0.688565969,-0.57418263,0.928778946,0.449276358,0.688440979,-0.565337777,0.983203292,0.467985064,0.67244184,-0.607651591,0.847848713,0.454224646,0.669872463,-0.597869992,0.946664512,0.469128609,0.657534659,-0.586714864,0.800358057,0.453752667,0.658050358,-0.575506032,0.918780625,0.471376568,0.662938416,-0.56829983,0.585421562,0.453578055,0.664120913,-0.558203578,0.792763054,0.491016865,0.731067061,0.001582671,0.998930097,0.446857452,0.733699441,-0.001587235,0.999651909,0.542997777,0.721129954,-0.32286787,0.980655313,0.400470078,0.738146365,-0.321559727,0.986814916,0.522973657,0.847297311,-0.092615113,0.971622109,0.423275411,0.851323009,-0.093201756,0.993788123,0.514508843,0.863183737,-0.075409099,0.938033819,0.431058884,0.870965064,-0.07614167,0.966602981,0.529622197,0.902911365,-0.181057438,0.944675863,0.404922009,0.902488708,-0.180841178,0.978503466
0,0.472779751,0.277273834,-0.267784595,0.999997139,0.478057563,0.261863798,-0.254496485,0.999995172,0.481060565,0.2614021,-0.254507333,0.999994099,0.484479338,0.260861278,-0.254519612,0.999992907,0.468284547,0.262750864,-0.253244549,0.999994814,0.464928329,0.262473792,-0.253274024,0.999994099,0.462196827,0.26213634,-0.253262669,0.999994397,0.490796387,0.266124368,-0.152631745,0.999990284,0.457637787,0.266937286,-0.148024231,0.999991596,0.479176521,0.292326629,-0.228025839,0.999996066,0.467232764,0.291242838,-0.226586729,0.999996483,0.515620112,0.352280229,-0.082046524,0.999964476,0.433447659,0.348676592,-0.065860227,0.999964952,0.525765598,0.470596433,-0.166904747,0.989448071,0.42056337,0.466269225,-0.148311764,0.983503878,0.487371534,0.418582708,-0.352785647,0.984241724,0.454423755,0.421300054,-0.347179294,0.980731606,0.477636725,0.398394346,-0.391061574,0.957636237,0.461574316,0.405480921,-0.386901051,0.951651692,0.476362646,0.387247771,-0.385970473,0.955732822,0.462117612,0.39383769,-0.381293833,0.946123421,0.478603512,0.39124161,-0.353332937,0.927203953,0.461148918,0.397182792,-0.34809202,0.916543722,0.498571336,0.55031544,-0.006268905,0.999851346,0.449315548,0.549588263,0.006136486,0.999833226,0.512533069,0.708745956,-0.028810903,0.997375607,0.435062468,0.712232471,0.009380034,0.997876167,0.525072813,0.848962665,0.152704373,0.997335851,0.424649566,0.849780798,0.177705511,0.99796927,0.522216499,0.863093078,0.164689869,0.943570435,0.427356392,0.868057072,0.188750014,0.943577707,0.530124485,0.904054523,0.048595235,0.994901597,0.411463886,0.902020335,0.075570405,0.99512136
1,0.466409922,0.579454958,-0.447315276,0.999982655,0.472346932,0.562981367,-0.435233682,0.999915481,0.475567758,0.561452746,-0.435216278,0.999943972,0.478423268,0.559982359,-0.435295582,0.999700248,0.460525125,0.563801348,-0.434562504,0.999945998,0.457033813,0.562605321,-0.434649616,0.999978483,0.454674721,0.561405361,-0.434672058,0.999939501,0.484275758,0.558043957,-0.336495906,0.999858737,0.451021761,0.558644891,-0.334293902,0.999989748,0.471928358,0.590354562,-0.408133835,0.999988198,0.460322797,0.590950966,-0.40774709,0.999996126,0.509073615,0.625026345,-0.255060494,0.999668956,0.427403539,0.621871293,-0.252818227,0.999965727,0.523247719,0.738822699,-0.376859516,0.978542566,0.406359851,0.731673956,-0.383450389,0.997779727,0.479159027,0.682104886,-0.534194469,0.958515108,0.451466173,0.682167232,-0.530759752,0.986813784,0.470507383,0.664697587,-0.567461371,0.905768991,0.457786322,0.662503242,-0.561867237,0.955291867,0.472057343,0.648822248,-0.545546412,0.873345494,0.457502782,0.648600459,-0.539519191,0.930996656,0.473675907,0.655335367,-0.527888119,0.696749687,0.457074493,0.655810654,-0.523585916,0.821347713,0.493527174,0.727848411,0.001001534,0.999173164,0.447300822,0.731893241,-0.000986545,0.999682307,0.542425036,0.722545266,-0.330899537,0.982769966,0.403930724,0.73976934,-0.317150384,0.988266349,0.523265839,0.846470535,-0.108141325,0.976682723,0.424303949,0.85129869,-0.098454431,0.994758606,0.514722705,0.861855984,-0.091429509,0.944209635,0.432239234,0.872672975,-0.082264282,0.972861528,0.529574752,0.903384507,-0.19605881,0.95144403,0.405251592,0.904257059,-0.185713798,0.981154501
1,0.568269074,0.422120839,-0.048390482,0.99988538,0.563319921,0.409252048,-0.036776837,0.999870062,0.562767923,0.409013122,-0.036768712,0.999909699,0.562115192,0.408749223,-0.0367328,0.999898911,0.562006593,0.409407169,-0.066515565,0.999893129,0.560500085,0.409368694,-0.06658937,0.999928474,0.558571935,0.409259319,-0.066605076,0.999930501,0.552752137,0.413410455,0.027339075,0.999892414,0.546752095,0.413315922,-0.107226193,0.999908328,0.566607177,0.438259929,-0.022489231,0.99981153,0.564705133,0.438090861,-0.061510943,0.999805748,0.537701786,0.493669599,0.120811448,0.99786526,0.542496562,0.496580929,-0.172890112,0.999891758,0.58902353,0.559107423,0.113294803,0.276363045,0.601797044,0.572908998,-0.160220772,0.977439284,0.619906843,0.521294177,0.018408304,0.337667525,0.628274441,0.517114162,-0.055351384,0.968311667,0.632288098,0.501771748,0.01272811,0.343111634,0.642217815,0.495309353,-0.07492964,0.953431606,0.625858903,0.491340548,0.006395209,0.367848814,0.633863151,0.488024771,-0.07338284,0.955659032,0.618806183,0.497099906,0.011821908,0.368168622,0.626558602,0.493232101,-0.053206563,0.940235853,0.455281585,0.622293115,0.100820348,0.999379098,0.445121139,0.641502321,-0.100553319,0.999920905,0.542776465,0.619928896,0.20423913,0.357085556,0.539933145,0.64436233,-0.156969205,0.99712038,0.504273593,0.757778347,0.310029238,0.578458309,0.500528634,0.810632586,-0.113740362,0.991718411,0.492094129,0.775071204,0.321784526,0.559759378,0.488514245,0.830469251,-0.111058891,0.9820593,0.535462737,0.79287684,0.329779506,0.701094091,0.536800146,0.862282991,-0.131262213,0.984808505
0,0.539136767,0.12939252,-0.075648427,0.999907494,0.536877513,0.112138189,-0.063626923,0.999917626,0.536633193,0.111821041,-0.063658163,0.999897361,0.536240697,0.111525126,-0.063695773,0.999907672,0.533531964,0.111459389,-0.093031406,0.999930143,0.530526042,0.110649981,-0.09306322,0.999932408,0.527274311,0.10993214,-0.093051895,0.999941587,0.525793195,0.116215438,0.013442941,0.999828637,0.514150321,0.115822494,-0.116493165,0.999960363,0.536082149,0.146484539,-0.043161713,0.999907732,0.532179236,0.146661922,-0.080934957,0.999932349,0.516084313,0.209164426,0.136910856,0.999260068,0.510367692,0.202439502,-0.183803707,0.999947667,0.567588389,0.268686801,0.125721127,0.290134102,0.570825934,0.273462981,-0.1546323,0.991260827,0.598813474,0.210724384,-0.018646274,0.326907068,0.600447059,0.210553125,0.008137112,0.969331503,0.60865432,0.197189122,-0.041201845,0.302800298,0.610221028,0.197454914,0.002818732,0.945139706,0.602875888,0.190783456,-0.043306112,0.307956874,0.604976356,0.191046566,-0.006194482,0.940415025,0.598066092,0.196016654,-0.027338723,0.318742722,0.60068953,0.195890293,0.009882946,0.92060405,0.49875012,0.424333245,0.103082731,0.998479843,0.487508863,0.423704833,-0.103129409,0.999334693,0.50811255,0.58847183,0.188138217,0.285150468,0.501252234,0.608077586,-0.093574427,0.957073569,0.50498569,0.75322926,0.302829206,0.478445947,0.502493739,0.788547933,-0.084053658,0.972564459,0.497246742,0.772154689,0.31082657,0.527937293,0.49446249,0.82133162,-0.087940007,0.948862731,0.537040591,0.780348301,0.275068104,0.703553438,0.544273317,0.831114113,-0.166115895,0.967436373
1,0.576890826,0.41561377,-0.094300374,0.999838412,0.572357774,0.400137633,-0.079163566,0.99984628,0.571805596,0.399527699,-0.079185508,0.999875426,0.571084499,0.398843467,-0.079173587,0.999876201,0.570749938,0.400235623,-0.109866932,0.999872923,0.569033027,0.399761379,-0.109925762,0.999904633,0.566991329,0.399084002,-0.109930798,0.999915302,0.560699821,0.401241481,-0.005334711,0.999858141,0.55604732,0.401384979,-0.142253429,0.999886513,0.574848771,0.429971993,-0.065271765,0.999762833,0.572733045,0.429495692,-0.105034433,0.99976176,0.548057437,0.481882691,0.083851218,0.997180939,0.541718602,0.480895191,-0.203129843,0.999780118,0.597668052,0.546186209,0.054054625,0.310878098,0.601955295,0.557168663,-0.214960307,0.979980946,0.6238572,0.506187797,-0.074154817,0.316540241,0.625993788,0.502402723,-0.114427529,0.970172763,0.633435011,0.486575812,-0.088725246,0.319354117,0.637741327,0.481306165,-0.136945277,0.954684079,0.627105474,0.478322774,-0.093708299,0.339569509,0.628075182,0.473034114,-0.13574475,0.957173169,0.620941818,0.484521657,-0.081460424,0.346440226,0.621943593,0.47891888,-0.112775669,0.944919169,0.464932144,0.613460302,0.096795537,0.999585867,0.449336678,0.628324449,-0.096573338,0.999933481,0.547872603,0.62045145,0.127141535,0.430334657,0.543636024,0.64700532,-0.154206976,0.996511817,0.504445493,0.755623043,0.210424945,0.618399918,0.500310898,0.811290562,-0.091996722,0.991743088,0.492598146,0.767534614,0.218976349,0.590180814,0.488709986,0.832832336,-0.08482331,0.98221004,0.531229377,0.794510901,0.214073539,0.727802813,0.534317672,0.862063766,-0.092668518,0.985550761
0,0.536683619,0.132642001,-0.047155298,0.999863207,0.533345699,0.115919739,-0.038460348,0.999896586,0.532819211,0.11543671,-0.038465358,0.99987787,0.532229543,0.114873186,-0.038473152,0.999891698,0.531155229,0.115456924,-0.07030233,0.999900877,0.528919101,0.114695877,-0.070303902,0.999901474,0.526257396,0.113948517,-0.070295841,0.999912441,0.522365153,0.117902599,0.023102114,0.999797046,0.513484597,0.118501812,-0.11562147,0.999937057,0.533245087,0.148819223,-0.020603308,0.999888361,0.530267715,0.148684546,-0.061104953,0.999909103,0.509022176,0.208526552,0.133421183,0.999382257,0.508595169,0.204289481,-0.179683805,0.999952197,0.552292168,0.295786351,0.106543645,0.209941268,0.554967821,0.304142416,-0.134906277,0.987223923,0.586597204,0.243203178,-0.048456151,0.258897334,0.587898195,0.248999342,0.049850665,0.963611603,0.59815985,0.227449462,-0.06960237,0.255343854,0.596837878,0.229674801,0.053156175,0.940268397,0.592151165,0.218758017,-0.070378669,0.260588557,0.589770913,0.219054028,0.045518704,0.935632527,0.58540833,0.224225655,-0.056632746,0.27337119,0.585429847,0.22439003,0.05343591,0.91413641,0.497956425,0.420814633,0.101772293,0.99805057,0.494552851,0.422784984,-0.101846948,0.998950005,0.504380345,0.590712905,0.176150486,0.24099578,0.500427246,0.609373033,-0.081322022,0.947140694,0.50231421,0.75881958,0.265538007,0.399462193,0.502776861,0.789768815,-0.074755758,0.957578421,0.494492918,0.77606082,0.271050602,0.458967,0.49416256,0.822314382,-0.077650353,0.930412769,0.532203853,0.774863243,0.239121035,0.621136069,0.538829982,0.834454954,-0.142035857,0.950476587
1,0.574155092,0.436373562,-0.012692666,0.99992156,0.569388568,0.422140121,-0.001039515,0.999921918,0.568732917,0.421851307,-0.00105765,0.999942005,0.56786865,0.421499789,-0.001049234,0.999935329,0.568101823,0.422166049,-0.030973613,0.999933064,0.566673219,0.422038108,-0.031050172,0.999954641,0.564951539,0.421820164,-0.031078273,0.999957502,0.556955099,0.425219059,0.059597205,0.999913156,0.552922368,0.425034851,-0.075328067,0.999945104,0.571721137,0.451860607,0.01232967,0.999867439,0.570323706,0.451482564,-0.026956344,0.999875426,0.539522648,0.49683398,0.147904202,0.998532712,0.54490757,0.50422734,-0.139219001,0.999922097,0.579509854,0.570923567,0.154433355,0.314896911,0.598946452,0.59204489,-0.12005017,0.978501737,0.613201499,0.531907201,0.081499025,0.3619771,0.624716163,0.52943778,-0.007997373,0.974892139,0.623391032,0.511380315,0.08044856,0.351310521,0.633948267,0.508991599,-0.021778369,0.962306857,0.616403461,0.501650393,0.075412095,0.371557564,0.626638293,0.501025081,-0.02278089,0.964356244,0.610888779,0.507067263,0.07614734,0.371687323,0.621009588,0.505381763,-0.006184801,0.952531099,0.457159281,0.620283008,0.09862645,0.999732852,0.447871506,0.640379369,-0.098422535,0.999972284,0.540786684,0.608534396,0.182061031,0.35130012,0.542015672,0.630639434,-0.215602428,0.997017145,0.510070205,0.749310315,0.273317695,0.61124301,0.501882553,0.800646663,-0.212346673,0.995004117,0.494945049,0.766068518,0.283400238,0.583301485,0.4893094,0.821592093,-0.211658955,0.988267303,0.537657976,0.779906213,0.287200928,0.741021335,0.534873009,0.852074683,-0.242814854,0.992071331
0,0.546089113,0.135964379,-0.038691767,0.999852717,0.543004215,0.117994003,-0.030591557,0.999885499,0.542413771,0.117505267,-0.03061006,0.999881208,0.541861534,0.116911784,-0.030610373,0.999891639,0.541553497,0.117104977,-0.063097037,0.999888718,0.539716303,0.115936302,-0.063120052,0.999899983,0.537701964,0.114639148,-0.06313435,0.999907553,0.532536626,0.120262705,0.03006269,0.999775827,0.525958657,0.117884338,-0.112550572,0.99991858,0.542315304,0.151803881,-0.011688454,0.999847412,0.540334344,0.151682138,-0.053910524,0.999879956,0.519452333,0.212242976,0.14029406,0.999132454,0.515948653,0.202665195,-0.17752555,0.999942064,0.551058888,0.318064421,0.104123868,0.248386905,0.552943707,0.316532254,-0.133620024,0.987026215,0.584240913,0.262494832,-0.066512741,0.305728227,0.587951779,0.260231316,0.042757694,0.966112614,0.594148993,0.240577847,-0.08999674,0.293793708,0.596615851,0.239674628,0.044528116,0.946159422,0.588261545,0.233481944,-0.088383548,0.298397392,0.58964026,0.230257288,0.035822544,0.942406297,0.582476556,0.238716438,-0.07389532,0.303597122,0.584191263,0.234782368,0.045816991,0.92172724,0.501602471,0.422538668,0.103702806,0.998682737,0.495407015,0.421374738,-0.103811786,0.999536872,0.516216397,0.581440032,0.188355029,0.279528499,0.511016488,0.597631752,-0.103772722,0.971897125,0.503947496,0.755685508,0.299540609,0.465233415,0.502166688,0.7867679,-0.109821007,0.976436615,0.494946718,0.77173388,0.307258576,0.490410745,0.491701692,0.818484426,-0.114365712,0.948427141,0.535633564,0.785820007,0.275513589,0.672756493,0.538909674,0.837063611,-0.187887669,0.9714486
1,0.581754863,0.451866239,-0.096931629,0.999786437,0.579942822,0.437118948,-0.080736339,0.999842286,0.580658376,0.437077552,-0.080770478,0.999861836,0.581320405,0.437000751,-0.080751009,0.999859989,0.575392485,0.43566364,-0.107620358,0.999853611,0.572616696,0.434651554,-0.10771285,0.999887526,0.569287896,0.433559626,-0.107719764,0.999901116,0.574231863,0.437318325,-0.004181395,0.999795616,0.556831181,0.434686154,-0.122406259,0.999877334,0.580575228,0.467926055,-0.067049019,0.999780893,0.575246215,0.466157317,-0.101976529,0.999788046,0.55448252,0.503759325,0.082450166,0.996367812,0.546792805,0.515180647,-0.174579784,0.999787211,0.58393085,0.588245332,0.049453098,0.260919899,0.593086123,0.61693722,-0.158651203,0.97824347,0.604820371,0.540996194,-0.067743212,0.245380402,0.614354253,0.547647238,-0.023526937,0.969835222,0.614804208,0.524777412,-0.083590068,0.250860721,0.623621762,0.52809298,-0.034463212,0.954488635,0.604935408,0.512624979,-0.079773895,0.255827934,0.615150809,0.51624006,-0.042915974,0.956878304,0.599315763,0.516247451,-0.07143493,0.270641804,0.609141469,0.520819962,-0.024064165,0.947143376,0.46666503,0.618026614,0.08914911,0.999645233,0.451183408,0.640297174,-0.088953331,0.999952972,0.549477518,0.611533821,0.135808855,0.439186305,0.544767976,0.634258568,-0.221957654,0.997118473,0.519432187,0.756511867,0.205843762,0.554930031,0.500261128,0.801472723,-0.222415328,0.99528569,0.501746595,0.771602452,0.212841228,0.54467988,0.487819612,0.823312998,-0.221770734,0.986996233,0.540166855,0.785994232,0.207956672,0.704840064,0.531626225,0.853903651,-0.254622668,0.992778957
0,0.543936014,0.13324824,-0.0793304,0.999917209,0.541293919,0.116946518,-0.067981936,0.999940276,0.540755033,0.116296619,-0.06800738,0.99993515,0.539883971,0.11540252,-0.068047896,0.999935627,0.538174987,0.115890652,-0.097574294,0.999936521,0.53528136,0.114715986,-0.097587153,0.999940991,0.532378852,0.113410823,-0.097594924,0.999943018,0.528297603,0.116448045,0.011250238,0.999861956,0.518928528,0.116476133,-0.127890453,0.999959648,0.539888144,0.148848265,-0.047816508,0.999928951,0.536596715,0.149088725,-0.082349084,0.999944806,0.512348115,0.208130524,0.118705094,0.999604225,0.512366891,0.205371991,-0.185318902,0.999980092,0.526270032,0.326320618,0.054195631,0.156910494,0.535292447,0.332754046,-0.139256358,0.973078132,0.562478185,0.279224098,-0.147494227,0.255460352,0.564926624,0.279127628,0.034804471,0.929306567,0.573405921,0.262678772,-0.175101876,0.26868248,0.573667288,0.263410062,0.038126241,0.898525238,0.567393005,0.254793614,-0.171087638,0.275094211,0.566573799,0.25399968,0.027886271,0.89231658,0.562413812,0.258893728,-0.15473488,0.276583284,0.562824428,0.25825882,0.03747604,0.85784477,0.508822083,0.414910197,0.100289665,0.998806059,0.505437434,0.419077337,-0.100435868,0.999496698,0.50734961,0.583432853,0.238463804,0.355903774,0.505210042,0.601300895,-0.087036736,0.975417554,0.501956105,0.749122679,0.375145257,0.578475475,0.502964139,0.784286559,-0.079137489,0.974472761,0.494250715,0.766307771,0.385828793,0.585047722,0.494348943,0.815176547,-0.081991069,0.942945957,0.534169257,0.769201219,0.359406382,0.755378366,0.53946209,0.834884107,-0.156320244,0.968391538
1,0.579280317,0.449087411,-0.078304604,0.999888122,0.574990511,0.43304041,-0.063305736,0.999926507,0.574978173,0.432521701,-0.063324556,0.999930799,0.574945748,0.432011575,-0.063304551,0.99992907,0.572541833,0.432723999,-0.090829544,0.999938369,0.570674598,0.431902021,-0.090929978,0.999952435,0.568378806,0.431060284,-0.090930864,0.999960482,0.567345738,0.434342533,0.012425227,0.999876082,0.556696951,0.432615966,-0.11139451,0.999949753,0.578168809,0.464866728,-0.04925384,0.999887764,0.575420678,0.46477446,-0.085261211,0.999900877,0.550409377,0.502145469,0.103731297,0.997669935,0.547923863,0.519428194,-0.165544063,0.999889553,0.584689379,0.589791179,0.067819178,0.216634512,0.596545041,0.62068814,-0.124569677,0.977595031,0.600464165,0.548040211,-0.040949315,0.187340245,0.60761404,0.552282214,0.022778699,0.96604389,0.607074738,0.531476736,-0.054841746,0.195389256,0.613431394,0.532113731,0.013815278,0.950510263,0.599711537,0.52199918,-0.052139439,0.201185018,0.604348004,0.522403717,0.001925485,0.954315364,0.594961762,0.52520442,-0.04488619,0.217243493,0.599214613,0.527515829,0.021491822,0.945832789,0.465682596,0.614875734,0.095180072,0.999736071,0.450730085,0.640141785,-0.094956174,0.999972165,0.548182547,0.610926509,0.159355655,0.391714156,0.542504013,0.635397732,-0.238832563,0.997643828,0.520163834,0.751139998,0.23434408,0.520044863,0.499202818,0.80690521,-0.259059608,0.99651581,0.497647136,0.766867399,0.242272779,0.519963205,0.48633489,0.827536345,-0.260335505,0.989810884,0.5403561,0.780113876,0.244191363,0.68414706,0.530598283,0.854954958,-0.297700465,0.994711518
0,0.530453026,0.128574878,-0.050501771,0.999881566,0.526412845,0.113511488,-0.040670913,0.999909222,0.525550663,0.112857059,-0.040658213,0.999896348,0.524492383,0.112099119,-0.040650655,0.999897122,0.524894536,0.112749755,-0.072704345,0.999904692,0.522840619,0.111851901,-0.07272467,0.999910116,0.520121217,0.110915467,-0.072735801,0.999912858,0.512825608,0.114061639,0.024920102,0.999789774,0.506781697,0.114995889,-0.11765039,0.999945164,0.525745213,0.144429326,-0.022632509,0.999911785,0.523887217,0.144028679,-0.064062625,0.999934673,0.49962908,0.204792991,0.12941739,0.999527574,0.499123424,0.200807527,-0.183799803,0.999978721,0.519689381,0.320787668,0.063978046,0.150070161,0.524641335,0.323448569,-0.134549826,0.972335339,0.547797024,0.27208373,-0.136562794,0.200520262,0.548185825,0.274992973,0.048732467,0.922839284,0.55551964,0.257796258,-0.16419436,0.209609076,0.555912256,0.260595292,0.05249076,0.888285398,0.549372077,0.251119554,-0.158969432,0.214231715,0.548372865,0.252354205,0.041097712,0.88111639,0.545631051,0.255991191,-0.143554449,0.220453084,0.545165539,0.256781399,0.051061295,0.844239175,0.502622902,0.416191578,0.103120342,0.998604,0.495924413,0.418891907,-0.103289388,0.999218643,0.506899953,0.581280768,0.205461219,0.36066556,0.502028048,0.599265218,-0.079193994,0.96788305,0.503897905,0.760185421,0.308122426,0.566869915,0.501714587,0.785746694,-0.057788901,0.969444573,0.49541539,0.77954483,0.31401062,0.591382563,0.492532343,0.816561282,-0.058689792,0.931205034,0.534451365,0.780373156,0.277703136,0.742603719,0.534746289,0.839479148,-0.129181296,0.96227926
1,0.464499712,0.481224567,-0.339206636,0.999899685,0.471352667,0.466551423,-0.319896042,0.999702096,0.475209624,0.466491789,-0.319859296,0.999714792,0.478985369,0.466781825,-0.319885164,0.999427617,0.459758222,0.465058208,-0.321273923,0.999809384,0.456142724,0.463421941,-0.3213512,0.999872327,0.452719212,0.461556911,-0.321379542,0.999817133,0.484753907,0.469682604,-0.208768055,0.999509692,0.448645532,0.463095307,-0.21360901,0.99991554,0.470390558,0.501195252,-0.296694487,0.999793828,0.45820713,0.498321146,-0.298471361,0.999895692,0.503221929,0.541954517,-0.1472307,0.998759866,0.419299364,0.547754943,-0.157640964,0.999821246,0.512812197,0.621722579,-0.273613036,0.970081747,0.415148795,0.641358852,-0.287380993,0.995914698,0.458269656,0.574345589,-0.411627382,0.925694346,0.475187242,0.586874306,-0.386448771,0.962594807,0.44428125,0.559924841,-0.438311398,0.792413533,0.492255539,0.579091489,-0.412408054,0.844789505,0.445546806,0.545593858,-0.413828701,0.730712056,0.492064178,0.566532075,-0.383516848,0.776577175,0.449470222,0.551020324,-0.403727144,0.594564497,0.486380666,0.568303525,-0.375208944,0.632231832,0.493544042,0.6912238,-0.002543258,0.999840856,0.443583906,0.698850274,0.002457918,0.999935329,0.553777754,0.684037328,-0.295002997,0.992262006,0.389667839,0.697028041,-0.288382351,0.997754812,0.532354116,0.834195375,-0.091412492,0.975959182,0.414816916,0.840079665,-0.103313968,0.99632436,0.522286832,0.853679121,-0.075632028,0.915138304,0.424187094,0.86399585,-0.088943914,0.972403824,0.541916728,0.899021924,-0.180793419,0.967660308,0.391708761,0.899529159,-0.192394197,0.989855528
0,0.47105664,0.145669639,-0.181037575,0.999607742,0.478289604,0.130891472,-0.161564738,0.999366403,0.482086569,0.131416097,-0.161574483,0.999290824,0.48550415,0.132041439,-0.161527604,0.999295771,0.466130733,0.130093575,-0.161066502,0.999380946,0.462189853,0.130066305,-0.161058366,0.999303281,0.458763212,0.13007243,-0.161040723,0.999279857,0.490687937,0.142741337,-0.055635761,0.999314904,0.454305887,0.139744222,-0.052379012,0.9992311,0.477858692,0.165107101,-0.141947314,0.999267161,0.463079751,0.16390866,-0.140402779,0.999239385,0.515549064,0.228669852,-0.073326126,0.998455048,0.429432929,0.228236064,-0.058495969,0.99885875,0.50740993,0.233943805,-0.312036812,0.967312455,0.415942609,0.247314036,-0.315100789,0.979396105,0.449453175,0.231063083,-0.48720175,0.927370071,0.488633931,0.2348046,-0.49992004,0.887036741,0.436673343,0.232300758,-0.537209213,0.865641117,0.505240321,0.235874817,-0.548009574,0.776379287,0.434602022,0.230077133,-0.519704998,0.856589437,0.508739591,0.228417993,-0.523381114,0.751626194,0.439158499,0.230658978,-0.486767352,0.819028437,0.501964331,0.230080366,-0.496240616,0.701141477,0.499007076,0.485469341,-0.006531508,0.999717653,0.445941538,0.483662158,0.006456181,0.999747157,0.514433026,0.668511271,0.032930352,0.996077955,0.433108509,0.665177107,0.020938953,0.998053432,0.532910943,0.831961334,0.188512355,0.992992282,0.414101422,0.839159489,0.145579442,0.995938599,0.529046357,0.850124896,0.195667714,0.863211095,0.418741792,0.864171267,0.149647459,0.901875257,0.540368915,0.89905864,0.068552673,0.984112918,0.39418596,0.897748232,0.023422712,0.98905921
1,0.465787709,0.486812264,-0.365601778,0.999970019,0.472938925,0.470657766,-0.347597986,0.999918938,0.476695687,0.470277965,-0.347559363,0.999923408,0.480316699,0.470193386,-0.347603142,0.999848068,0.461226463,0.470483899,-0.347702563,0.999939919,0.457453549,0.469269991,-0.347785205,0.999957144,0.454396576,0.467798829,-0.347803861,0.999938667,0.486148417,0.473134667,-0.236643344,0.999876142,0.450640351,0.468505085,-0.235920116,0.999970019,0.471956551,0.505561888,-0.322878182,0.99993968,0.459885776,0.50450772,-0.323079497,0.99996227,0.506631494,0.54767257,-0.168885633,0.999441028,0.422851712,0.549864829,-0.171628609,0.999878049,0.510483444,0.635864913,-0.298833758,0.975045204,0.415602028,0.648307562,-0.305946887,0.995664239,0.457749218,0.57882762,-0.425943136,0.939988852,0.475239336,0.592750669,-0.405109257,0.955883741,0.442196667,0.563652039,-0.45189172,0.826761544,0.492259443,0.584589243,-0.430366457,0.820790648,0.444047362,0.549617469,-0.425901324,0.772052705,0.492146969,0.571308136,-0.400633663,0.744376719,0.448144495,0.555303097,-0.417037487,0.6444363,0.486464798,0.574940681,-0.393736929,0.595219851,0.493392289,0.693252981,-0.004815557,0.999877334,0.443990082,0.698835611,0.004759263,0.999943256,0.552341282,0.686381936,-0.305407733,0.992465913,0.387243152,0.695662141,-0.295014828,0.998219371,0.531586468,0.835057914,-0.102204263,0.977575779,0.414332002,0.840013564,-0.105501689,0.996984541,0.522031069,0.854853988,-0.086423643,0.927283108,0.423586428,0.863429606,-0.090192296,0.977699935,0.541112304,0.899232388,-0.1957573,0.969912171,0.391388208,0.899543166,-0.194385976,0.99128896
0,0.472758204,0.144223452,-0.192781866,0.999604464,0.480425298,0.129341468,-0.173421726,0.999339461,0.484387696,0.129878268,-0.17342478,0.999257565,0.487893015,0.130371734,-0.173381895,0.999270976,0.468301624,0.129149705,-0.172921345,0.999373257,0.464543968,0.129220352,-0.172910362,0.999282241,0.461159319,0.129193142,-0.172906175,0.999264419,0.493307412,0.14129898,-0.068575703,0.999201834,0.456839144,0.139003143,-0.064198777,0.999184012,0.479808182,0.163677648,-0.153722912,0.999212503,0.464861929,0.162767395,-0.152603492,0.999207556,0.516585886,0.227488965,-0.085100845,0.998251796,0.429667085,0.222952455,-0.069283649,0.998857975,0.510370851,0.230023295,-0.333907604,0.965415955,0.415263742,0.240110844,-0.327228963,0.981024265,0.451392114,0.225159898,-0.505953312,0.913351238,0.491099447,0.229727358,-0.512153029,0.86862582,0.439480066,0.225915521,-0.556632876,0.837589085,0.508890569,0.232508093,-0.56045413,0.747528672,0.437208086,0.22449775,-0.539839566,0.828989863,0.511800826,0.226785615,-0.536627173,0.722130597,0.443430364,0.225582778,-0.505993366,0.791810751,0.503418386,0.226810947,-0.508874178,0.674447238,0.50234133,0.490339756,-0.005423172,0.99973911,0.448530763,0.489704639,0.005339095,0.999806762,0.517874897,0.668720603,0.040017989,0.996440768,0.433451176,0.668833494,0.026678029,0.998471379,0.533212185,0.829614878,0.222969741,0.994020998,0.41430974,0.838864744,0.170212731,0.996475399,0.529416203,0.848026097,0.23292923,0.885165691,0.418387473,0.866253912,0.176611736,0.907715619,0.541218817,0.89516443,0.105477467,0.986543655,0.394237548,0.898309469,0.05029555,0.990543842
1,0.464373201,0.475375354,-0.277912676,0.999914765,0.471284717,0.460405469,-0.259402215,0.999817014,0.4750278,0.460441411,-0.259362161,0.999803126,0.47868824,0.460625768,-0.259388059,0.99970597,0.459721625,0.459658593,-0.260910839,0.999865532,0.456104606,0.458527207,-0.260985553,0.999892592,0.452743948,0.45703724,-0.261016339,0.999876618,0.484300911,0.464440405,-0.156410649,0.999727666,0.448443323,0.458941311,-0.161383599,0.999921322,0.470429361,0.495346159,-0.238398701,0.999828756,0.458303034,0.493136764,-0.240378544,0.999894261,0.504250407,0.538433731,-0.105748057,0.999005079,0.42060408,0.545945764,-0.115292549,0.999741852,0.514132619,0.613636494,-0.217084482,0.966515303,0.413869143,0.638026714,-0.228270441,0.994475365,0.455517203,0.573312998,-0.332856119,0.922410607,0.475324064,0.58477962,-0.305638194,0.954693317,0.440281093,0.559433043,-0.358008713,0.777703881,0.494260728,0.579160213,-0.326964557,0.811508536,0.441923529,0.545257151,-0.332995236,0.71800977,0.493898004,0.565501928,-0.301489055,0.736805379,0.446043551,0.550642073,-0.325355828,0.610077441,0.488654286,0.566887915,-0.294807673,0.610908806,0.494819641,0.691248894,-0.003372941,0.999848127,0.445098102,0.699712157,0.003265395,0.999923885,0.555313706,0.687465429,-0.283430636,0.992467165,0.388265014,0.694657683,-0.266708761,0.997329593,0.532000721,0.83423841,-0.096334279,0.970917046,0.414210945,0.837554395,-0.103739165,0.995530903,0.521624088,0.851648688,-0.08069928,0.897990763,0.424114704,0.861279786,-0.090394743,0.971707284,0.541788697,0.900009334,-0.181527287,0.961422801,0.391402632,0.899468422,-0.185489625,0.988922417
0,0.470856011,0.14064528,-0.180314779,0.99936533,0.478434741,0.127947107,-0.160514235,0.998847425,0.482014328,0.128943175,-0.160522938,0.998740315,0.485433012,0.129910424,-0.16048491,0.998742044,0.466618121,0.12654379,-0.160513178,0.998867631,0.462603867,0.126730502,-0.160512373,0.99874711,0.45895344,0.126993343,-0.160510078,0.998700678,0.490770727,0.141595289,-0.05472054,0.998731673,0.453970253,0.137364894,-0.052379765,0.998524487,0.477575839,0.16080077,-0.140752763,0.998762548,0.462367624,0.159596249,-0.140325904,0.998651624,0.514235198,0.225789621,-0.070451528,0.998181641,0.426661968,0.223699182,-0.054364927,0.998437583,0.507690966,0.231077045,-0.310193121,0.969727874,0.413772523,0.24188745,-0.302399039,0.977985859,0.447051138,0.227616519,-0.465364158,0.912959933,0.485044152,0.231571853,-0.479090601,0.863781929,0.433003277,0.227047235,-0.51217258,0.827243686,0.501316905,0.233553976,-0.525958002,0.740369976,0.430696815,0.225522086,-0.492854893,0.816928744,0.503687024,0.227908731,-0.501952529,0.715769112,0.436355203,0.226720572,-0.463730097,0.779943228,0.495441288,0.228698239,-0.475410044,0.665967345,0.497261912,0.489937633,-0.005379474,0.999714732,0.444940269,0.489147156,0.005271167,0.999725103,0.512945294,0.668221533,0.019044969,0.995837271,0.433838069,0.668408573,0.020364406,0.997615397,0.533563495,0.834628522,0.19423002,0.992911756,0.415900409,0.839454889,0.163870871,0.995162666,0.530813992,0.853099644,0.203676507,0.849619627,0.419555664,0.863983512,0.170408159,0.883341134,0.53877604,0.898686051,0.075000882,0.984372318,0.39786917,0.899994433,0.043583177,0.988132834
1,0.469019175,0.490615159,-0.257338136,0.999990642,0.475347459,0.475358874,-0.237647131,0.999979198,0.478811413,0.475376219,-0.237608582,0.9999789,0.482127964,0.475462049,-0.237632349,0.999961197,0.46383062,0.474476069,-0.240348488,0.999983609,0.459958225,0.473433226,-0.240428597,0.999986589,0.45660916,0.472065896,-0.240419388,0.999982178,0.486740351,0.477942884,-0.133696362,0.999966919,0.452080727,0.473783314,-0.141851798,0.999990046,0.474200487,0.509584308,-0.216496706,0.999979198,0.462736845,0.508603692,-0.219961956,0.999986827,0.504575253,0.554963529,-0.069717303,0.999563694,0.425679862,0.553823709,-0.077147327,0.99989748,0.509012341,0.654346645,-0.107716009,0.957079411,0.41773501,0.661417842,-0.106408134,0.98876971,0.457577467,0.585574746,-0.151021689,0.930448413,0.475256205,0.597622752,-0.121984698,0.947819293,0.442835152,0.568491817,-0.159264266,0.791439474,0.490188837,0.590034068,-0.128828079,0.786031127,0.445195764,0.555154145,-0.140316263,0.732761979,0.48836121,0.576475263,-0.11170391,0.706633151,0.449558437,0.561125934,-0.142098695,0.62991643,0.482913911,0.579129517,-0.112844244,0.589865983,0.492440641,0.696405053,-0.004184146,0.99983108,0.444503963,0.701850176,0.004156515,0.999910533,0.551720619,0.682927549,-0.273777634,0.989299178,0.386788338,0.69526875,-0.273541033,0.996464252,0.531871796,0.835606456,-0.107567944,0.9581815,0.413550317,0.838513255,-0.122398809,0.996522427,0.521845341,0.856782079,-0.094291456,0.922845542,0.423479557,0.863017797,-0.11002101,0.98496455,0.5407601,0.898756325,-0.185295865,0.950305343,0.390136421,0.898259223,-0.202651665,0.990397632
1,0.560334802,0.404363632,-0.038414445,0.999947667,0.555670142,0.390899658,-0.021398848,0.999961913,0.555603802,0.390884906,-0.021391787,0.999964654,0.555366158,0.39089486,-0.021355228,0.999965072,0.552456439,0.391303688,-0.048594885,0.99996388,0.550137877,0.391712189,-0.048698492,0.999970317,0.547418892,0.391984254,-0.048701562,0.999974847,0.545060277,0.398786962,0.055661447,0.999968886,0.534915626,0.399289161,-0.069616362,0.999975443,0.559506059,0.421512902,-0.011164877,0.999928236,0.555852354,0.419874817,-0.046503846,0.999924779,0.536491513,0.491841435,0.123216465,0.999155879,0.518636048,0.483876109,-0.135469869,0.999693036,0.586231112,0.526536584,0.095324479,0.369281828,0.570153832,0.534754157,-0.099106088,0.969870448,0.574441075,0.496742547,0.024400959,0.050411656,0.568437159,0.491212636,0.071263425,0.763395727,0.568345845,0.489787132,0.01525248,0.031224264,0.573700011,0.476566523,0.071168758,0.649926901,0.557835698,0.486685425,0.022957789,0.035992041,0.564322829,0.467294276,0.057192493,0.675587893,0.558849752,0.491289049,0.022381736,0.043127969,0.563362837,0.473279923,0.070012823,0.672230363,0.4569121,0.634640276,0.090789586,0.999762118,0.438559443,0.640882552,-0.090611711,0.999948621,0.536781907,0.621533573,0.121768177,0.524575472,0.529475629,0.630668223,-0.223564893,0.997708261,0.501424968,0.751548588,0.164534956,0.733099222,0.495049059,0.795416117,-0.235666901,0.994977355,0.487785906,0.765960753,0.167942077,0.746350944,0.4804883,0.821303964,-0.236244127,0.9883551,0.524761796,0.796166301,0.15490827,0.795940757,0.529321074,0.850152254,-0.268781275,0.990829289
0,0.52943033,0.129852787,-0.144162863,0.999909997,0.526711822,0.113423504,-0.123817489,0.999877751,0.526549339,0.113282874,-0.123830602,0.999788463,0.526224256,0.113256939,-0.123847112,0.999778092,0.52372396,0.112848416,-0.148641482,0.99991858,0.521216273,0.112315789,-0.148715779,0.999923468,0.518289745,0.111845843,-0.148681715,0.999930084,0.515774369,0.118358165,-0.021142598,0.99974364,0.504747629,0.117966533,-0.134527132,0.999905407,0.527738929,0.147235334,-0.103000894,0.999290705,0.524324834,0.147851333,-0.13494882,0.999341905,0.496028036,0.206530631,0.110094152,0.987767518,0.506179392,0.196069404,-0.194153249,0.999302745,0.511611044,0.237091005,0.245356396,0.048149083,0.571858466,0.197376758,-0.188458979,0.888114095,0.510267317,0.213752478,0.364817023,0.022403911,0.534880877,0.187912405,-0.064944588,0.54387784,0.494333088,0.232276782,0.391733825,0.024044283,0.528377354,0.178830788,-0.067544669,0.523171604,0.495391428,0.227631062,0.389502615,0.025985278,0.520505667,0.180664957,-0.070558198,0.520366251,0.499220043,0.230097383,0.364462554,0.029960116,0.520796359,0.185051128,-0.06316746,0.528447628,0.505175233,0.4305197,0.097535208,0.996102929,0.500195146,0.431546539,-0.097670212,0.998591602,0.503563285,0.591477811,0.209295988,0.294238567,0.497506708,0.611127198,-0.055287756,0.941027522,0.497105271,0.743816733,0.322238624,0.478344768,0.495066106,0.783937395,-0.0264793,0.967689991,0.488301516,0.764686644,0.331211239,0.49424696,0.486049324,0.820451677,-0.026508417,0.944465458,0.536232412,0.762837231,0.31215018,0.649959803,0.539067328,0.837064624,-0.087302074,0.952587426
1,0.557067037,0.406520426,-0.072062679,0.999955297,0.553705752,0.393778443,-0.053287435,0.999964774,0.554068267,0.393739909,-0.053289868,0.999966025,0.5542835,0.393666297,-0.053254545,0.999961793,0.549483895,0.39388749,-0.076596022,0.999967337,0.546598196,0.393967152,-0.076702558,0.999975145,0.543322265,0.394049615,-0.076714583,0.999976933,0.545284986,0.400607258,0.032013349,0.999960065,0.531631172,0.401096553,-0.072065227,0.99997741,0.55717051,0.42316708,-0.041573487,0.999902844,0.552050412,0.421549439,-0.071876213,0.999910235,0.534986198,0.491231889,0.108745918,0.999017775,0.518168032,0.480553448,-0.131007925,0.999812484,0.582393229,0.526548326,0.057141788,0.355618507,0.550346971,0.546729982,-0.105617985,0.973029017,0.56483233,0.493258923,-0.033301137,0.046281308,0.564847291,0.495122403,0.057539482,0.785423279,0.552830577,0.479655147,-0.046848327,0.028630767,0.558700562,0.473632336,0.058509994,0.669464231,0.546785355,0.479116172,-0.035189845,0.03238162,0.552381217,0.471484303,0.041786756,0.695574284,0.547487438,0.4812572,-0.034499593,0.039367814,0.552022696,0.477421194,0.055243023,0.696323454,0.454650491,0.63185966,0.086881623,0.999772906,0.438305944,0.634871185,-0.086687274,0.999956787,0.532962918,0.626628876,0.102752291,0.502563834,0.527624846,0.633040488,-0.231308296,0.99768883,0.501876771,0.753029108,0.137792438,0.683975756,0.494111866,0.800273061,-0.262281358,0.994548082,0.487849325,0.769400179,0.140547678,0.706165254,0.479866982,0.8275038,-0.265003175,0.987837553,0.528379321,0.790798366,0.124329545,0.761667371,0.530168891,0.852064371,-0.306140274,0.99061352
0,0.52986002,0.131091118,-0.133196518,0.999961317,0.526683033,0.114465609,-0.116257645,0.999949157,0.526651084,0.114426292,-0.116290882,0.999913812,0.526807606,0.114401415,-0.116333045,0.999906957,0.523841023,0.113457501,-0.140315324,0.999964237,0.521670997,0.112775594,-0.140366629,0.9999668,0.519202054,0.112212077,-0.14032416,0.999967515,0.517880917,0.119607657,-0.023333834,0.999911666,0.505913198,0.1188237,-0.134786233,0.999952435,0.528448522,0.14896068,-0.096581526,0.999616861,0.525115669,0.149019033,-0.127780214,0.999595404,0.500866055,0.207090974,0.097346194,0.986317456,0.509068072,0.195578426,-0.193852812,0.999004602,0.515865445,0.220634401,0.229296163,0.065595791,0.565126717,0.191956878,-0.26872319,0.875727832,0.511348367,0.212519348,0.377324402,0.027331017,0.536010623,0.184215933,-0.217694134,0.577003121,0.504599214,0.210910589,0.406847477,0.027337812,0.53186053,0.17348288,-0.230264336,0.546075642,0.505817533,0.208671257,0.402234942,0.029499032,0.522823274,0.178324863,-0.226710841,0.54239279,0.509494543,0.211380646,0.376777232,0.033624332,0.522995114,0.182027951,-0.215533048,0.556440294,0.500578284,0.432122856,0.093299881,0.996373117,0.493081421,0.432297885,-0.093453653,0.998446763,0.502775431,0.593027174,0.175392553,0.296597987,0.498036534,0.60905993,-0.027411172,0.923073828,0.497150987,0.759413064,0.270204931,0.441756994,0.495446265,0.788629055,0.032161009,0.957984805,0.486719429,0.778204501,0.277206808,0.44504258,0.486442745,0.819981813,0.03541353,0.941221356,0.531995237,0.785814166,0.250143617,0.591652393,0.538916469,0.836562693,-0.020057905,0.941250205
1,0.562263608,0.405105084,-0.043619253,0.999932766,0.557654142,0.393692821,-0.027642086,0.999945104,0.557675064,0.393944383,-0.027627712,0.999950588,0.55760181,0.394207507,-0.027584836,0.999946594,0.554134727,0.393653333,-0.053191416,0.999946058,0.551719308,0.394007653,-0.053282857,0.999961734,0.548974633,0.394295365,-0.053279452,0.99996233,0.548165381,0.401939213,0.04769028,0.999946177,0.536236465,0.401126266,-0.071443856,0.999967992,0.56160903,0.421832234,-0.016859597,0.999876022,0.557852149,0.419496536,-0.050224137,0.999885499,0.537550688,0.494109213,0.11357379,0.999026179,0.5193066,0.484090686,-0.129396409,0.999736488,0.590904832,0.528579235,0.06762071,0.46133101,0.577619314,0.534722984,-0.08961238,0.971557856,0.572438359,0.481898576,-0.005255046,0.057858825,0.564915538,0.487222701,0.076908454,0.773723125,0.559500754,0.469659328,-0.016014758,0.031466428,0.559812427,0.471105844,0.078888342,0.658977151,0.551228166,0.469225317,-0.004554025,0.035938129,0.551843524,0.465008557,0.061719794,0.687197626,0.551255703,0.475223869,-0.005914402,0.043555062,0.552999377,0.468733519,0.074446559,0.684787095,0.458572239,0.635954738,0.087148622,0.999788821,0.440739542,0.638960958,-0.086934194,0.999948561,0.53869766,0.623482406,0.08934693,0.590513468,0.530111969,0.628385484,-0.214434102,0.997584522,0.503507078,0.753122985,0.116390988,0.757023811,0.494861543,0.795264125,-0.231823727,0.995658517,0.4887003,0.765918314,0.118276037,0.762080371,0.478727639,0.822251976,-0.23307164,0.989552915,0.522853553,0.806014061,0.100015379,0.815452635,0.528190017,0.853253007,-0.267225057,0.992269874
0,0.523600399,0.12272267,-0.141796738,0.999945045,0.520220339,0.106490187,-0.12239258,0.999927104,0.520365894,0.106864646,-0.122431837,0.999885082,0.520444751,0.107440397,-0.122455522,0.999881029,0.516586602,0.105452456,-0.146178529,0.999949515,0.513973713,0.10502141,-0.146238133,0.999954283,0.510975242,0.104770191,-0.146218121,0.999958873,0.511537671,0.114844166,-0.025678992,0.999874234,0.498019755,0.11363747,-0.132387221,0.999941885,0.523413539,0.140963107,-0.103168294,0.999652386,0.519352078,0.141182154,-0.133802399,0.999641418,0.498231083,0.20325835,0.094871059,0.986932933,0.501211047,0.195534915,-0.190349907,0.999162138,0.525810838,0.212613121,0.205740258,0.080869585,0.55708313,0.19468759,-0.202820301,0.90863353,0.519384801,0.201087251,0.304871947,0.022761252,0.529609859,0.18184799,-0.046774898,0.593102217,0.509378076,0.201818049,0.323040485,0.020910857,0.527581275,0.166882142,-0.043115526,0.554212868,0.51028496,0.200328365,0.322286189,0.022796398,0.52172637,0.172009677,-0.049332689,0.554735661,0.513879955,0.204148695,0.303363115,0.027133411,0.523368478,0.178183913,-0.045212686,0.56742841,0.502482414,0.431943774,0.092000172,0.996554434,0.489308447,0.431524247,-0.092123196,0.998823345,0.499754578,0.593161047,0.189951271,0.277045876,0.495042652,0.610413432,-0.04957382,0.941646874,0.497187674,0.758817196,0.295669973,0.435341984,0.495211542,0.788203776,-0.019018704,0.962016821,0.486790031,0.776911259,0.303585082,0.447716683,0.485939592,0.820967555,-0.019719848,0.943753421,0.533520401,0.780762136,0.273741633,0.592529178,0.537893713,0.838147998,-0.085679814,0.945486605
1,0.562577903,0.410345674,-0.025265455,0.999804497,0.558343768,0.39714995,-0.010381853,0.999858856,0.558187842,0.397376597,-0.010382095,0.999874473,0.557917714,0.397534996,-0.010346891,0.9998613,0.55565989,0.396757752,-0.039103247,0.999860883,0.553664863,0.396831721,-0.039194915,0.999894917,0.551406562,0.396829635,-0.039206732,0.999902666,0.54749608,0.40344429,0.057576187,0.999873459,0.538272023,0.401573211,-0.072002985,0.999921441,0.560301542,0.428903878,3.14E-05,0.999708474,0.557229042,0.426276267,-0.037366625,0.999736965,0.536620259,0.488949299,0.123863779,0.998046875,0.51960516,0.484337926,-0.137652814,0.999621511,0.583062351,0.537682474,0.095286146,0.27532497,0.570454359,0.54607743,-0.102829456,0.957920074,0.582446635,0.498416185,0.007673659,0.039166443,0.576416731,0.507660687,0.047648054,0.701794088,0.578340709,0.486905128,-0.001683136,0.026434531,0.581739187,0.495275617,0.044507291,0.606605113,0.570530593,0.483696073,0.003004052,0.030064143,0.575699031,0.484874517,0.035416394,0.632760048,0.57165134,0.489634752,0.004374807,0.036092222,0.572931409,0.489575416,0.04773432,0.632128239,0.453143597,0.623333216,0.090764686,0.999608099,0.437239885,0.629748642,-0.090546206,0.999924481,0.532470882,0.616579652,0.141017228,0.461376518,0.525712192,0.627990365,-0.206026435,0.996673584,0.503628135,0.74947238,0.198966369,0.69394052,0.49506855,0.795574129,-0.197594553,0.993850231,0.492261022,0.780274689,0.20379658,0.68727982,0.481538475,0.824448824,-0.195102483,0.98557955,0.532745004,0.795248389,0.190468058,0.769765437,0.531826675,0.843893528,-0.230385736,0.989370883
0,0.520602584,0.123618834,-0.078353837,0.999863148,0.515716136,0.107638039,-0.067833953,0.999835789,0.515347362,0.107437029,-0.067852981,0.999705195,0.514869034,0.107302912,-0.067861781,0.999718547,0.513379037,0.108149104,-0.095604375,0.999879241,0.511446118,0.108324595,-0.095679998,0.999879777,0.509364724,0.108540304,-0.095682114,0.999892592,0.504987538,0.114462495,0.000473233,0.99974525,0.498758852,0.116627976,-0.125416353,0.999856949,0.519533277,0.141141266,-0.04866261,0.999273837,0.516555369,0.142312586,-0.08521837,0.999221146,0.488549858,0.21147345,0.112432614,0.986384153,0.506139934,0.196795329,-0.188794106,0.998959124,0.50268507,0.231914431,0.26971513,0.075244777,0.570020378,0.188202873,-0.196516812,0.824812472,0.512454212,0.209769145,0.44003433,0.027087592,0.533767581,0.189347059,-0.04454587,0.45500049,0.502960145,0.209591672,0.47295323,0.028707884,0.529244423,0.179472536,-0.041603219,0.452331901,0.50440979,0.205015391,0.467522085,0.030356893,0.520573974,0.188359872,-0.045460399,0.446464002,0.50662148,0.207163274,0.43975687,0.036834054,0.522889018,0.188363686,-0.04223714,0.459975809,0.504841268,0.428776622,0.092251226,0.994766951,0.49968186,0.431002945,-0.092390582,0.997119665,0.501643419,0.593340099,0.204447702,0.288883328,0.494554222,0.616314173,-0.024751373,0.903062284,0.498591721,0.752784729,0.317061037,0.438934296,0.496561855,0.786734939,0.039347984,0.959553957,0.489258438,0.770928442,0.326647222,0.492425293,0.487845957,0.823021352,0.043456811,0.93629384,0.535082996,0.766564786,0.310011834,0.635301709,0.539052904,0.834093034,-0.013947885,0.942009628
1,0.554327428,0.427871585,-0.614610672,0.999990106,0.562590361,0.408331037,-0.604748011,0.999982357,0.566293359,0.406281769,-0.604755938,0.999977171,0.570203662,0.403674275,-0.604905307,0.999979496,0.551470876,0.4061414,-0.606780291,0.999978602,0.547035992,0.402515978,-0.606870592,0.999972701,0.542544484,0.398170233,-0.606853366,0.999974847,0.574766338,0.390536845,-0.476311535,0.999970019,0.531330228,0.378789395,-0.487963527,0.999963462,0.557410359,0.440362662,-0.559715867,0.999992251,0.544908881,0.436309934,-0.563094258,0.999992013,0.597763896,0.446984917,-0.336884171,0.999988437,0.488417149,0.445603818,-0.336421192,0.999984562,0.607060552,0.596528947,-0.31233868,0.989412069,0.475399971,0.602576017,-0.306219727,0.986339748,0.617313623,0.724301994,-0.388808519,0.978534043,0.457492173,0.730152607,-0.37742731,0.970133781,0.622489512,0.757726967,-0.418485463,0.946720123,0.450857967,0.768430352,-0.405013233,0.934267104,0.617766321,0.759274781,-0.446859866,0.95223099,0.455518156,0.772150755,-0.440494984,0.942640781,0.614074767,0.749346197,-0.400906235,0.947433949,0.459118873,0.761129856,-0.392900079,0.939614534,0.56888181,0.595174909,0.003518173,0.999951303,0.512635887,0.596588492,-0.003346825,0.999932647,0.584489048,0.725713074,-0.314900428,0.968675017,0.498999447,0.733624399,-0.288141191,0.968189359,0.571527362,0.920551777,-0.194112286,0.966316462,0.492765903,0.921047807,-0.167731762,0.976125717,0.55999583,0.948903382,-0.18957743,0.925809443,0.496309727,0.945812285,-0.163120329,0.888336539,0.587019384,0.987895727,-0.341257691,0.967863202,0.490351766,0.984673381,-0.321174145,0.967272878
0,0.554519832,0.121062681,-0.534146488,0.999988675,0.561594725,0.100679167,-0.526336432,0.999958396,0.565416574,0.100018539,-0.526315331,0.999952912,0.569142282,0.098797619,-0.526365936,0.999951899,0.551228166,0.097785302,-0.528100133,0.999958932,0.547230542,0.095088914,-0.528178096,0.999957979,0.543225288,0.092402175,-0.528196394,0.999956787,0.575535417,0.092276722,-0.393521279,0.999898612,0.534936726,0.085908949,-0.405008018,0.999938309,0.558668673,0.13923052,-0.47683081,0.999979794,0.545435131,0.136937365,-0.480371505,0.999982178,0.602966845,0.187847629,-0.247282431,0.999965131,0.498421818,0.170228869,-0.256804615,0.999981463,0.611327171,0.349406511,-0.13483721,0.988211095,0.488535464,0.335991263,-0.161629528,0.988345444,0.618175089,0.496219933,-0.214365169,0.978177965,0.476322144,0.481808364,-0.256512433,0.978309631,0.62220186,0.538646638,-0.240703449,0.945809245,0.47021246,0.519777238,-0.284774929,0.956762791,0.616710603,0.539422214,-0.288047343,0.951134264,0.474328548,0.523078561,-0.331411064,0.961185992,0.613045692,0.52307111,-0.233399943,0.942933857,0.477870494,0.511566699,-0.275373578,0.954048634,0.574473679,0.459257931,0.006406399,0.999489605,0.514032185,0.45490995,-0.006566404,0.99959445,0.569010139,0.696914136,-0.021742415,0.984502137,0.507655203,0.696415365,-0.029473385,0.988563716,0.575773239,0.916257858,0.088730223,0.98553592,0.491546184,0.919142306,0.084600098,0.986197889,0.564126015,0.947483718,0.090236902,0.903773785,0.495690018,0.941286922,0.085950129,0.811883032,0.590731382,0.9904176,-0.060255203,0.977763414,0.491861135,0.984961033,-0.072801821,0.974553943
1,0.552356005,0.437359124,-0.59520179,0.999983311,0.560837805,0.416933805,-0.586025596,0.999968946,0.56499368,0.414716035,-0.586036623,0.999959707,0.569145143,0.411999822,-0.586181223,0.999964654,0.548987031,0.41576007,-0.58758539,0.999962687,0.544560015,0.412676364,-0.587669909,0.999952495,0.540207148,0.408523142,-0.587669969,0.999958575,0.574281394,0.397678435,-0.458551466,0.999949217,0.529657662,0.388251811,-0.466769397,0.999939442,0.556477368,0.448971659,-0.540084958,0.999988496,0.543543279,0.445889741,-0.542537987,0.999988556,0.598298013,0.444632858,-0.319758028,0.999988675,0.490504593,0.444648236,-0.317003787,0.999986589,0.608336449,0.593988061,-0.295080066,0.988302469,0.476574957,0.5981341,-0.291412324,0.988620818,0.617368817,0.724240959,-0.37851271,0.973220408,0.458835244,0.725235343,-0.373319179,0.973963141,0.623336971,0.755278885,-0.412299633,0.936147332,0.451702505,0.765423775,-0.403862983,0.941640556,0.618594944,0.757642925,-0.440830588,0.942412257,0.456468493,0.768734634,-0.4398323,0.948855758,0.614881754,0.749973834,-0.391607761,0.934440434,0.460296571,0.757530689,-0.389074773,0.943434,0.57101208,0.607989371,0.004723162,0.99993664,0.514235139,0.609421134,-0.00449435,0.999924719,0.587757707,0.727585673,-0.35125348,0.978336036,0.500755548,0.732051015,-0.326296777,0.977875948,0.570861459,0.921169043,-0.197225794,0.973807514,0.493074208,0.923957109,-0.177360043,0.98095572,0.558995485,0.948133767,-0.188415512,0.930478334,0.495843709,0.945529878,-0.16941072,0.8973369,0.585658491,0.988182604,-0.340902388,0.973867297,0.48963654,0.988190949,-0.331842721,0.973564148
1,0.551141322,0.40419656,-0.296469748,0.999587774,0.554496646,0.385301024,-0.281563789,0.999449611,0.55444324,0.383964181,-0.281669736,0.999280095,0.554361761,0.382375896,-0.281789571,0.999474168,0.55144161,0.383572638,-0.311631501,0.999592662,0.548917115,0.38095662,-0.311738431,0.99952358,0.546227098,0.378229111,-0.311810642,0.999682069,0.539206088,0.368768275,-0.190191448,0.998924375,0.529748559,0.365716994,-0.324990451,0.999466538,0.543064833,0.415565312,-0.257975787,0.999756277,0.538706124,0.41347304,-0.29724136,0.999871373,0.528747976,0.43558535,-0.066578545,0.999711096,0.464416355,0.429161549,-0.341550052,0.999927342,0.517476857,0.563389719,-0.006399842,0.558800757,0.44316572,0.588564217,-0.367655635,0.982372522,0.520465136,0.670122445,-0.068715841,0.359073222,0.429746449,0.716605186,-0.374818027,0.928048491,0.522863567,0.702161789,-0.075594328,0.305735886,0.420647651,0.755141377,-0.413354009,0.886118948,0.521233916,0.705457747,-0.107985102,0.324893922,0.430654347,0.761311471,-0.421378344,0.886049449,0.50971514,0.688410938,-0.084094211,0.332869023,0.434237331,0.749548554,-0.37812382,0.84433651,0.454181373,0.588870049,0.080994286,0.999012649,0.40574044,0.592669189,-0.080846861,0.999343514,0.519913673,0.684879005,-0.088436775,0.889981389,0.474849075,0.709698319,-0.324012548,0.993688524,0.49699223,0.858421087,0.009264565,0.863364339,0.442405432,0.90516746,-0.22662136,0.99272716,0.486337215,0.875245512,0.017664706,0.824008405,0.428919911,0.934284329,-0.219639763,0.96107614,0.535079777,0.903438509,-0.043800816,0.88704145,0.477082133,0.966581643,-0.314291358,0.986515582
0,0.508349955,0.145819947,-0.202658802,0.999725163,0.511235714,0.127210155,-0.19013454,0.999316812,0.511361361,0.12666665,-0.19009079,0.999237418,0.511402726,0.125813767,-0.190052524,0.999329865,0.508307159,0.123732619,-0.22527951,0.999573112,0.506259859,0.120960742,-0.225322783,0.999572814,0.503625751,0.117737576,-0.225365683,0.999588013,0.500211537,0.11685051,-0.100336157,0.997989237,0.487822741,0.106456652,-0.262396008,0.999356687,0.502015591,0.15831545,-0.163895756,0.999613583,0.498213947,0.154719323,-0.210924163,0.999789,0.49561289,0.199161887,0.022531034,0.999778092,0.43223989,0.180955693,-0.289268613,0.999968171,0.502124608,0.342430115,0.106280684,0.711233079,0.429047108,0.34830603,-0.314095974,0.992671788,0.509865046,0.46473816,0.055336352,0.806627691,0.428414881,0.502836764,-0.317879736,0.982325375,0.514647365,0.501618266,0.052513059,0.731265426,0.426037371,0.542357743,-0.347908884,0.971777141,0.514210939,0.502285361,0.01795469,0.749841094,0.434811264,0.542064905,-0.357215464,0.971363485,0.510805964,0.493967593,0.039332699,0.736723065,0.438075721,0.529690027,-0.319354713,0.954762816,0.482491851,0.467420816,0.096875615,0.998048663,0.441797167,0.466313511,-0.097007759,0.999193132,0.484877735,0.669641554,0.140520811,0.867812634,0.438681394,0.687090755,-0.104217753,0.988824189,0.486544877,0.862634003,0.253609866,0.891394079,0.438727319,0.899870276,-0.050066371,0.991790235,0.474576294,0.890001416,0.256979764,0.859806776,0.429490417,0.935154319,-0.052173831,0.939644098,0.530425489,0.906696796,0.181940809,0.92836827,0.475185543,0.965748966,-0.172760829,0.986906648
1,0.548937678,0.411388099,-0.356556028,0.999638021,0.553054929,0.392023027,-0.341448188,0.99953115,0.553379774,0.390710324,-0.341570318,0.999397874,0.553644896,0.389117807,-0.341702431,0.999545693,0.549344838,0.390140265,-0.370551199,0.99960947,0.546616375,0.387419283,-0.370650351,0.999524772,0.54329288,0.384318471,-0.370719135,0.999660254,0.540253758,0.375165373,-0.239653885,0.999056876,0.5276528,0.371254444,-0.369955152,0.999454021,0.542526603,0.422464162,-0.313251942,0.999789536,0.537091494,0.420604527,-0.35123539,0.999878585,0.53005302,0.437684506,-0.107932851,0.999844491,0.46364525,0.428840637,-0.36880067,0.999940395,0.520110548,0.573049426,-0.059817478,0.712380052,0.442466468,0.590852857,-0.400467753,0.983221531,0.525161207,0.686000109,-0.145029277,0.562414885,0.433449566,0.718395889,-0.42841512,0.947255135,0.528020263,0.719530582,-0.159073994,0.485453457,0.423686326,0.755555451,-0.472376049,0.916523814,0.526525676,0.723134816,-0.19305639,0.509414613,0.434464872,0.761397779,-0.48316592,0.91624099,0.520525992,0.71246314,-0.161718592,0.510285914,0.438581675,0.749404252,-0.433614403,0.875975847,0.456223428,0.591344237,0.081563734,0.999230325,0.405365646,0.593923807,-0.081440717,0.999361634,0.521312773,0.692788839,-0.112870932,0.882475674,0.472915649,0.709964395,-0.326522142,0.993869364,0.493865877,0.863799095,-0.003985045,0.849811792,0.443001449,0.905285656,-0.216617063,0.992572188,0.483109117,0.881093144,0.003321433,0.810304523,0.430250555,0.934408486,-0.208498195,0.956429124,0.527867258,0.91350311,-0.070313953,0.883654177,0.475696862,0.966390789,-0.306315213,0.986554384
0,0.46268183,0.123012744,-0.183426708,0.999913573,0.466530025,0.106751636,-0.160598069,0.999887168,0.469191253,0.106762543,-0.160623878,0.999882638,0.472541869,0.107085273,-0.160623834,0.999892712,0.454504013,0.107743859,-0.162614822,0.999824822,0.449953496,0.10817714,-0.162589446,0.999789357,0.445800066,0.108742632,-0.162507266,0.999738455,0.475852877,0.117437556,-0.040615391,0.99994421,0.437688112,0.118450962,-0.046142988,0.999718666,0.468060821,0.145029277,-0.139010265,0.999920666,0.454292536,0.14493449,-0.14098011,0.999777198,0.505751848,0.222754061,-0.061159462,0.999679565,0.407446235,0.221057236,-0.064765632,0.998410821,0.510742426,0.229869157,-0.338239014,0.984349251,0.415979087,0.224761322,-0.366900444,0.956204772,0.450172603,0.205976531,-0.535598218,0.932364166,0.473788083,0.191850826,-0.586618543,0.727004826,0.432979256,0.211039931,-0.590221345,0.852907717,0.484947383,0.184880063,-0.642510533,0.607552111,0.429124445,0.211460158,-0.568587661,0.845207155,0.486507714,0.183013782,-0.62278682,0.582951188,0.437878698,0.210700542,-0.534096479,0.813213468,0.480142534,0.186846718,-0.587534368,0.542146146,0.482349157,0.480498672,0.000824055,0.999885321,0.425201595,0.48274684,-0.000912537,0.999837279,0.507507622,0.685266674,-0.041849781,0.997298539,0.412763298,0.69009304,-0.008232864,0.998597443,0.529173851,0.861268103,0.12338265,0.995522797,0.403261513,0.864763379,0.134999424,0.997063041,0.521999598,0.881991565,0.131168231,0.898837566,0.410331964,0.88307333,0.140200526,0.898666859,0.547132015,0.926897347,-0.014180599,0.990650952,0.388258278,0.938504279,-0.000571041,0.991449237
1,0.468532979,0.447852015,-0.339559495,0.99971807,0.472014189,0.429716378,-0.322270781,0.999303162,0.474384964,0.429133385,-0.322283208,0.999376774,0.476646036,0.428571165,-0.322282881,0.999085665,0.461828798,0.431474358,-0.32395491,0.999324322,0.456569612,0.432241172,-0.324102193,0.999482095,0.451765865,0.432802081,-0.324097484,0.999312818,0.479586542,0.433615237,-0.20672676,0.99946785,0.444010556,0.43938306,-0.214927793,0.999516189,0.472298235,0.463843495,-0.299171358,0.999532104,0.460345924,0.465786755,-0.298576981,0.99937582,0.504006445,0.522668183,-0.164977297,0.998562872,0.416534245,0.528368592,-0.169253811,0.99903053,0.52278173,0.588961005,-0.309882253,0.983679593,0.415993363,0.594572127,-0.342170656,0.994498789,0.459317297,0.528102815,-0.418177903,0.921082318,0.464790106,0.516894579,-0.449962527,0.963490367,0.444837749,0.509867191,-0.441426516,0.746889174,0.478713751,0.497281492,-0.478450716,0.851774156,0.444682777,0.507000804,-0.4121508,0.677086532,0.477924287,0.492688954,-0.447571456,0.781492054,0.450195134,0.512610793,-0.40817228,0.563464224,0.474330515,0.500769079,-0.440191597,0.639352679,0.484758437,0.68108505,0.001889309,0.999818802,0.430173725,0.681484282,-0.001976048,0.99987793,0.54052645,0.725745738,-0.284591019,0.996727407,0.382727265,0.740442991,-0.27218312,0.998757362,0.527913451,0.859731138,-0.073722355,0.988637924,0.403258145,0.868507147,-0.071926363,0.99767673,0.517842412,0.879249394,-0.057837985,0.954048455,0.413772047,0.885788381,-0.05705703,0.97677058,0.545936942,0.919759214,-0.165406764,0.979515433,0.384722799,0.928741515,-0.161424413,0.992811024
0,0.465296566,0.126264736,-0.1411203,0.999797165,0.468281984,0.108251147,-0.116109908,0.999706686,0.470911413,0.108219676,-0.116134509,0.999681473,0.474475622,0.108592436,-0.116132423,0.999695241,0.457338959,0.109666906,-0.118683696,0.999617755,0.452334791,0.11068745,-0.118673667,0.999557614,0.447886944,0.111750722,-0.118620142,0.999494791,0.476967096,0.118219152,0.006460688,0.999811471,0.439091206,0.121385679,-0.001909303,0.999468863,0.469356447,0.148490921,-0.095963784,0.999752283,0.456839472,0.149006158,-0.098840594,0.999508798,0.5054847,0.223754019,-0.00655414,0.999506176,0.409346163,0.226330519,-0.017288625,0.998504519,0.520977974,0.24234803,-0.264787138,0.987945378,0.414248377,0.238339484,-0.28582859,0.969714582,0.457243681,0.209929824,-0.448000759,0.963111222,0.47249189,0.190257341,-0.478175074,0.901824355,0.441435903,0.204514518,-0.497160763,0.898357153,0.482901275,0.17854701,-0.529599547,0.805166543,0.43917188,0.204140797,-0.472649187,0.886861622,0.483727634,0.173368692,-0.506479144,0.78227669,0.446443886,0.204581559,-0.444131851,0.859534979,0.478956699,0.178300291,-0.476053655,0.731771111,0.484874725,0.476119459,0.000107694,0.999859095,0.428308904,0.47946319,-0.000153168,0.999822259,0.508608937,0.681671083,-0.031288695,0.997762561,0.416589588,0.686998725,-0.011467001,0.998549521,0.528043747,0.856877804,0.127207696,0.995582998,0.403013766,0.866166532,0.124780163,0.997291327,0.521028399,0.878630817,0.133820131,0.904178143,0.409588665,0.884955406,0.129170716,0.907527149,0.546358168,0.925879836,-0.008369206,0.990122676,0.386176884,0.937003911,-0.015583085,0.991493523
1,0.46833688,0.432693809,-0.262854606,0.999211788,0.471355349,0.415497512,-0.241257593,0.998592556,0.474158823,0.415016949,-0.241228819,0.998575389,0.476773262,0.414598554,-0.24123922,0.998360038,0.461368322,0.417541027,-0.242090538,0.99842,0.455882549,0.418317586,-0.242153689,0.998531818,0.450943083,0.418830544,-0.242153332,0.998280048,0.479235023,0.421220988,-0.140293449,0.998716176,0.442528635,0.42595318,-0.141273856,0.998158514,0.47227636,0.449007004,-0.226687282,0.998410463,0.460501492,0.451055735,-0.227119416,0.997406125,0.504471898,0.512907565,-0.117915571,0.996442795,0.415078938,0.523673594,-0.123439334,0.995758772,0.525542378,0.568434596,-0.257234633,0.979200542,0.411519051,0.575403035,-0.288522214,0.988498926,0.458369195,0.519615233,-0.339933813,0.911710918,0.465547651,0.501181722,-0.380710781,0.933223188,0.44369626,0.508642197,-0.359249443,0.730340242,0.47796312,0.483874083,-0.406917155,0.765685916,0.442510843,0.507084906,-0.33305198,0.669177949,0.478415817,0.481132597,-0.376425773,0.68403554,0.448248297,0.510003448,-0.330764174,0.584431171,0.474947542,0.489850014,-0.371034324,0.56878221,0.486931801,0.682624876,0.002259409,0.999760866,0.430476338,0.67876786,-0.002299102,0.999797165,0.544390798,0.733829439,-0.254631996,0.996335685,0.382594645,0.744488001,-0.233312875,0.998447478,0.528808057,0.861331701,-0.044701122,0.989872813,0.403686672,0.867825806,-0.043078899,0.997413695,0.518135011,0.878763735,-0.028200775,0.953701913,0.41443485,0.885151505,-0.028652463,0.975662708,0.546796262,0.923290014,-0.123550817,0.977908432,0.384680569,0.930341065,-0.123084769,0.991238415
0,0.462727785,0.123759352,-0.150196686,0.999843776,0.466106832,0.106236078,-0.12592867,0.999771535,0.468563974,0.106244333,-0.125946358,0.999750555,0.472042084,0.10666506,-0.125932649,0.999752223,0.454632372,0.107740954,-0.128433362,0.99971211,0.449711502,0.108654343,-0.128419131,0.999671221,0.445448548,0.109539032,-0.12835148,0.999629796,0.475118935,0.11685618,-0.004157935,0.999849737,0.437738121,0.119098134,-0.012327129,0.999638557,0.467413127,0.146220744,-0.105168067,0.999811411,0.454033703,0.146573618,-0.107882991,0.999656081,0.504249692,0.220447943,-0.018173018,0.99962467,0.40791288,0.222248018,-0.024083478,0.998991311,0.517683208,0.231185198,-0.28005749,0.987727702,0.402845681,0.234202534,-0.297482073,0.980236769,0.45459938,0.210581437,-0.475425303,0.960920215,0.467173636,0.186945364,-0.494790941,0.92670846,0.43841058,0.211107194,-0.527311921,0.897542655,0.479108274,0.173192024,-0.547136486,0.842100918,0.435182512,0.210579067,-0.503911674,0.886465192,0.479947716,0.168196231,-0.522039831,0.820037067,0.443054855,0.211059809,-0.472583622,0.857896864,0.47518611,0.174229965,-0.491601944,0.772729516,0.483593166,0.47477451,-0.002669918,0.999889374,0.426952451,0.479912192,0.002609295,0.999862313,0.508011639,0.678761542,-0.030729111,0.997834325,0.416188896,0.685508788,-0.000835057,0.998613358,0.529148698,0.857537746,0.12014176,0.996459305,0.40365243,0.866014719,0.134791434,0.997632027,0.522519469,0.879777074,0.126775503,0.919216692,0.41154784,0.885395408,0.139170304,0.925727844,0.548372865,0.925870955,-0.015333362,0.99178642,0.384973109,0.937342346,-0.001701221,0.992755115
1,0.472569555,0.43097496,-0.232658908,0.999705493,0.476258814,0.413301051,-0.210680887,0.999489844,0.478497118,0.41269511,-0.210662633,0.999468029,0.48080197,0.412144214,-0.210683063,0.999399185,0.465606451,0.414749235,-0.211269647,0.999430597,0.460471779,0.415271372,-0.211325645,0.999454498,0.455719233,0.41556409,-0.211341456,0.999406815,0.483597994,0.416262597,-0.109787092,0.999609113,0.448636919,0.42200321,-0.108564898,0.999456644,0.476339668,0.446582526,-0.196353093,0.999431014,0.46411863,0.448393553,-0.196195319,0.999031007,0.50927341,0.509690166,-0.085831322,0.998157382,0.419742256,0.510444939,-0.094814226,0.998255551,0.53130734,0.568204522,-0.213304251,0.978081226,0.414382607,0.565760911,-0.248258024,0.991862535,0.460310549,0.511909544,-0.285152107,0.909227014,0.471177757,0.497510701,-0.327898562,0.95496136,0.448027372,0.49609226,-0.303092927,0.708051383,0.484059185,0.480332196,-0.354060888,0.819584846,0.447330803,0.494190931,-0.276719689,0.63886255,0.483487844,0.476611018,-0.324998111,0.744368672,0.45191732,0.499488652,-0.275538653,0.560041368,0.480713218,0.484924734,-0.320043296,0.633775353,0.487039655,0.675641656,0.001776316,0.999843478,0.431025594,0.673241138,-0.001815552,0.999891341,0.550340295,0.725250602,-0.253400266,0.99712956,0.371932983,0.737724841,-0.234513283,0.999109387,0.528404295,0.858287573,-0.047570474,0.99105227,0.401761204,0.867768347,-0.04877428,0.998240292,0.516984522,0.878001213,-0.030858677,0.965327084,0.414293617,0.8838889,-0.033714317,0.983240306,0.546949923,0.921628714,-0.122603275,0.981016517,0.382402241,0.931986392,-0.124013484,0.993732691
1,0.498883814,0.542656004,-0.412080437,0.999998093,0.505809009,0.52190721,-0.408471674,0.999997914,0.50982213,0.520191729,-0.408399045,0.999997616,0.513479352,0.518024385,-0.408555657,0.999997199,0.494146109,0.520034313,-0.412360191,0.999997556,0.489350617,0.516783416,-0.412452638,0.999996901,0.484498203,0.513114691,-0.412342846,0.999996901,0.517822504,0.50223881,-0.296952039,0.999997675,0.474094152,0.497404605,-0.314989746,0.999999166,0.503280938,0.554798961,-0.361077011,0.999995708,0.489669412,0.553716898,-0.366756231,0.999997795,0.540277719,0.544617593,-0.14669545,0.999973834,0.433037519,0.541933656,-0.165635869,0.999984384,0.57234031,0.598921716,-0.127406135,0.996876717,0.383759022,0.604463398,-0.022595407,0.997021079,0.594374657,0.545230508,-0.211433932,0.995120227,0.35953325,0.537634194,0.041068587,0.995251715,0.600771606,0.521210432,-0.225432754,0.97983706,0.350984514,0.511891961,0.045772772,0.980268955,0.596466899,0.508261323,-0.234515592,0.977938235,0.356623858,0.501779914,0.033245258,0.978631794,0.591620624,0.517453194,-0.216730639,0.972256601,0.361175954,0.510890365,0.039107326,0.971093357,0.512258887,0.728883088,0.007642791,0.999460936,0.444765151,0.724014878,-0.007470136,0.999673545,0.585392714,0.808553338,-0.274934113,0.997154534,0.383818924,0.830448687,-0.322085738,0.998597205,0.554769278,0.953442454,-0.1168136,0.981481969,0.418227762,0.963186204,-0.169856548,0.997287691,0.541875482,0.973997951,-0.104884312,0.972677767,0.430243164,0.975979388,-0.158087283,0.985888422,0.576874852,1.009237289,-0.19298625,0.967410803,0.403520405,1.034467101,-0.266688913,0.991488099
0,0.491170645,0.10316433,-0.153706193,0.999997556,0.495677292,0.082174055,-0.131638885,0.99999547,0.498560756,0.08224909,-0.131694078,0.999994636,0.501730859,0.082607009,-0.131743923,0.999994457,0.482441962,0.082002871,-0.13251856,0.999994814,0.477093399,0.082038894,-0.132513255,0.999993086,0.472557306,0.082242936,-0.132436723,0.999993682,0.504047871,0.091129571,-0.001911489,0.999991357,0.463193417,0.090902984,-0.008119679,0.999991715,0.496923149,0.125611231,-0.105160549,0.999992311,0.480507791,0.12375398,-0.107169583,0.999993503,0.532121599,0.211619779,0.058697499,0.999961674,0.424820274,0.207607985,0.068069279,0.999930024,0.566656172,0.323948443,-0.08032243,0.996062517,0.375437886,0.310555577,-0.034457665,0.995717764,0.586763799,0.214367017,-0.318888128,0.998128355,0.34505251,0.202350959,-0.277973682,0.997682333,0.591506302,0.18637155,-0.366399348,0.992700636,0.339966565,0.174013257,-0.32370016,0.992075503,0.589193761,0.179542556,-0.365276873,0.992222786,0.346215963,0.160866067,-0.326615512,0.991957784,0.586023688,0.188461766,-0.32502687,0.988955498,0.34965992,0.169978753,-0.286138177,0.989404142,0.508547425,0.506511867,-0.00358377,0.999540806,0.444457442,0.512016535,0.00359762,0.999577522,0.53252852,0.736125767,0.009942153,0.994693279,0.430597126,0.744048715,-0.006239864,0.995003223,0.556692243,0.94616884,0.121430144,0.988756061,0.416933209,0.957888603,0.102824882,0.991408467,0.551080108,0.976862192,0.125258148,0.900030136,0.422664076,0.977915883,0.106132388,0.883414805,0.575118899,1.009880781,-0.014835174,0.983781278,0.40856266,1.02135396,-0.038588639,0.982787728
1,0.497596025,0.558329463,-0.388334751,0.999998987,0.504204392,0.539047897,-0.384109437,0.999999166,0.50816226,0.538100541,-0.384024382,0.999999046,0.512053907,0.536584735,-0.384131134,0.999998689,0.492381006,0.536675215,-0.386469305,0.999998868,0.487385422,0.53417182,-0.386549473,0.999998689,0.482690185,0.531519532,-0.386432081,0.999998569,0.517084956,0.521315217,-0.276195437,0.999998987,0.473163068,0.519098222,-0.287301153,0.999999523,0.501525283,0.572671652,-0.339794219,0.999997675,0.488191217,0.572835743,-0.34336403,0.999998629,0.540394485,0.570966959,-0.138471469,0.999950469,0.434426725,0.567050517,-0.150958866,0.999975741,0.573536754,0.615715265,-0.154114634,0.995883226,0.385819137,0.621563017,-0.065067731,0.99706912,0.594806552,0.56213522,-0.258175969,0.993414283,0.359946698,0.563830256,-0.052889477,0.994431019,0.60429585,0.547655463,-0.272540927,0.976469755,0.35168761,0.536385655,-0.055192422,0.979292691,0.59858954,0.537296593,-0.27886492,0.973924875,0.358206481,0.526681364,-0.061982997,0.978155255,0.592411935,0.545443654,-0.262225807,0.968252778,0.362928361,0.536524236,-0.054319341,0.971827328,0.508513331,0.742344856,0.00870916,0.998586476,0.444860995,0.733090639,-0.008562825,0.999143839,0.583518088,0.802675188,-0.292878985,0.995938182,0.383909941,0.823012769,-0.334811836,0.996509075,0.554253638,0.955606818,-0.164098427,0.976931214,0.417710483,0.96160233,-0.209946126,0.996830285,0.541717827,0.976896048,-0.155494809,0.97411418,0.430642068,0.978551209,-0.201552719,0.984831333,0.572731018,1.011728883,-0.24303019,0.961550772,0.399222702,1.010501146,-0.308677018,0.990323663
0,0.488726139,0.103938252,-0.227892205,0.999997675,0.49377346,0.083391786,-0.205850601,0.999995589,0.497056663,0.08304961,-0.205919385,0.999994695,0.500145316,0.082742319,-0.205972761,0.999994516,0.479943126,0.08344572,-0.207377791,0.999995112,0.474789709,0.083420798,-0.207371593,0.999993503,0.470055044,0.083125263,-0.207316443,0.999994099,0.503279448,0.08967153,-0.068606183,0.999991179,0.461359352,0.08933226,-0.077644065,0.99999249,0.495134413,0.127136111,-0.176156729,0.999993622,0.478220165,0.124924116,-0.179029927,0.999994814,0.531988144,0.210202351,0.008485056,0.999952018,0.422615528,0.206248537,0.00980315,0.999933541,0.56857723,0.327335477,-0.12925379,0.996245921,0.374111831,0.311568141,-0.102449775,0.995276392,0.586921275,0.209857643,-0.384074301,0.997679889,0.34414655,0.201126695,-0.370386034,0.997088492,0.591621101,0.181661338,-0.434025913,0.990845978,0.338816345,0.171585739,-0.420209646,0.99016124,0.588179231,0.173346803,-0.430622339,0.990296483,0.345038116,0.159114167,-0.422863305,0.989940345,0.584881425,0.183361754,-0.389776289,0.986227512,0.348582864,0.168509468,-0.37876448,0.986703515,0.506891727,0.507593393,-0.001966916,0.999494493,0.441150904,0.51248163,0.001956385,0.999514699,0.529829264,0.73657006,0.022516534,0.993817806,0.429670095,0.748088896,0.013933788,0.994300485,0.557359219,0.945397437,0.150747687,0.989674807,0.416508913,0.955365777,0.140910804,0.991309106,0.550320745,0.974632263,0.155020237,0.912674785,0.421769798,0.9770419,0.145760447,0.89566803,0.574687302,1.005570889,0.011676209,0.985551715,0.40846023,1.013621569,0.000380393,0.983878553
0,0.474020302,0.193383023,-0.15956828,0.99999851,0.476662099,0.174551025,-0.141230896,0.999997437,0.479570448,0.173682556,-0.141310692,0.999997139,0.482349932,0.172419637,-0.141347021,0.999996781,0.466170311,0.173580274,-0.146719605,0.999996543,0.461316109,0.172180086,-0.146702379,0.999995172,0.455916166,0.171348274,-0.146649569,0.999995232,0.482947767,0.173835456,-0.022133917,0.99999553,0.444245398,0.174155444,-0.048145927,0.999995768,0.477398217,0.211864278,-0.113726035,0.999994278,0.466730535,0.211418748,-0.121269181,0.999995649,0.500951588,0.272711813,0.033959296,0.999967933,0.408327669,0.266011655,0.021455782,0.999961197,0.52383697,0.355775148,-0.117203854,0.985769033,0.361197114,0.346084207,-0.013767859,0.997134387,0.561175466,0.275628686,-0.404010206,0.995705128,0.316603005,0.270706832,-0.152789921,0.998290241,0.571315885,0.255339622,-0.453101695,0.989106357,0.306480587,0.249105707,-0.181559965,0.994699836,0.566183805,0.246912941,-0.462344497,0.988867342,0.311016619,0.237275138,-0.199624524,0.995110571,0.56223619,0.253247857,-0.416873634,0.986447155,0.316028565,0.243537813,-0.16469267,0.993969679,0.476385534,0.545537293,0.002514795,0.99967438,0.418054402,0.548103511,-0.002456035,0.999758959,0.502583385,0.742317736,0.00024472,0.99572587,0.408441693,0.761321425,-0.016240342,0.997749984,0.527218699,0.927301705,0.078800194,0.989846885,0.399831951,0.960877478,0.053455837,0.995200813,0.520799577,0.954957426,0.079993516,0.919729888,0.404485166,0.977008581,0.053450756,0.89800781,0.554462552,0.996039808,-0.041956354,0.985852003,0.3956227,1.014346123,-0.077178106,0.98879379
1,0.482820272,0.623734236,-0.490610927,0.999982536,0.487194866,0.608387947,-0.489684403,0.999977112,0.489736319,0.606072128,-0.489524782,0.999961436,0.492070824,0.603261888,-0.489663213,0.999952197,0.477971137,0.607929826,-0.492764235,0.999984324,0.472807825,0.604804456,-0.492833763,0.999975681,0.468078077,0.600467443,-0.492753357,0.999977469,0.494225115,0.585476279,-0.401293576,0.999954045,0.456904709,0.580155611,-0.415854782,0.999988735,0.483751625,0.626697242,-0.449293047,0.999920666,0.473074019,0.624790251,-0.453675032,0.999963582,0.509097934,0.584073901,-0.242856666,0.998984337,0.415108114,0.595804572,-0.291007817,0.999944389,0.538738132,0.590539873,-0.06678015,0.961270809,0.362052143,0.615813375,-0.20243609,0.995883226,0.570445657,0.567916214,0.096595071,0.978832006,0.330409437,0.591295481,-0.12741904,0.995054185,0.579782605,0.555496037,0.130782008,0.96020329,0.323052257,0.572967529,-0.116375946,0.983551025,0.57888037,0.550429463,0.112557232,0.962296844,0.327751249,0.567005515,-0.133865759,0.984727859,0.575251102,0.555869758,0.094855554,0.967105091,0.331218332,0.574590147,-0.131792262,0.984390855,0.477274507,0.722595572,0.015674027,0.998647869,0.420612276,0.723554373,-0.015932998,0.999239087,0.542417407,0.784710467,-0.210603327,0.994775414,0.380752981,0.809769213,-0.26241228,0.991770327,0.526302278,0.930627704,-0.087161824,0.980392754,0.400722593,0.95774579,-0.158660263,0.994951904,0.514046311,0.951829553,-0.078534037,0.962860584,0.410659939,0.976212919,-0.150129274,0.971636057,0.553130388,0.988471746,-0.153599501,0.965062201,0.387512505,1.004961252,-0.247152537,0.987508774
0,0.467960924,0.178463921,-0.16404961,0.999998093,0.471418083,0.158172995,-0.145382077,0.999996543,0.47434029,0.157741338,-0.145451576,0.999996364,0.477614343,0.157565325,-0.145501018,0.999995887,0.460276753,0.159260765,-0.147336289,0.99999553,0.454909086,0.15937008,-0.147319734,0.999993861,0.450653076,0.159744039,-0.147267595,0.999993265,0.479717404,0.163246185,-0.027884856,0.999994993,0.441727012,0.165830806,-0.03788019,0.99999398,0.4724316,0.197811738,-0.119579867,0.999994397,0.458906978,0.196195602,-0.122693859,0.999994993,0.502734542,0.273289263,0.028671887,0.999968112,0.407041699,0.265833229,0.02979511,0.999952793,0.523825169,0.369232476,-0.125566125,0.992375731,0.361761391,0.352139533,-0.057429232,0.996217132,0.560603261,0.277463585,-0.390463531,0.997352421,0.316152811,0.2741898,-0.2689448,0.997749209,0.568291426,0.252255082,-0.438319027,0.991946161,0.306299001,0.253914475,-0.307228923,0.993048489,0.564939141,0.244474471,-0.440814167,0.991696298,0.310895354,0.242099196,-0.318700284,0.993392348,0.562259316,0.251596153,-0.39925465,0.98932308,0.31584996,0.247266427,-0.280269146,0.991895616,0.48029685,0.543565392,0.001329606,0.999606431,0.422712237,0.550521076,-0.001272187,0.999681294,0.506961942,0.739097059,0.00930333,0.995607316,0.409186542,0.761403501,-0.009031122,0.996981382,0.526718497,0.923181891,0.116365924,0.988082409,0.399340481,0.957274854,0.08267127,0.993622184,0.517909884,0.953723371,0.120107487,0.913215518,0.404142857,0.974521697,0.085071571,0.88320905,0.554646373,0.989065647,-0.000226677,0.982726634,0.391450256,1.0138973,-0.044877324,0.985325694
1,0.480745256,0.612555802,-0.450021416,0.999986231,0.486275673,0.598792732,-0.449560165,0.999986112,0.488838911,0.596908808,-0.449473083,0.999974489,0.491350979,0.594638824,-0.449586928,0.999970138,0.476639122,0.59684515,-0.452450931,0.999989927,0.472528636,0.593333781,-0.452504158,0.999982119,0.46800369,0.589047551,-0.452451557,0.999984741,0.493639141,0.579149961,-0.367071569,0.999962926,0.457974017,0.571858704,-0.381259859,0.999989867,0.48292613,0.618723273,-0.410925716,0.999949515,0.471378624,0.616941094,-0.415148795,0.999975443,0.508612812,0.591283739,-0.237795115,0.999391675,0.41574946,0.597759902,-0.264882326,0.999928713,0.534878373,0.602002263,-0.149772078,0.965655386,0.365537703,0.626582742,-0.216801614,0.992686391,0.569437385,0.568946302,-0.102950118,0.987698317,0.328909069,0.599881947,-0.222469538,0.994578421,0.5784688,0.554956675,-0.096119002,0.977151275,0.318890452,0.583118916,-0.229514048,0.98505646,0.576830566,0.547035277,-0.11438556,0.978980482,0.323321193,0.575386286,-0.249124795,0.986696661,0.572974324,0.552327633,-0.108790562,0.980607808,0.326955646,0.582480729,-0.230644301,0.987192869,0.479920685,0.720282495,0.014179704,0.99880904,0.423011392,0.718576133,-0.014271197,0.9991467,0.542251825,0.782310426,-0.219580978,0.992796659,0.381677598,0.808729231,-0.273038805,0.986433923,0.526483655,0.934005558,-0.135039195,0.984752297,0.401187181,0.957627416,-0.193032354,0.992964804,0.514469624,0.95382452,-0.131004006,0.967770934,0.410828024,0.977795422,-0.188027859,0.963911712,0.552209496,0.991688311,-0.215077966,0.972268879,0.388647288,1.005437851,-0.290614694,0.982618928
0,0.471287906,0.175655425,-0.155612066,0.999997854,0.474657208,0.155064762,-0.136726841,0.999995768,0.477588981,0.154764965,-0.136792406,0.999995649,0.480838954,0.154765189,-0.136816353,0.999995053,0.46342364,0.156476602,-0.138429895,0.999994695,0.457919121,0.156991661,-0.138427004,0.999993145,0.453555524,0.157686159,-0.138380826,0.999992549,0.482167661,0.16095449,-0.023086067,0.999992728,0.444094807,0.164039239,-0.032091282,0.999992132,0.47558862,0.195415407,-0.113299727,0.999991894,0.461893171,0.194092155,-0.116075024,0.999993026,0.503474355,0.274538428,0.019923586,0.999952793,0.407904923,0.264848739,0.029359633,0.999935031,0.525923908,0.368140489,-0.160697013,0.991076171,0.36196062,0.354744285,-0.063832961,0.996261597,0.562136769,0.278639674,-0.442259312,0.996915638,0.316683024,0.276676208,-0.268071592,0.997810066,0.568783104,0.25569281,-0.491082013,0.991186559,0.307566673,0.254929751,-0.305018038,0.993191779,0.565443158,0.248295486,-0.493222624,0.991031945,0.312211663,0.243095487,-0.31435743,0.993595839,0.562931299,0.255292416,-0.45142445,0.988642335,0.317015886,0.24816604,-0.278493762,0.992166102,0.48053202,0.544098556,-0.000610272,0.999536574,0.423272371,0.549018681,0.000642651,0.999629319,0.503487706,0.740154326,0.014107573,0.994640827,0.410607159,0.759322524,-0.002952416,0.996721864,0.526934564,0.92441678,0.110167384,0.987378776,0.400503576,0.951721966,0.083177947,0.993127465,0.518511355,0.953896165,0.113365039,0.904938459,0.405072272,0.970860362,0.08505179,0.878208101,0.55399102,0.990640104,-0.007156909,0.982033789,0.393001735,1.008391261,-0.042332459,0.984173477
1,0.486932844,0.592145562,-0.414101928,0.999997258,0.492525816,0.575357378,-0.407052457,0.999997377,0.494951636,0.574345291,-0.406969368,0.999996662,0.497005701,0.572869599,-0.407076657,0.99999547,0.482676119,0.573019505,-0.412792981,0.99999696,0.478001654,0.56994009,-0.412883431,0.999995351,0.473559618,0.566135108,-0.412796795,0.999993742,0.496751308,0.559168994,-0.301310003,0.99999553,0.461386979,0.551844954,-0.332091212,0.999997437,0.488866031,0.604363561,-0.369228542,0.999990761,0.476654142,0.603546858,-0.377605766,0.999993205,0.510746539,0.594907701,-0.178266197,0.999846876,0.417523086,0.598097503,-0.21636124,0.999912143,0.536756516,0.620921016,-0.131373957,0.979654431,0.372143328,0.636151254,-0.146399409,0.993950665,0.570629478,0.572949529,-0.170850217,0.995400369,0.330841154,0.601029038,-0.137971789,0.990892589,0.580822229,0.557846129,-0.177102834,0.992687166,0.322084129,0.582327902,-0.141743869,0.980501056,0.57761687,0.551329017,-0.196450785,0.99274087,0.326082021,0.574094713,-0.161895394,0.981735826,0.573060274,0.555775046,-0.178946197,0.991570234,0.329712331,0.58116281,-0.145490289,0.980122685,0.484165519,0.745051324,0.013720962,0.99865061,0.426729381,0.743406177,-0.013644189,0.998835981,0.550179839,0.792863369,-0.218913227,0.993424475,0.379927546,0.826030731,-0.272396982,0.991056561,0.527073383,0.928390324,-0.083630547,0.981214881,0.402190775,0.956272364,-0.151645109,0.99571383,0.514641643,0.951683819,-0.074601158,0.97693187,0.412093461,0.970703125,-0.142949849,0.9761585,0.555217147,0.98853296,-0.150985956,0.96872282,0.38878575,1.001204491,-0.241831586,0.987868667
0,0.476208121,0.195902288,-0.166126966,0.999997973,0.478314102,0.176811054,-0.147889614,0.999996483,0.480923891,0.176189676,-0.147973463,0.999996126,0.48353672,0.175372303,-0.148005947,0.999995708,0.468401819,0.175509468,-0.153941423,0.999995232,0.463089615,0.174053878,-0.153920546,0.999993265,0.457919359,0.173013315,-0.153870225,0.999993265,0.48312664,0.175565735,-0.027570203,0.999993503,0.4453547,0.174836874,-0.055607073,0.999993801,0.478720576,0.214017317,-0.119567528,0.999992013,0.468607187,0.213176265,-0.127866238,0.99999398,0.500765681,0.272886246,0.027997721,0.999962568,0.407997549,0.266566902,0.016417254,0.999953806,0.522366643,0.354980469,-0.132167995,0.980465889,0.361257493,0.345970929,-0.027346203,0.996933997,0.557458878,0.279025167,-0.429220617,0.994799614,0.316701174,0.27186501,-0.17464897,0.998183906,0.568769872,0.256198853,-0.479621261,0.987992764,0.306753576,0.249591842,-0.204395846,0.994445562,0.564067364,0.247314647,-0.48896718,0.987792075,0.311295927,0.23773697,-0.221721932,0.994897783,0.560123801,0.254204005,-0.442291647,0.985207498,0.316208661,0.244134307,-0.186439306,0.99374032,0.476360947,0.545712829,0.002276151,0.999678791,0.417911857,0.548473239,-0.00222313,0.999747276,0.502761841,0.743868351,-0.002481594,0.996182799,0.408384979,0.760693967,-0.01277444,0.998007119,0.527228832,0.927439988,0.078565784,0.991850078,0.399636567,0.960643411,0.060870241,0.996026754,0.520670891,0.954890549,0.07978107,0.926664233,0.404660374,0.976520181,0.061022364,0.911490321,0.554421663,0.995875657,-0.042711634,0.988729775,0.393904746,1.011711597,-0.068265036,0.991064906
1,0.482953727,0.602107048,-0.448584646,0.99998045,0.488046408,0.587664187,-0.447614104,0.99998039,0.490499645,0.585127711,-0.447561562,0.999965549,0.492887646,0.582266867,-0.447698742,0.999962091,0.478122532,0.587718308,-0.452269554,0.999985754,0.474150717,0.585067093,-0.452350557,0.999974906,0.46924004,0.581302404,-0.45231992,0.9999789,0.494605064,0.564955831,-0.36138162,0.999958217,0.458806574,0.563138485,-0.383407116,0.99998796,0.484578371,0.604874372,-0.407821506,0.999930918,0.473459899,0.605214119,-0.414346069,0.999968231,0.508700311,0.581515014,-0.236371011,0.998949766,0.415491909,0.588231981,-0.269451976,0.999908626,0.536255836,0.592922211,-0.192414001,0.971676826,0.365035951,0.610266209,-0.221069008,0.993418634,0.570775628,0.564745843,-0.199915662,0.986865819,0.330529779,0.580111563,-0.223484904,0.993731976,0.579868793,0.550502121,-0.203873366,0.974226713,0.321388125,0.564516962,-0.23270528,0.98161912,0.577968895,0.543997824,-0.221279353,0.976155043,0.32673347,0.559380114,-0.250543833,0.983158827,0.573778272,0.550231814,-0.207370117,0.978037477,0.33053261,0.564918399,-0.231122926,0.982554257,0.478388876,0.720210671,0.015097541,0.998134255,0.421330273,0.719739854,-0.015209151,0.999035478,0.542336345,0.782552063,-0.214143395,0.993866384,0.381165802,0.809887111,-0.281662613,0.990369201,0.5260185,0.928143203,-0.100669995,0.980335593,0.400422156,0.9613415,-0.178096756,0.994372725,0.512705505,0.953532398,-0.093542382,0.968479156,0.410525173,0.979893327,-0.171186894,0.969774067,0.552319288,0.987300515,-0.174011186,0.966477275,0.385003984,1.004274964,-0.273760796,0.985753238
0,0.467773348,0.179578483,-0.16064769,0.999997914,0.471318901,0.159010202,-0.142103791,0.999996245,0.474125236,0.158527985,-0.142175108,0.999996006,0.47745046,0.158346921,-0.142225832,0.99999547,0.460036933,0.160222381,-0.143927515,0.999995112,0.454761833,0.160372615,-0.143910483,0.999993086,0.450460047,0.160682112,-0.143855929,0.999992371,0.479689837,0.164062038,-0.024916036,0.999994755,0.441468298,0.166415408,-0.034568105,0.999993324,0.472049087,0.198817641,-0.116228864,0.999994338,0.458216608,0.197236478,-0.119184032,0.999994934,0.502200425,0.273427039,0.031784974,0.999967456,0.405849516,0.26614669,0.033931758,0.999950051,0.523130715,0.372071922,-0.122268394,0.992595434,0.360774308,0.351970255,-0.051232815,0.99631381,0.560077667,0.281139404,-0.385136068,0.997333169,0.315542191,0.273936987,-0.261880487,0.997781217,0.567846119,0.25570491,-0.432507217,0.991924644,0.306134522,0.253240913,-0.299423158,0.993121803,0.564806163,0.247929275,-0.435604334,0.99165833,0.310769379,0.241180718,-0.311054528,0.993445098,0.562150598,0.255027086,-0.394286931,0.989306986,0.315618396,0.246764198,-0.273363084,0.991962552,0.480094254,0.544240713,0.001193195,0.999604225,0.422439963,0.551199675,-0.001128648,0.999655724,0.508404255,0.741224229,0.008123069,0.995698929,0.409115791,0.762068868,-0.007639726,0.996888101,0.52669239,0.924624324,0.112568952,0.987985671,0.399484336,0.957234204,0.084461078,0.993473411,0.517748713,0.954784334,0.115711972,0.916812956,0.404492378,0.97514987,0.086382024,0.88887018,0.554991364,0.989634097,-0.004011605,0.982440233,0.389454931,1.012264132,-0.041636605,0.985009074
1,0.481061369,0.616280556,-0.46904546,0.999988139,0.486872852,0.600866139,-0.469246238,0.999987721,0.489622682,0.598736703,-0.469148308,0.999977589,0.492226839,0.596212268,-0.46926719,0.99997282,0.477042735,0.599787116,-0.471435845,0.999991298,0.472845703,0.596337497,-0.471485674,0.999984801,0.468221515,0.591818094,-0.47141552,0.999986708,0.494454086,0.580638349,-0.386270016,0.999966443,0.457987547,0.573448241,-0.397831261,0.999991357,0.483774096,0.621148527,-0.429372549,0.999951959,0.471670806,0.619509876,-0.432778299,0.999976814,0.509496212,0.591456115,-0.249152347,0.999383032,0.415821463,0.598953724,-0.271641225,0.99992764,0.535228133,0.601346314,-0.146828458,0.961549103,0.36576426,0.627418399,-0.201868385,0.99167496,0.570163786,0.569152296,-0.085965976,0.986445487,0.328961998,0.600302219,-0.182127804,0.993999779,0.578701496,0.555497348,-0.077007823,0.975598574,0.318439186,0.584761024,-0.183882907,0.983774781,0.577332854,0.547572315,-0.096497737,0.977740586,0.322942674,0.577085376,-0.204311252,0.985582709,0.573946238,0.552618086,-0.091550738,0.979574382,0.326756418,0.583775461,-0.189467549,0.986277223,0.480530977,0.720085502,0.014342388,0.998889863,0.423022181,0.718026757,-0.014442754,0.999174476,0.542147338,0.781634271,-0.231254622,0.993612766,0.381607115,0.80805403,-0.271567494,0.987172782,0.526472926,0.933737874,-0.136728644,0.986976862,0.40127787,0.957256258,-0.191078827,0.993752718,0.514468551,0.953736126,-0.131740376,0.969165027,0.410857588,0.97753197,-0.186019823,0.966272533,0.552178562,0.992153764,-0.219385818,0.97545588,0.388736248,1.005583048,-0.288399577,0.984685123
0,0.472006708,0.176188886,-0.195282608,0.999997854,0.475469768,0.155571848,-0.176575989,0.999995947,0.478315055,0.155313492,-0.176640645,0.999995828,0.481533438,0.155353561,-0.176668495,0.999995112,0.464265883,0.1567581,-0.178851694,0.999994874,0.458773673,0.157119378,-0.17882672,0.999993086,0.454315364,0.157705441,-0.178779691,0.99999243,0.482691109,0.16115278,-0.058839284,0.999993801,0.444689572,0.163772181,-0.06955976,0.999993145,0.476100922,0.19572109,-0.150790185,0.99999398,0.462487519,0.194293737,-0.154139265,0.999994993,0.503492296,0.274489313,-0.002655186,0.999962628,0.407821,0.264026731,0.001568738,0.999945939,0.525938332,0.371415496,-0.170826241,0.992495,0.360030681,0.353574634,-0.089728683,0.99700737,0.562149644,0.281103402,-0.451425493,0.997209072,0.316316098,0.270700127,-0.302796602,0.998124838,0.569368243,0.258384734,-0.500053883,0.991558909,0.307701468,0.249152869,-0.340915412,0.993927419,0.565597475,0.250580698,-0.50159514,0.991321921,0.312856078,0.237032756,-0.350988626,0.994220734,0.562888741,0.257350534,-0.460123479,0.988927662,0.317581117,0.242296919,-0.313650042,0.992846668,0.47984305,0.543939888,0.001766862,0.999456882,0.422310412,0.549504876,-0.001728788,0.999548316,0.504707217,0.738272786,0.015845863,0.99494946,0.409572363,0.761644065,0.000434767,0.996518493,0.526362479,0.925051987,0.128731906,0.986382902,0.400429815,0.952892721,0.100246765,0.992086768,0.518304467,0.953455031,0.132886201,0.902864337,0.405205727,0.971812665,0.103080764,0.8698048,0.552667141,0.988311172,0.008515474,0.980035007,0.393633783,1.009679794,-0.027223468,0.981847882
1,0.488331378,0.601587236,-0.420652926,0.999997079,0.49314785,0.584501207,-0.415641248,0.999996126,0.495077223,0.582953572,-0.415591538,0.99999541,0.496836245,0.580970824,-0.415660471,0.999993622,0.48483181,0.583669066,-0.421737909,0.999995768,0.480257213,0.58138448,-0.42183575,0.999993861,0.475159019,0.577983022,-0.421775639,0.999991477,0.495563686,0.567297637,-0.315506667,0.999994338,0.462095112,0.560538709,-0.344270706,0.99999696,0.489570946,0.611531973,-0.375673711,0.999989867,0.477629989,0.612244189,-0.384207338,0.999993145,0.510548949,0.596711636,-0.201250792,0.999880612,0.416548967,0.598465025,-0.229479715,0.999927282,0.534294128,0.622106135,-0.214016527,0.985874295,0.370250046,0.629872024,-0.184806183,0.996234655,0.570251405,0.576823294,-0.318927109,0.996460021,0.330533653,0.595943451,-0.206639841,0.993902922,0.580143094,0.563799739,-0.336176664,0.993285716,0.322143376,0.580048561,-0.216152593,0.984814942,0.577276826,0.554712653,-0.353701413,0.993116021,0.326243788,0.571546614,-0.235094234,0.985775769,0.572826028,0.559118629,-0.328033447,0.991834819,0.329636037,0.577890694,-0.214617401,0.983842909,0.483307123,0.744232714,0.01438046,0.998456717,0.426466703,0.74319458,-0.014311289,0.998817623,0.549342692,0.793005884,-0.235283524,0.995095372,0.380660802,0.824739158,-0.278450578,0.99398613,0.527402341,0.931290925,-0.095927238,0.986942232,0.401923895,0.957347274,-0.155856922,0.996929705,0.515262604,0.952704608,-0.086935006,0.978899479,0.41234985,0.974145412,-0.14789845,0.977719545,0.554184675,0.990304649,-0.163367718,0.976094306,0.38655442,1.004396677,-0.245768949,0.990023196
1,0.475853026,0.505869389,-0.40659529,0.999998212,0.483155072,0.486460149,-0.402345002,0.99999547,0.488200843,0.48543787,-0.402252108,0.999996185,0.492289633,0.484358042,-0.402354419,0.999994099,0.470172316,0.48530224,-0.398288667,0.999992669,0.466825634,0.483960092,-0.39833945,0.999993682,0.463811487,0.482650965,-0.398265153,0.999991953,0.499853045,0.479938477,-0.312588513,0.999996543,0.460793316,0.47906062,-0.288723797,0.999996066,0.484007269,0.52111578,-0.367637068,0.999996841,0.46987462,0.520151973,-0.361584008,0.999996245,0.531404078,0.533017993,-0.210578755,0.999985218,0.438423395,0.529473007,-0.193061203,0.999978662,0.569294035,0.606547713,-0.311647475,0.99733758,0.404977024,0.595166564,-0.279050797,0.997704506,0.584503412,0.53125912,-0.475973845,0.993428826,0.388442338,0.530329287,-0.452092111,0.997661352,0.591099799,0.510461748,-0.50418216,0.976431251,0.382054031,0.505702913,-0.481721491,0.991068661,0.586641192,0.49971056,-0.498655498,0.974476278,0.386792839,0.496405363,-0.476857483,0.989119351,0.582150161,0.505868793,-0.477785766,0.958259165,0.390682936,0.503345251,-0.453991026,0.980395794,0.514631033,0.702464223,-0.006710342,0.999858081,0.456476748,0.702813268,0.006781085,0.999878705,0.558164716,0.783727705,-0.26959154,0.998319507,0.401192248,0.768920898,-0.242802024,0.998903513,0.541807592,0.893448651,-0.026238989,0.995728195,0.427588701,0.892192006,-0.007152138,0.998014927,0.533088386,0.906157911,-0.006658358,0.956121862,0.437164873,0.900366902,0.011648802,0.980789363,0.54824245,0.968169928,-0.102657855,0.98954922,0.420118481,0.962129295,-0.072737731,0.993765473
0,0.478053033,0.180402309,-0.144740298,0.999995172,0.485763162,0.159880102,-0.134760365,0.999989629,0.490879953,0.158258498,-0.134767503,0.999988019,0.495136112,0.157131761,-0.134815082,0.9999879,0.471932888,0.162732989,-0.12745972,0.999985158,0.467573643,0.162246794,-0.127432883,0.999980271,0.464486837,0.162065193,-0.127386361,0.999983549,0.502986729,0.157697305,-0.038224611,0.999986947,0.46200341,0.162494481,-0.00310478,0.999979138,0.488244385,0.198816359,-0.105388403,0.999993145,0.470892966,0.201523572,-0.095596448,0.999991357,0.536409795,0.245535791,0.032683436,0.999989092,0.443002641,0.23770605,0.075436257,0.999958932,0.573144555,0.334003121,-0.082536876,0.997180998,0.404360682,0.328071177,-0.027007412,0.994302928,0.59007895,0.230221808,-0.27889362,0.997334719,0.392100394,0.227445364,-0.256559253,0.997137189,0.596065879,0.20753032,-0.316369355,0.99037075,0.387016863,0.205470771,-0.301799268,0.989312768,0.590967119,0.199122578,-0.316089928,0.989767194,0.392679751,0.196173429,-0.297375262,0.988798976,0.58734268,0.207241043,-0.283905178,0.985211134,0.39655596,0.204150289,-0.262755632,0.985507727,0.517530739,0.501031995,-0.013753934,0.999800146,0.456769466,0.501663685,0.013712424,0.999722958,0.527881801,0.702162623,-0.058832098,0.99665457,0.44108215,0.709512115,-0.038214471,0.995903611,0.541785359,0.890583098,0.069311813,0.992085218,0.427907377,0.885850787,0.082810752,0.990475476,0.538548589,0.908655643,0.075017594,0.82216686,0.431583732,0.903363824,0.088714287,0.884616733,0.544161201,0.968178451,-0.065641046,0.984753788,0.421915233,0.960516274,-0.039530348,0.983056903
1,0.479110539,0.506084085,-0.422606319,0.999998748,0.486538321,0.485822886,-0.417919964,0.999996841,0.491438776,0.484642416,-0.417827755,0.999997437,0.495175064,0.48324886,-0.417940199,0.999995768,0.473141283,0.485354245,-0.413743585,0.999994934,0.469513327,0.48421827,-0.413797468,0.999995768,0.466430515,0.483049482,-0.413712174,0.999994457,0.503347516,0.478334099,-0.326206803,0.999997795,0.463413239,0.479738832,-0.304658175,0.999997318,0.487443537,0.521766722,-0.382919133,0.999998152,0.472885281,0.520815849,-0.377036661,0.999997914,0.536003113,0.535413027,-0.216206074,0.999984682,0.441236794,0.528722525,-0.193098202,0.999979377,0.573524237,0.609950423,-0.295300215,0.997080147,0.409448773,0.594938636,-0.233718991,0.997807205,0.58860445,0.535119355,-0.442843735,0.992568612,0.392326653,0.526121616,-0.364134371,0.997571826,0.596262157,0.513956726,-0.466793776,0.974457204,0.385054857,0.500705302,-0.386237264,0.990867257,0.59110254,0.50292033,-0.464147657,0.972272754,0.389655918,0.492245555,-0.384216845,0.988716185,0.586804986,0.510328948,-0.444504261,0.953505933,0.393611133,0.499463767,-0.365331441,0.979106247,0.517172694,0.697550952,-0.005635663,0.999862731,0.459329665,0.694881797,0.005666279,0.999874949,0.563892066,0.771492362,-0.301954925,0.998181939,0.404878944,0.766922534,-0.265708536,0.998765767,0.542667568,0.89502269,-0.072512321,0.995039046,0.428257078,0.89239186,-0.043555714,0.997869074,0.532521367,0.907398641,-0.054939669,0.955740213,0.437906414,0.902479827,-0.026697507,0.980056465,0.547353148,0.968738556,-0.164188311,0.988668978,0.419144303,0.961747408,-0.125925586,0.993312716
0,0.475826412,0.178532332,-0.13429524,0.999993682,0.484343708,0.158687234,-0.125260264,0.999986112,0.4892869,0.156930611,-0.125270858,0.999983907,0.494200647,0.155882567,-0.125315294,0.999983788,0.470422447,0.161153242,-0.116246141,0.999981046,0.466670096,0.160869464,-0.116227344,0.999974847,0.463782012,0.160737202,-0.116196118,0.999979734,0.501837492,0.15671429,-0.03373576,0.999980688,0.461753607,0.16078642,0.009121305,0.999972701,0.485955626,0.197039559,-0.096835658,0.999989748,0.468743652,0.198819906,-0.084832057,0.999988139,0.536310315,0.245602041,0.035019286,0.999986172,0.44223699,0.234053314,0.084794357,0.999959648,0.571530938,0.334437549,-0.081838138,0.996898949,0.402598083,0.323660493,-0.015686285,0.994310737,0.589880824,0.23457031,-0.268457055,0.997023463,0.390220642,0.225306526,-0.240880683,0.99703902,0.595410049,0.210078701,-0.303943276,0.989267826,0.386264384,0.201939821,-0.282564223,0.988714874,0.590059578,0.199492946,-0.303905398,0.988635361,0.391988248,0.193947494,-0.276756078,0.988087654,0.586551964,0.20841302,-0.27355051,0.983808339,0.395659387,0.20288457,-0.246054098,0.984660387,0.518564165,0.500864267,-0.014072724,0.999745905,0.457544565,0.502059877,0.014046093,0.999656141,0.525794327,0.701208353,-0.053700447,0.996415257,0.441609859,0.70588237,-0.024173476,0.995424271,0.541904151,0.88884598,0.052097183,0.991792858,0.427374601,0.882961035,0.0936165,0.990328372,0.539241195,0.908092439,0.055667568,0.821472704,0.429986537,0.901455581,0.099690624,0.880009055,0.543464184,0.966061234,-0.08321996,0.983723998,0.421357691,0.958635449,-0.023165667,0.982559741
1,0.471722603,0.498504102,-0.405723333,0.999997854,0.47895211,0.479268044,-0.399952233,0.999994814,0.484102488,0.478203952,-0.399873972,0.999995708,0.48820585,0.477159172,-0.399998248,0.999993026,0.465598732,0.478610873,-0.396083772,0.999991417,0.462347507,0.477379024,-0.396141589,0.999992847,0.459175646,0.476231128,-0.396077663,0.999990761,0.494616359,0.474068612,-0.305352211,0.999996483,0.455104649,0.473485768,-0.285026222,0.999995828,0.480568022,0.514637828,-0.364965141,0.999997437,0.466144025,0.514611006,-0.359460533,0.999996781,0.526958764,0.527810156,-0.198188409,0.999984503,0.432634652,0.525591433,-0.175694436,0.999977708,0.56877017,0.606638014,-0.290793419,0.996991575,0.398812741,0.593987584,-0.239401698,0.997873545,0.581800342,0.523737967,-0.447983801,0.991494656,0.383287728,0.521651387,-0.397947133,0.997167706,0.587123632,0.50138402,-0.473403752,0.970071435,0.376642525,0.497741312,-0.424469709,0.989041448,0.581603706,0.491572708,-0.468394935,0.967285812,0.381033331,0.489714891,-0.421091706,0.98658365,0.577608645,0.498587191,-0.448946536,0.945050299,0.385176092,0.496831119,-0.399530649,0.974914312,0.51179117,0.692865133,-0.006892334,0.999834955,0.452615738,0.693593025,0.006949432,0.999848127,0.553928614,0.769031882,-0.327375263,0.997829974,0.40083313,0.760546386,-0.277819633,0.998591959,0.541506171,0.898519039,-0.110000059,0.994468689,0.426084131,0.894498527,-0.070644453,0.997730136,0.531752348,0.911199689,-0.094158076,0.945705652,0.436186552,0.907233357,-0.05487407,0.977759123,0.547507524,0.971054733,-0.213461995,0.98768872,0.418300003,0.963068306,-0.162354797,0.993106127
0,0.478442967,0.179641575,-0.151418433,0.999995708,0.486409843,0.158961192,-0.142232805,0.999990582,0.491397291,0.157507032,-0.142240912,0.999989152,0.495248705,0.156313851,-0.142285898,0.999989092,0.473397315,0.160701767,-0.134845167,0.999987006,0.469367206,0.160154283,-0.134816855,0.999982715,0.465575457,0.159871608,-0.134782225,0.999985278,0.503472447,0.156764761,-0.047895305,0.999987543,0.463632524,0.159667581,-0.012355043,0.99998194,0.488303274,0.198118016,-0.112660095,0.99999398,0.471425295,0.199467719,-0.102777638,0.999992371,0.537049294,0.246688098,0.024577329,0.999988914,0.444424927,0.235689878,0.063739851,0.999963403,0.574218273,0.338182181,-0.092704043,0.997245789,0.404837757,0.328771114,-0.036074169,0.994374931,0.59118402,0.22961846,-0.290926874,0.997338057,0.393368542,0.2276126,-0.265119374,0.997091413,0.598107815,0.208475605,-0.327294886,0.990381777,0.388087898,0.205412552,-0.309073627,0.98913151,0.59248513,0.19979237,-0.326104105,0.989786088,0.393876195,0.196796313,-0.305631578,0.988508523,0.588668227,0.206729546,-0.295483828,0.985359132,0.398187429,0.205133379,-0.271340847,0.985058486,0.518384933,0.506408274,-0.012858436,0.999806523,0.457837909,0.506606817,0.012837732,0.99972254,0.528968215,0.705991745,-0.051491123,0.996877551,0.442046165,0.708981216,-0.014920351,0.996146739,0.542569637,0.89451766,0.061705552,0.992401361,0.428494394,0.88361299,0.12015681,0.989840925,0.53875941,0.913752556,0.066620924,0.832435787,0.432199299,0.901696324,0.128356516,0.879632533,0.544322908,0.968226194,-0.073118247,0.984896779,0.422447354,0.959808707,0.008456519,0.982087195
1,0.361014277,0.470924914,-0.311543047,0.999109626,0.362905204,0.450461358,-0.33190459,0.999589443,0.364960074,0.449916929,-0.33189553,0.999620914,0.367200822,0.449066371,-0.332056373,0.999707341,0.360680759,0.449434459,-0.305984527,0.999290347,0.361167461,0.448144913,-0.306054771,0.999264538,0.361681044,0.446820706,-0.306057513,0.999283433,0.387127936,0.448638588,-0.363688022,0.999679685,0.38039878,0.446221024,-0.245174766,0.999279201,0.370113909,0.487086147,-0.317154199,0.999482214,0.3678146,0.486527085,-0.282836586,0.998540223,0.440927267,0.52450937,-0.350506216,0.999689519,0.413135827,0.48794958,-0.140530288,0.996618688,0.499300092,0.618678689,-0.249240011,0.53358686,0.487300932,0.589693606,-0.022220394,0.017385259,0.514757693,0.651093185,-0.09628199,0.251663923,0.505623937,0.642328918,0.043512423,0.015610564,0.520085037,0.654587686,-0.098130211,0.26180464,0.511054516,0.653068721,0.053065497,0.024368634,0.514388084,0.649459481,-0.113704041,0.282983929,0.505815387,0.652158976,0.035812695,0.025372401,0.513052702,0.646303773,-0.09870562,0.299731225,0.505145192,0.64830792,0.038427792,0.029838892,0.513957024,0.695563078,-0.078123607,0.999931693,0.478857368,0.634588182,0.078082912,0.999675751,0.406133562,0.739931822,-0.060917735,0.916608334,0.395920187,0.680871129,0.201050833,0.437219828,0.472057521,0.889233172,0.10117422,0.877489567,0.449210644,0.790663123,0.363796115,0.48046425,0.492759556,0.907684922,0.119392313,0.756238818,0.465972036,0.798075855,0.381735504,0.41677466,0.434727967,0.955171466,0.123942874,0.867990375,0.41358462,0.867129683,0.41386652,0.570397377
0,0.372734129,0.160025582,-0.13690567,0.952372074,0.374487787,0.145843968,-0.153594598,0.966418684,0.375886291,0.145731091,-0.153618157,0.975327015,0.37741524,0.145624056,-0.153685451,0.97896564,0.373366475,0.146015584,-0.124547973,0.9525159,0.373782754,0.146136522,-0.124552928,0.948723674,0.374134839,0.146453068,-0.12467929,0.949698627,0.392506421,0.153957024,-0.183194131,0.96206671,0.386605918,0.15383932,-0.050049923,0.940047383,0.38187626,0.177157745,-0.144354522,0.957823992,0.379591733,0.178571016,-0.106001198,0.903931618,0.433232963,0.238403782,-0.220444515,0.996252656,0.401500553,0.23643288,0.032139596,0.919130802,0.430179209,0.205748558,-0.370898187,0.882850051,0.374539077,0.185585082,0.181018025,0.047281917,0.411824763,0.150478095,-0.446715921,0.478787065,0.371086955,0.113125429,0.278127223,0.062923469,0.409134209,0.137662396,-0.481969059,0.464892715,0.371139348,0.095817484,0.292572677,0.089623533,0.410844386,0.139228165,-0.462798446,0.457088888,0.37466377,0.100423463,0.280275732,0.092386968,0.41151619,0.146189347,-0.442520916,0.383972317,0.374155521,0.106270611,0.27423659,0.094235577,0.47568363,0.477896869,-0.100036226,0.999822676,0.446447551,0.475758493,0.10016147,0.998494864,0.456516176,0.692667961,-0.181996658,0.988822758,0.431886256,0.663389146,0.261357069,0.580544889,0.475658596,0.887822807,-0.255005866,0.992235184,0.447893918,0.834734678,0.436118364,0.642609537,0.492721647,0.925433934,-0.264631569,0.970672607,0.458283752,0.856633186,0.449728161,0.61272043,0.437174022,0.967383981,-0.379419744,0.98659426,0.406858832,0.887853563,0.403426707,0.761276543
1,0.364154786,0.464788109,-0.301620275,0.99953413,0.367103785,0.443041623,-0.321030676,0.999707699,0.369619101,0.441996723,-0.320998728,0.999749184,0.372346163,0.440829337,-0.321112573,0.999789834,0.363544703,0.443558961,-0.296221554,0.999515712,0.36329788,0.443003088,-0.296278,0.999513447,0.362941861,0.442384094,-0.296264946,0.999505818,0.392770559,0.44254142,-0.348660678,0.999760687,0.381130993,0.442714572,-0.236991376,0.999564767,0.374891818,0.481190503,-0.306243777,0.99971199,0.370424509,0.481799155,-0.273630708,0.999113798,0.447993338,0.522176206,-0.337857276,0.999813616,0.418092251,0.489831626,-0.136354133,0.998021662,0.504941583,0.629062474,-0.2433438,0.67344898,0.488357365,0.589930534,-0.025210213,0.028348288,0.514939427,0.662219048,-0.101765141,0.307430267,0.509541869,0.639538825,0.041808214,0.01914683,0.518352151,0.662308931,-0.103579022,0.296157211,0.515459836,0.65325141,0.052255183,0.027121857,0.516558766,0.658331633,-0.119081125,0.316844761,0.512801051,0.651725709,0.036728758,0.027955361,0.512372553,0.652527928,-0.104289412,0.337074637,0.511677921,0.646885633,0.037641946,0.033642378,0.512742758,0.682575881,-0.077334493,0.99994725,0.482148647,0.637767732,0.077345267,0.999791384,0.416544825,0.737631083,-0.103754327,0.944731951,0.401454866,0.675205469,0.200438887,0.517887473,0.471524298,0.88997978,0.035013966,0.911525965,0.44393006,0.796205282,0.34812367,0.594054341,0.486117452,0.911929846,0.051160861,0.796224356,0.456757724,0.816186249,0.363803357,0.508106887,0.43605423,0.95008713,0.047946356,0.900561571,0.411340535,0.872458637,0.391827285,0.658459544
0,0.370216906,0.165544018,-0.13234508,0.978622258,0.372273684,0.147734568,-0.146725386,0.984201491,0.373930633,0.146904349,-0.146744192,0.987940907,0.375670224,0.145929858,-0.146797508,0.989727557,0.370614827,0.1486343,-0.119316317,0.978253901,0.370950848,0.148928657,-0.119325042,0.975136578,0.371140152,0.149211705,-0.119453885,0.975026786,0.390407503,0.149740934,-0.164802358,0.980906665,0.38301605,0.153964713,-0.03957919,0.972461343,0.379368186,0.180170357,-0.135298714,0.980122089,0.376529753,0.182974517,-0.099137165,0.952299774,0.432052672,0.230439648,-0.19080618,0.996277153,0.398937911,0.238605991,0.041203182,0.936352193,0.427025259,0.208748162,-0.348310828,0.888099134,0.358122915,0.205807149,0.18055132,0.058593489,0.396357954,0.157162726,-0.440747499,0.499148637,0.343001664,0.153682366,0.25753814,0.073019259,0.389453202,0.146165684,-0.473877966,0.488513291,0.339153349,0.144636959,0.266952097,0.098768473,0.390226483,0.142894,-0.468108505,0.482071519,0.342074186,0.146393225,0.253896087,0.102272764,0.392209947,0.149461105,-0.440984428,0.400750726,0.343205363,0.15037936,0.252071977,0.102211364,0.465583622,0.476197064,-0.086573347,0.999845624,0.436024338,0.480748236,0.086669281,0.998625636,0.461319774,0.688915253,-0.190816283,0.98884201,0.429596275,0.654546857,0.228199363,0.546185553,0.484062493,0.894196332,-0.275114298,0.994054019,0.444297493,0.836875379,0.390006483,0.68603611,0.496334732,0.922210038,-0.28809914,0.974041104,0.455020428,0.859216809,0.40069896,0.622118235,0.444271326,0.964499891,-0.412794739,0.990321934,0.405410618,0.887222528,0.346060783,0.808832109
1,0.364641786,0.468277097,-0.29987222,0.99934417,0.36779508,0.444776237,-0.318576366,0.999593675,0.370247424,0.443312287,-0.318545401,0.999647856,0.373064667,0.441405177,-0.318679482,0.999701798,0.363941342,0.446013391,-0.295729756,0.999333024,0.363437146,0.445395112,-0.295778304,0.99935317,0.362901628,0.444619864,-0.295746624,0.999315441,0.39131856,0.438887954,-0.338608742,0.999659419,0.37992391,0.442252189,-0.235320017,0.999365866,0.375820428,0.481602341,-0.301000416,0.999601781,0.371093214,0.484161168,-0.270979077,0.998850524,0.450608253,0.51051271,-0.32475549,0.999827564,0.411799341,0.501958191,-0.133198246,0.998101413,0.504283547,0.624105215,-0.212493151,0.620634973,0.480111271,0.60104543,-0.0079293,0.030969733,0.512979269,0.65423429,-0.05827304,0.262018591,0.510655999,0.633456171,0.087587193,0.018121038,0.517089248,0.655424953,-0.055159342,0.264947981,0.513960719,0.647356033,0.100466952,0.026568476,0.512088954,0.648122311,-0.073300272,0.285102576,0.511807084,0.647383571,0.090236552,0.027212899,0.510617375,0.648801982,-0.06083408,0.311398327,0.509017706,0.646786571,0.086549237,0.032187369,0.519975007,0.670993447,-0.077948526,0.999945402,0.482399076,0.630621314,0.077921145,0.999797583,0.415842861,0.733149707,-0.161399856,0.947166979,0.399680406,0.678053737,0.154955551,0.570422113,0.470825136,0.891095161,0.021905076,0.904129386,0.442864746,0.820464134,0.286583215,0.662528157,0.488984913,0.909469783,0.043704994,0.790891886,0.458991051,0.805756569,0.301742852,0.564413249,0.438981533,0.953247011,0.047643133,0.898139417,0.40933767,0.876393139,0.326755226,0.726147354
0,0.384056896,0.16682972,-0.110500671,0.979087889,0.38716656,0.145596519,-0.118567325,0.984101951,0.389245808,0.14436318,-0.118618466,0.986400127,0.391416758,0.143069416,-0.118728496,0.988134861,0.383746952,0.148177013,-0.094584301,0.982087493,0.383465022,0.148667917,-0.09457875,0.976472199,0.383154988,0.149192244,-0.094737977,0.977632105,0.406736612,0.147327974,-0.129215837,0.978819668,0.394078046,0.152851373,-0.007188763,0.973688543,0.393378168,0.182854339,-0.108208343,0.974253654,0.388694555,0.186161488,-0.070331544,0.94641763,0.442956269,0.230941758,-0.153000474,0.99145633,0.411925256,0.244740024,0.07638865,0.935759366,0.438070595,0.22051239,-0.304000467,0.784175932,0.385577589,0.211876601,0.219312519,0.048374418,0.405112505,0.180293888,-0.39079529,0.230136946,0.37127322,0.152714729,0.282382727,0.053570949,0.397258788,0.172881991,-0.417325079,0.236630648,0.366771668,0.140613824,0.292469889,0.073761605,0.399882823,0.170495719,-0.412705958,0.234339535,0.367243707,0.140068203,0.276180148,0.077857785,0.402160704,0.175705373,-0.390560925,0.193908617,0.368575931,0.144524619,0.276071727,0.076233409,0.470935345,0.481850296,-0.084705874,0.999850452,0.441574991,0.486196339,0.084795758,0.998813808,0.472063631,0.689834952,-0.219631821,0.983180702,0.438048303,0.664724648,0.211187243,0.573488772,0.485365778,0.895472944,-0.313334674,0.993840456,0.446038902,0.839668632,0.361131817,0.71135515,0.49556011,0.924805462,-0.327618152,0.974946916,0.456933916,0.863931179,0.369965017,0.653288722,0.445591062,0.96386075,-0.45685792,0.991860867,0.408503681,0.890152514,0.311363995,0.825008035
1,0.484153181,0.47539711,-0.233831197,0.999997139,0.491643727,0.458309889,-0.216728061,0.999994099,0.495507777,0.458584368,-0.216673166,0.999994874,0.499095917,0.459194183,-0.216778427,0.999992311,0.477624267,0.458375663,-0.215692088,0.999992669,0.473269284,0.458597451,-0.215752453,0.999994576,0.470569432,0.45889765,-0.215745211,0.999993563,0.506281734,0.469237655,-0.126756296,0.999994576,0.466647476,0.468164057,-0.121168099,0.999993801,0.49246636,0.495139807,-0.201692075,0.999996841,0.475370109,0.49553743,-0.200226068,0.999996424,0.535031617,0.566164136,-0.070310533,0.999852419,0.439505428,0.567308187,-0.077880785,0.99987179,0.572773218,0.675810635,-0.093828812,0.991227686,0.408411503,0.676067412,-0.177129209,0.99310112,0.573214591,0.567325473,-0.130180448,0.991738141,0.406093687,0.565679431,-0.33164382,0.996301472,0.577383697,0.550651312,-0.132573992,0.970234931,0.398880512,0.546511233,-0.356839508,0.987625599,0.574027658,0.542935491,-0.11960391,0.965500891,0.401551783,0.538839877,-0.345027506,0.984465897,0.570224762,0.549176157,-0.124243759,0.949968755,0.405790418,0.545609534,-0.330857188,0.973490715,0.516247571,0.76058197,0.001942283,0.999885917,0.457177788,0.758701146,-0.002027143,0.999894142,0.571513653,0.787384868,-0.314877421,0.998583794,0.399116933,0.788701534,-0.282715261,0.998379707,0.538149476,0.9005844,-0.058080889,0.991844654,0.426586062,0.905038297,-0.016230188,0.996027827,0.527204871,0.911930621,-0.035056468,0.953470051,0.435611784,0.916429162,0.009608385,0.968045115,0.544820607,0.979750216,-0.124776959,0.988461196,0.41812402,0.97964716,-0.067569345,0.992157996
0,0.483030736,0.133205444,-0.106053196,0.999996901,0.490554899,0.114808202,-0.088608459,0.999994874,0.495573938,0.115107641,-0.088602975,0.999993682,0.498995841,0.11552123,-0.088629194,0.999994397,0.476955324,0.116753131,-0.085006393,0.999993503,0.472490221,0.117435411,-0.084968805,0.999991834,0.468819082,0.118216366,-0.084908783,0.999993086,0.506108046,0.1269954,0.015292659,0.999991417,0.46484375,0.127875894,0.03184519,0.999988139,0.49333629,0.152796075,-0.067474857,0.999993384,0.475960642,0.152413711,-0.062807918,0.999992192,0.536697924,0.235609561,0.05243358,0.999948263,0.443182051,0.232656419,0.067718565,0.999866962,0.577942252,0.30340293,-0.128627047,0.994154155,0.405331463,0.30607143,-0.097665206,0.986870885,0.573722959,0.198085636,-0.346331626,0.995626211,0.401446819,0.20461227,-0.346564233,0.993783057,0.577006996,0.18283096,-0.389986932,0.986284137,0.395835459,0.187771335,-0.396628916,0.98279953,0.572285771,0.17559886,-0.381747693,0.985034227,0.399992943,0.180856749,-0.391640127,0.981952667,0.56945014,0.184821695,-0.349459261,0.97940594,0.404147089,0.189136058,-0.352744758,0.97693193,0.516007543,0.500081122,-0.006299996,0.999853849,0.45361042,0.496722072,0.006213172,0.999784768,0.524072707,0.706026375,-0.033078156,0.996423781,0.443146229,0.710317612,-0.023578482,0.995954394,0.536703825,0.900505126,0.066226788,0.991578937,0.428818136,0.894496322,0.085549347,0.990081131,0.530843437,0.920854628,0.068473436,0.805241644,0.433080137,0.912834227,0.090187795,0.838979542,0.541789055,0.980850816,-0.070831142,0.984849274,0.419037104,0.97103405,-0.03427957,0.981987059
1,0.478308856,0.46284306,-0.126814604,0.999995589,0.485454708,0.446108133,-0.108818576,0.999991655,0.489711285,0.446713895,-0.108775675,0.99999094,0.492852062,0.447669804,-0.108858131,0.999990582,0.472249508,0.44544521,-0.105801776,0.999988854,0.468180895,0.445526212,-0.10582155,0.999989033,0.465544522,0.44586426,-0.105813824,0.99998951,0.499946535,0.457482517,-0.025911983,0.99998796,0.461933076,0.455574423,-0.012178571,0.999986768,0.486635923,0.483113736,-0.098468907,0.999993324,0.470387042,0.482754588,-0.094697185,0.999991477,0.529188097,0.554482281,0.01212434,0.999858797,0.43776077,0.549074292,0.004508139,0.999846578,0.567101836,0.63528198,0.024141494,0.988914907,0.409511983,0.614640236,-0.093789324,0.987592459,0.568086386,0.535071075,0.062523037,0.990439534,0.400359631,0.526867211,-0.228669524,0.994284868,0.574205041,0.51985389,0.073061243,0.967258275,0.387879431,0.520827293,-0.250349551,0.982003212,0.569472671,0.508698106,0.086584821,0.963028193,0.390416831,0.514893889,-0.243698686,0.979245067,0.565795243,0.518645585,0.069985539,0.952008963,0.395607799,0.516932189,-0.230825379,0.97167176,0.512296915,0.754381478,0.001425453,0.999889433,0.453682184,0.751521707,-0.001443378,0.999897659,0.568507314,0.802108765,-0.244211763,0.998875618,0.39518103,0.804087162,-0.245526269,0.999101341,0.537850678,0.90158087,-0.001232551,0.994378328,0.424682319,0.905835748,0.032965936,0.995348692,0.52531302,0.911449432,0.022077592,0.947363794,0.434141725,0.913395703,0.060374416,0.95958668,0.544652164,0.979296088,-0.04945083,0.988544047,0.41727671,0.977229834,0.000311471,0.989880204
0,0.481821716,0.127311558,-0.074983105,0.999996126,0.489608854,0.110553496,-0.054913022,0.999994755,0.493715942,0.110963002,-0.054900788,0.999993443,0.496581405,0.111452952,-0.054906465,0.999994338,0.476205587,0.110175066,-0.053817362,0.999992967,0.471690804,0.110164717,-0.053784139,0.999991357,0.46731931,0.11052864,-0.053720821,0.99999249,0.503632605,0.123267844,0.05376339,0.999993086,0.462566465,0.122131102,0.059185348,0.999989569,0.491119951,0.147382364,-0.035051011,0.999995053,0.474527925,0.146910399,-0.033904195,0.999993503,0.531184316,0.229635999,0.061947484,0.999946058,0.439017385,0.224630594,0.062363666,0.999833405,0.566508174,0.280467212,-0.181820095,0.990077138,0.40949297,0.264364868,-0.159651905,0.985731602,0.56836307,0.198917553,-0.444986194,0.993964374,0.396491617,0.191087171,-0.419186056,0.989832938,0.572715163,0.188429832,-0.496396244,0.985111415,0.39020294,0.180355787,-0.471823066,0.975592732,0.568352103,0.18069829,-0.492555678,0.98415637,0.395506591,0.175375417,-0.466270834,0.975370467,0.565305114,0.187337831,-0.451437533,0.979109585,0.399717003,0.18166697,-0.426258385,0.970489681,0.514571249,0.497501969,-0.00371204,0.999906242,0.451408952,0.494644135,0.003573387,0.999856174,0.522669375,0.707394958,-0.053275574,0.997354448,0.440806329,0.708866775,-0.042765506,0.997307003,0.536423981,0.898571849,0.040998988,0.992860973,0.42954126,0.893929601,0.040732093,0.992255092,0.53037858,0.919226527,0.042712953,0.793868423,0.434844434,0.911992908,0.042049769,0.836002886,0.543147385,0.979222178,-0.099443808,0.986273408,0.418767989,0.972014606,-0.087860808,0.985377073
1,0.476316869,0.475962698,-0.230017334,0.99999553,0.483993351,0.457848787,-0.214441031,0.999991119,0.488795936,0.458502293,-0.214392394,0.999992073,0.492156804,0.459049761,-0.214503258,0.999988794,0.470083535,0.457362026,-0.213134676,0.999987781,0.466693312,0.457306206,-0.213200137,0.999990523,0.463111341,0.457546949,-0.213193327,0.999989033,0.499252707,0.467861563,-0.127892673,0.999991655,0.459114552,0.46616742,-0.120828733,0.999988675,0.485195309,0.495556772,-0.198590994,0.999995589,0.468518436,0.495785445,-0.197188452,0.999994516,0.528168321,0.563070655,-0.072125368,0.999859333,0.430979878,0.561869204,-0.07486394,0.999847174,0.565524399,0.670839071,-0.093189202,0.989725947,0.402385384,0.672232985,-0.169661716,0.991428137,0.562861741,0.55985713,-0.111747786,0.991702914,0.400695741,0.561225891,-0.3139745,0.995900214,0.570222914,0.545244634,-0.109786309,0.970199645,0.391252905,0.5422315,-0.333608419,0.986317813,0.566497505,0.536744297,-0.093866915,0.965083539,0.393831998,0.535226524,-0.318884432,0.982716203,0.562398732,0.542886138,-0.103983961,0.950230122,0.398581207,0.541840196,-0.31127879,0.970934749,0.510409713,0.753644705,0.000766045,0.999858975,0.451656342,0.755768359,-0.000850133,0.999865115,0.5639081,0.785123765,-0.331369698,0.998295009,0.392988384,0.777355969,-0.293374032,0.997906923,0.537329435,0.900896311,-0.059055377,0.990698934,0.425253451,0.904511511,-0.03401674,0.99581784,0.526359379,0.913013399,-0.033366866,0.954101264,0.435941398,0.91510129,-0.008968673,0.970575452,0.544047475,0.979329526,-0.119938686,0.987859011,0.418594778,0.978227496,-0.09237279,0.992128193
1,0.416480064,0.471589237,-0.131185338,0.999902546,0.421399742,0.448359847,-0.152073607,0.999934614,0.422962099,0.447360307,-0.151968166,0.999947309,0.425698936,0.446746051,-0.152008116,0.999949098,0.419827521,0.448656112,-0.132996663,0.999882638,0.420304775,0.447904289,-0.132959336,0.999880135,0.42062062,0.447366208,-0.13288416,0.999887228,0.447295755,0.462281883,-0.189764619,0.999931037,0.429911703,0.459097236,-0.101448774,0.999926269,0.425759971,0.487014174,-0.13934055,0.999827087,0.423125744,0.485789061,-0.115014836,0.999731839,0.476050228,0.551483989,-0.233086035,0.999949694,0.460225642,0.497404724,-0.036972098,0.999809861,0.420411199,0.676872551,-0.168494627,0.950763583,0.429776907,0.545704246,0.0680729,0.58651489,0.417983294,0.502184689,0.008094599,0.501526773,0.405982554,0.491525859,0.170370057,0.17774336,0.418295532,0.485429585,0.011093544,0.37366569,0.399443269,0.47804451,0.185884982,0.13842468,0.423930973,0.467729151,0.005605781,0.376938909,0.405898988,0.475016743,0.188534275,0.12673457,0.426015317,0.479500204,0.009577306,0.39351663,0.408920586,0.482736111,0.174224615,0.13779375,0.511733592,0.737454414,-0.080641046,0.999969959,0.499867767,0.712888241,0.08067397,0.999954522,0.418615669,0.743790507,-0.091610454,0.988806427,0.415831,0.699192405,0.184039146,0.64120096,0.484982789,0.887915909,-0.031427249,0.988031089,0.450661808,0.814200521,0.264134794,0.790848732,0.502565801,0.903909564,-0.020132009,0.968239546,0.46444717,0.840199053,0.273982227,0.804160178,0.455305904,0.959890246,0.017785134,0.978491962,0.417429596,0.872409821,0.318291515,0.777325094
0,0.436656773,0.140670463,-0.081248619,0.999447584,0.444965988,0.123799071,-0.097195074,0.999603808,0.447696835,0.124125473,-0.097183444,0.999661207,0.450649321,0.124340981,-0.097199477,0.999682724,0.441178024,0.122288257,-0.067766242,0.999467313,0.440944046,0.121503897,-0.067791611,0.999361217,0.440820843,0.120729312,-0.067846611,0.99945724,0.464717329,0.134436563,-0.115176067,0.999581873,0.454026133,0.130025297,0.01624294,0.999198854,0.441006333,0.161407381,-0.084277168,0.999035478,0.43610692,0.159271881,-0.046796385,0.998753309,0.468963683,0.225209445,-0.167301089,0.999359369,0.449785382,0.219539702,0.120533384,0.995182872,0.404850066,0.281991065,-0.203433067,0.940875649,0.391414642,0.253469825,0.084824875,0.314302802,0.421867669,0.200698689,-0.129989222,0.714885473,0.409470558,0.193724975,-0.054680221,0.275810808,0.428092659,0.177019045,-0.142891839,0.665577292,0.413336098,0.180041224,-0.070928507,0.238089398,0.437284052,0.172389239,-0.152189642,0.663164973,0.42291075,0.173802927,-0.066646971,0.233937472,0.434151232,0.181458384,-0.130890116,0.612906158,0.423074424,0.178793639,-0.059189182,0.223345578,0.476008087,0.47813195,-0.099151082,0.999766171,0.451292276,0.479409546,0.099208534,0.999549568,0.480068922,0.691274881,-0.152681395,0.988124609,0.452943653,0.663538575,0.172815517,0.6784935,0.496312439,0.890196383,-0.184330866,0.992657244,0.46433419,0.834995627,0.276281416,0.83077395,0.507341206,0.918714643,-0.192680866,0.965838313,0.473271757,0.858298182,0.281019211,0.779353321,0.455590487,0.95807302,-0.307334751,0.991758049,0.422026455,0.888018012,0.223818272,0.911221981
1,0.408007473,0.465941668,-0.245767429,0.999126792,0.413511664,0.443609655,-0.264484465,0.999496758,0.415941656,0.442504495,-0.264387041,0.999545813,0.419205815,0.441324234,-0.264471859,0.999545097,0.408884615,0.444919974,-0.239895463,0.999059498,0.404995859,0.446721733,-0.239936739,0.999083221,0.403447956,0.445672572,-0.23990941,0.999050975,0.445352495,0.449556857,-0.285511464,0.999424756,0.424593389,0.441906899,-0.177107126,0.999140978,0.418321043,0.479125857,-0.248937517,0.998959303,0.414597034,0.478905499,-0.217370555,0.9979105,0.480548948,0.546174169,-0.266878128,0.999643624,0.432513803,0.508856237,-0.09029007,0.999021411,0.49873662,0.647671402,-0.186713636,0.670754671,0.427770376,0.619771183,-0.029215932,0.122378767,0.480988979,0.622112215,0.002705837,0.287631869,0.43984738,0.662245035,-0.024882535,0.054943655,0.472619355,0.611352623,0.013542411,0.269940704,0.439364016,0.676086545,-0.019443542,0.067309447,0.474978507,0.604896545,0.011451678,0.27635929,0.446054071,0.671669543,-0.029964009,0.066184387,0.475729138,0.610547423,0.00784835,0.279492289,0.447385401,0.669184387,-0.028033534,0.076623946,0.50877893,0.750469804,-0.074554846,0.999958992,0.481998205,0.707286358,0.074392036,0.999915063,0.40781039,0.74152112,-0.181202427,0.978328884,0.395171821,0.66163969,0.12979643,0.566351235,0.480438143,0.883697569,-0.084920727,0.970364928,0.445777357,0.78702122,0.218072802,0.699728549,0.499305159,0.898805916,-0.070204757,0.923237503,0.463350713,0.797189057,0.228614256,0.646909773,0.449735582,0.944866002,-0.065317534,0.963314891,0.421409905,0.849495292,0.247783706,0.719395578
0,0.439213753,0.132830232,-0.093210667,0.999095917,0.44867596,0.117551625,-0.109043434,0.999399424,0.451438129,0.118096523,-0.109039687,0.999529421,0.454403013,0.118706696,-0.109065153,0.999542177,0.444594622,0.116178431,-0.08167959,0.999103665,0.444208384,0.115639061,-0.081690356,0.99896872,0.443992913,0.115012176,-0.081743792,0.999052227,0.466848522,0.131419688,-0.130679339,0.999470532,0.456315994,0.125489399,-0.00787782,0.998858154,0.442879021,0.153907001,-0.097553119,0.998482049,0.437383831,0.152011052,-0.062426358,0.998133004,0.465965211,0.225273699,-0.180729657,0.999278903,0.448862255,0.215699658,0.096089624,0.991975963,0.393874705,0.261582583,-0.17354624,0.944126606,0.39833647,0.228644639,0.128958702,0.21228765,0.418867737,0.181588337,-0.050340045,0.694022238,0.417396933,0.176498771,0.108875677,0.165532619,0.424090803,0.154597491,-0.059722193,0.631359577,0.421888888,0.164636046,0.106347144,0.142710403,0.433130205,0.156087548,-0.075314775,0.631377935,0.428899229,0.164828569,0.105773054,0.142687708,0.429900706,0.168227628,-0.053372603,0.592565775,0.428008169,0.169324204,0.10497757,0.142743126,0.480567157,0.479504824,-0.095485233,0.999702334,0.454408944,0.48165825,0.095640957,0.999392748,0.484373719,0.692721546,-0.144085616,0.98812753,0.453707695,0.663723588,0.183663741,0.680367649,0.496185839,0.887300253,-0.171634406,0.992102504,0.462872595,0.833783388,0.29942444,0.844548702,0.506863117,0.917895854,-0.179554284,0.961525619,0.473413527,0.858139813,0.305313379,0.773874402,0.456792533,0.953914225,-0.289955378,0.990895033,0.421635807,0.886682391,0.25440377,0.915943325
1,0.407669008,0.47079882,-0.172669411,0.999849975,0.409964859,0.448415041,-0.196692079,0.999911487,0.411746919,0.447615176,-0.196601361,0.999936044,0.415667862,0.446275085,-0.196703345,0.999926388,0.409626544,0.447250068,-0.173143998,0.999831498,0.411088407,0.448606282,-0.173131064,0.999842584,0.411530346,0.447247535,-0.173077971,0.999818683,0.434832573,0.464923352,-0.238299012,0.999903202,0.421413898,0.459890991,-0.133397952,0.999884784,0.41876024,0.487049103,-0.182004049,0.999696791,0.41704756,0.484888166,-0.15199554,0.999590218,0.467131674,0.551455081,-0.273182213,0.999956012,0.454371303,0.494015932,-0.05283891,0.999762237,0.417551458,0.677378833,-0.214854598,0.971574605,0.42018944,0.539435029,0.083790489,0.395993292,0.413950771,0.52975291,-0.022506006,0.531647086,0.401686102,0.492819846,0.205693871,0.085218467,0.411149919,0.480904609,-0.01873138,0.442111999,0.395138085,0.483180016,0.224966288,0.082767449,0.418336481,0.466032654,-0.026135588,0.446092784,0.401287407,0.479754508,0.225620896,0.076339029,0.42105189,0.477600127,-0.019976389,0.463574052,0.403590351,0.486063123,0.20937936,0.083581857,0.508071244,0.745590031,-0.085492596,0.999974728,0.499645382,0.717721581,0.085605063,0.999938905,0.417691767,0.742581367,-0.108975112,0.984913886,0.417899042,0.694323897,0.234884143,0.534288526,0.482486337,0.88686794,-0.048102453,0.986948073,0.449266732,0.812852979,0.320363939,0.767190337,0.502066493,0.900575936,-0.036787383,0.970850766,0.464385897,0.832500815,0.32965067,0.800039589,0.453350931,0.958266258,-0.013367352,0.975140095,0.421315044,0.862602472,0.364639938,0.721259296
0,0.432642758,0.138960481,-0.084697127,0.998948753,0.442007065,0.125699341,-0.097175069,0.999113083,0.444400072,0.126092106,-0.097155131,0.999308765,0.44687587,0.126441777,-0.097194932,0.999350667,0.438607275,0.123976186,-0.070767529,0.998813689,0.438613713,0.123078622,-0.070765205,0.998648047,0.438845307,0.121986791,-0.070791505,0.998780966,0.459103048,0.136734352,-0.113766693,0.999245882,0.451511443,0.131541342,0.005682802,0.998580337,0.436043113,0.158016071,-0.087153852,0.998267174,0.431349456,0.156494126,-0.053440142,0.997727156,0.458327621,0.232211649,-0.163823098,0.999611855,0.43002525,0.224967301,0.111020669,0.994322777,0.398980796,0.287513763,-0.151468292,0.964474082,0.376524299,0.247936234,0.187208652,0.281828821,0.413437426,0.194519609,-0.027862355,0.798394561,0.403627634,0.188337132,0.224288553,0.243545562,0.41554141,0.163159028,-0.033899747,0.727979183,0.407096475,0.166365638,0.229982048,0.203264371,0.422883838,0.159973159,-0.044540748,0.721706331,0.418374121,0.166137964,0.231039807,0.203114644,0.422320038,0.172501341,-0.027446631,0.682457268,0.418401152,0.179329023,0.223050863,0.197959125,0.463742554,0.479255676,-0.09274099,0.999602497,0.436486542,0.485266924,0.092884824,0.999360681,0.482169479,0.693077624,-0.132859245,0.990125537,0.445858002,0.675776303,0.153732896,0.756661713,0.496801794,0.888103247,-0.13488251,0.992604792,0.464720339,0.833666921,0.260666668,0.889013231,0.508942902,0.920406282,-0.139489204,0.953959227,0.478657544,0.85906136,0.265626997,0.811323941,0.458170086,0.958530664,-0.251661628,0.991422117,0.422990471,0.89131844,0.201172441,0.938772619
1,0.532328546,0.392277241,-0.170274273,0.999911129,0.536629677,0.375124365,-0.148131892,0.999847353,0.53936255,0.37631616,-0.148139551,0.999833941,0.542400062,0.377751172,-0.148136407,0.999800324,0.527423024,0.371673167,-0.149850756,0.999854088,0.523261189,0.370127648,-0.149916649,0.999843657,0.518419147,0.369128585,-0.149975419,0.999846637,0.543689072,0.386467367,-0.044168413,0.999589503,0.504397333,0.377793282,-0.051776566,0.999756515,0.535131991,0.411131293,-0.132557184,0.999686897,0.524575233,0.411591411,-0.135282546,0.999821723,0.563885152,0.476477683,-0.040258471,0.996754944,0.471446455,0.468131006,-0.028054396,0.999423862,0.540144384,0.570465922,-0.195161119,0.966664076,0.431770414,0.551369727,-0.188923374,0.987578869,0.504378378,0.454357058,-0.327478617,0.983622372,0.474833965,0.445991188,-0.333203852,0.983936429,0.494757175,0.412708819,-0.354490221,0.960483193,0.479562461,0.411861598,-0.363231242,0.942795157,0.498764277,0.40850988,-0.330823153,0.952436447,0.483755887,0.409422547,-0.338606,0.92630899,0.501701057,0.420013726,-0.320638239,0.922337115,0.484116375,0.421888649,-0.326910555,0.893441439,0.538520694,0.698286057,0.00243598,0.999353707,0.476363719,0.691395521,-0.002549647,0.99975419,0.625251591,0.729443967,-0.267554343,0.998514354,0.419985682,0.735552132,-0.321389735,0.998680353,0.631486416,0.871465623,-0.060674526,0.995097637,0.397225708,0.884595394,-0.122839071,0.997904599,0.617143512,0.889719367,-0.043640789,0.956091881,0.40473628,0.903915226,-0.105227634,0.970334053,0.653745353,0.940051436,-0.139466017,0.987075567,0.384315521,0.96100235,-0.21878466,0.992176652
0,0.53577745,0.132872626,-0.008086736,0.999973416,0.540408373,0.119120724,0.014160631,0.999965727,0.542996883,0.120009527,0.014181229,0.999953628,0.54563874,0.120708674,0.014188645,0.999956667,0.530933738,0.115981631,0.016164724,0.999965072,0.526974142,0.114789084,0.016163617,0.999953687,0.521954954,0.113784015,0.016176848,0.999963224,0.545485854,0.126772672,0.123731278,0.999926984,0.509045064,0.118657619,0.133094832,0.999940515,0.537766814,0.153196067,0.032654528,0.999890625,0.527804255,0.151389554,0.034631744,0.99992615,0.560990453,0.217692912,0.108714543,0.999628186,0.479018271,0.200896665,0.150523454,0.999783397,0.548510969,0.258360237,-0.077072278,0.975733399,0.436935902,0.248291358,-0.04084143,0.984355092,0.500059605,0.177623615,-0.225288585,0.986006916,0.484857559,0.17244266,-0.232549503,0.974165678,0.491428375,0.155205399,-0.26951465,0.968336761,0.49324441,0.147307903,-0.282161772,0.928427339,0.493289709,0.148587868,-0.254551888,0.964312434,0.49667722,0.146373823,-0.259282321,0.918780506,0.496914953,0.159450337,-0.223960072,0.94551748,0.495163828,0.156989053,-0.230701014,0.895928442,0.541078329,0.457961917,-0.005760217,0.999848068,0.478307873,0.448517829,0.005524998,0.99986726,0.585455,0.669992328,-0.067093059,0.998012304,0.441396326,0.676312923,-0.046211384,0.998072803,0.630660474,0.86074245,0.048205875,0.995959461,0.400337875,0.876206219,0.051986121,0.997666955,0.622698128,0.884479344,0.053206898,0.912329435,0.403502464,0.900503457,0.056302518,0.921629667,0.650682807,0.933478892,-0.090830408,0.988382339,0.384939492,0.952216148,-0.087134667,0.990474701
1,0.537882924,0.399177223,-0.170037165,0.999860644,0.542395532,0.382418901,-0.14743723,0.999766886,0.545280695,0.383870691,-0.14745295,0.999765396,0.548419237,0.385649949,-0.147461057,0.999713778,0.533183873,0.378526211,-0.150430158,0.99977988,0.529013515,0.376853466,-0.150512055,0.999774516,0.524210989,0.375743449,-0.150579214,0.999768794,0.549901128,0.394703895,-0.039678298,0.999407768,0.510679781,0.383613616,-0.054171193,0.9996562,0.541113973,0.418519795,-0.131493494,0.999533296,0.52992177,0.417918652,-0.135266155,0.999729455,0.568107128,0.485239506,-0.034366287,0.994945109,0.475952089,0.470916212,-0.033423766,0.999316871,0.547311902,0.583719611,-0.197027355,0.956680179,0.438064992,0.558806419,-0.196784943,0.986139178,0.509948254,0.461621553,-0.324626863,0.977564514,0.48190251,0.453636497,-0.328245103,0.981289685,0.502059758,0.421895295,-0.350622356,0.944975615,0.486490667,0.420204669,-0.356210768,0.935341001,0.505997419,0.416865468,-0.324412525,0.934161365,0.490270704,0.4162139,-0.328983635,0.916992366,0.508179486,0.428809583,-0.317022145,0.896556616,0.490858644,0.428443074,-0.32076031,0.879723132,0.538837552,0.70620209,0.004189153,0.999117255,0.478203475,0.698125958,-0.004259794,0.999700725,0.621543288,0.717517316,-0.270064712,0.998384118,0.423845857,0.721802294,-0.336670369,0.998621464,0.63155061,0.867753685,-0.094017766,0.995298624,0.397352755,0.884403884,-0.168317452,0.998382032,0.617944598,0.887265265,-0.079865806,0.963897943,0.404530853,0.903363228,-0.15374966,0.97452867,0.655417621,0.935527027,-0.181042671,0.98895365,0.385690272,0.960551977,-0.27532953,0.993935585
0,0.535809219,0.135349438,0.017381305,0.99997443,0.540316403,0.121067055,0.040444493,0.999969125,0.543522477,0.122056708,0.04046705,0.999955773,0.546094656,0.12290962,0.040468469,0.99996388,0.531151891,0.118014865,0.041703492,0.999970257,0.526467383,0.116838954,0.04170825,0.99995631,0.521730363,0.115775689,0.04172539,0.999969482,0.546222806,0.129265234,0.151463121,0.999925911,0.5106709,0.11941047,0.156696171,0.999942601,0.538123667,0.155052871,0.058499444,0.999831021,0.526677251,0.152975291,0.059329651,0.999886215,0.563073277,0.219733134,0.136048168,0.999598324,0.481267393,0.204817638,0.17069985,0.999754965,0.548426926,0.259015471,-0.055032838,0.963815033,0.439736366,0.250123769,-0.014283232,0.973692894,0.501102924,0.177749217,-0.214561582,0.97982794,0.485540569,0.170925111,-0.19340387,0.958172023,0.493178427,0.154768556,-0.258541286,0.95497781,0.494404644,0.144048154,-0.239723012,0.89061743,0.494867802,0.149118885,-0.244188279,0.949193716,0.498141348,0.144481063,-0.21615836,0.87730819,0.498300403,0.159273162,-0.213805765,0.923308432,0.497053325,0.155000672,-0.190803885,0.848329306,0.544377863,0.454599857,-0.003051445,0.999823213,0.482225239,0.444685876,0.002802385,0.999864578,0.586866617,0.665832758,-0.068185024,0.997275472,0.446368277,0.673659682,-0.057646327,0.997401237,0.629946113,0.860828817,0.025113866,0.995725453,0.400474221,0.876984835,0.023316655,0.997346938,0.622089565,0.884896755,0.028157834,0.914679348,0.403561294,0.902469456,0.025276985,0.909764647,0.65182519,0.93163383,-0.114628948,0.98876828,0.384460568,0.953449667,-0.118364945,0.98938781
1,0.532681823,0.423829257,-0.226308256,0.999549508,0.536355555,0.406769693,-0.204429433,0.998968124,0.539098024,0.407599896,-0.204457566,0.999108255,0.542096794,0.408438534,-0.204488546,0.998704374,0.527236164,0.404305995,-0.207672447,0.999085844,0.522825003,0.403250128,-0.207768276,0.999189496,0.51800549,0.402651757,-0.207840517,0.999005795,0.543762207,0.415533662,-0.092534155,0.997626424,0.504657626,0.409793168,-0.106995121,0.998801231,0.53631556,0.44291997,-0.18427062,0.998117983,0.525549054,0.444272071,-0.189075977,0.998889685,0.564208806,0.50321418,-0.070168957,0.991383195,0.470045894,0.490644366,-0.071347222,0.999071181,0.543785632,0.610089004,-0.233868763,0.939003944,0.437991321,0.596089184,-0.234693125,0.981303394,0.506762326,0.486595333,-0.381159216,0.971179783,0.475265831,0.47978428,-0.395130932,0.981200159,0.499805033,0.449644595,-0.409060627,0.931343496,0.479019791,0.446468353,-0.426431566,0.939691424,0.504283249,0.442118317,-0.382444054,0.916320145,0.4827784,0.439577729,-0.401020378,0.921503842,0.506848276,0.453391135,-0.373224586,0.858969867,0.483805269,0.45043543,-0.388319343,0.873924553,0.539847195,0.719312787,0.003910344,0.998729885,0.481617212,0.716464341,-0.003965692,0.999668419,0.622422218,0.710336924,-0.297745258,0.998244882,0.424372286,0.712958872,-0.370876938,0.998512149,0.631964266,0.869909585,-0.118443929,0.995270669,0.396651447,0.884436786,-0.185427979,0.998517811,0.618213296,0.890351593,-0.104474686,0.968672752,0.404104561,0.905687094,-0.170813873,0.97994864,0.655849576,0.935807526,-0.213901281,0.98981142,0.382802606,0.96150887,-0.298740178,0.99461031
1,0.379729539,0.355962247,-0.080165744,0.999912679,0.391277373,0.343055278,-0.088628188,0.999948561,0.394703984,0.345281482,-0.088523507,0.999959409,0.398504198,0.347991556,-0.088514462,0.999956548,0.385691404,0.33837679,-0.05902385,0.999900103,0.384839475,0.337065965,-0.059044845,0.999902725,0.384062469,0.335572034,-0.05899445,0.999904454,0.41108647,0.366943747,-0.092019603,0.999947131,0.393390596,0.34632811,0.038758963,0.999851346,0.381816685,0.38105014,-0.08164534,0.999903917,0.376132905,0.375026613,-0.044304665,0.999792576,0.418364137,0.469209284,-0.135604665,0.999804318,0.368173838,0.422706425,0.095592201,0.999057412,0.346407235,0.525901139,-0.177201733,0.928986609,0.316271514,0.491144657,-0.036367111,0.518272281,0.364808619,0.414380252,-0.073423214,0.914288282,0.350342691,0.400757104,-0.236326337,0.446429104,0.366829455,0.386788905,-0.078011714,0.877790689,0.35598439,0.37694478,-0.254837811,0.351035297,0.375917166,0.383187026,-0.074578971,0.866660655,0.364182442,0.376959056,-0.236287236,0.320491612,0.376136363,0.394114971,-0.067654997,0.803287029,0.364913225,0.387179643,-0.234794945,0.308367997,0.420452058,0.692669511,-0.074082896,0.999982953,0.375864327,0.660014749,0.074180968,0.999961078,0.351251692,0.709405601,-0.392409682,0.998499393,0.278790414,0.620447218,-0.046053499,0.936109602,0.405289799,0.893985808,-0.358968616,0.998136818,0.30771333,0.761304796,0.057136107,0.945868313,0.423515081,0.924184442,-0.356382161,0.98491174,0.321263909,0.792480111,0.065571502,0.929564118,0.373898864,0.965993822,-0.457464606,0.997517824,0.261896193,0.799290299,0.014703564,0.966341734
0,0.461435258,0.110271886,-0.095309012,0.999954641,0.473876089,0.102709614,-0.103115059,0.999948025,0.477322251,0.106354982,-0.103119873,0.999947786,0.480750263,0.110012755,-0.103161559,0.999944031,0.468260109,0.095250212,-0.076592073,0.999941826,0.467258692,0.093364216,-0.076595172,0.999921858,0.466202557,0.091551103,-0.076565579,0.999928534,0.488295466,0.13060376,-0.08193662,0.999967098,0.472055584,0.105227791,0.036664773,0.999837637,0.462142646,0.134943023,-0.084422693,0.99993962,0.454956919,0.126090065,-0.050352044,0.999902129,0.484418213,0.221992433,-0.13261798,0.999883413,0.434488118,0.177218154,0.162475705,0.999579847,0.397487581,0.249108076,-0.147189751,0.96981132,0.381320447,0.233648002,0.009733876,0.455979258,0.413157851,0.169079989,-0.026808154,0.870520771,0.415894896,0.147202283,-0.26825276,0.561131418,0.416251242,0.148688853,-0.037342295,0.814329803,0.42084235,0.137214974,-0.306423724,0.501242757,0.430841267,0.146765724,-0.040400337,0.813263535,0.435375363,0.130750507,-0.296019107,0.474902779,0.43086952,0.154537216,-0.023050062,0.7542395,0.433824539,0.138379112,-0.273866951,0.437568545,0.422266155,0.450394869,-0.099251673,0.999931335,0.380952239,0.428413302,0.099254586,0.99993521,0.396215081,0.65078181,-0.175971597,0.998529494,0.338804096,0.599129796,0.201665208,0.965107679,0.414126575,0.887623012,-0.17719163,0.999325156,0.31169349,0.758318007,0.371807456,0.986325502,0.42604813,0.927328825,-0.183612525,0.983605981,0.320129216,0.796391129,0.382846653,0.954292297,0.372719854,0.960776925,-0.324993938,0.998858809,0.263054341,0.793980479,0.308824837,0.987509668
1,0.383283854,0.36577487,-0.105364956,0.999896467,0.395344257,0.352968246,-0.112505414,0.999936461,0.398681849,0.355379879,-0.1124091,0.99994874,0.402191579,0.358248591,-0.112402186,0.999944091,0.389835656,0.347955674,-0.083952248,0.99987793,0.389138401,0.346437097,-0.083984673,0.999885738,0.388434678,0.344804347,-0.083960935,0.999889731,0.414595664,0.378027678,-0.109611847,0.999923706,0.396443278,0.356144547,0.01556359,0.999823272,0.384201437,0.391123503,-0.104552172,0.999875963,0.379567325,0.383538723,-0.068681523,0.999756694,0.424173832,0.483998179,-0.142770648,0.999793231,0.369838536,0.431471556,0.072021343,0.999247789,0.353173673,0.55063343,-0.214703962,0.922333062,0.317116886,0.502261221,-0.062846631,0.609006464,0.367612332,0.423384488,-0.165321529,0.932311416,0.35234946,0.410643995,-0.268290609,0.614758492,0.37023747,0.392249793,-0.179392561,0.902869165,0.35799545,0.385833204,-0.290132731,0.497318596,0.378983885,0.388195753,-0.172572121,0.89216882,0.366117656,0.384801775,-0.270869941,0.459613204,0.379763335,0.400079399,-0.160269946,0.832715869,0.366605937,0.395200551,-0.266582549,0.436460286,0.423345864,0.700504243,-0.073915906,0.999986172,0.378100753,0.667465866,0.073961146,0.999969542,0.354952365,0.712029696,-0.382691324,0.998035014,0.286584198,0.616253555,-0.060480278,0.921082556,0.406065404,0.89706862,-0.347732067,0.997831881,0.307014436,0.760345697,0.043963369,0.937718272,0.423319995,0.927823365,-0.34544453,0.983915448,0.320434034,0.793334007,0.052739948,0.926250696,0.371711254,0.968668938,-0.448025078,0.997269094,0.261807024,0.799500704,0.001087532,0.964206338
0,0.461656004,0.114472121,-0.083203688,0.999966621,0.474315166,0.106378533,-0.089556798,0.999966919,0.47792539,0.109893806,-0.089553677,0.999966145,0.481456459,0.113517538,-0.089575812,0.999965966,0.468057483,0.099163279,-0.06529016,0.999959469,0.466832459,0.097356699,-0.065297417,0.999943912,0.465552419,0.095594652,-0.065278962,0.999951899,0.488731533,0.133213222,-0.068400793,0.999977469,0.47047013,0.108305097,0.041541897,0.999899626,0.462734222,0.138787046,-0.072970778,0.999946535,0.454856962,0.13039808,-0.041487407,0.999920428,0.485712051,0.224132597,-0.117289282,0.999877095,0.430906355,0.182785735,0.15223746,0.999593735,0.400757551,0.255474836,-0.139247179,0.967674494,0.381771147,0.224536091,-0.005428866,0.505120873,0.411437571,0.176131591,-0.045085311,0.879567802,0.420195252,0.152376667,-0.272521079,0.609244943,0.413596302,0.157855272,-0.058342509,0.826001942,0.430848509,0.132230848,-0.312682271,0.538106501,0.426263094,0.153682917,-0.060845695,0.822020411,0.438343376,0.131825969,-0.298055261,0.508287787,0.426865727,0.162502497,-0.042343244,0.764523745,0.436648071,0.140657797,-0.276656002,0.470729381,0.421429634,0.45119065,-0.094812155,0.999926984,0.379477113,0.430443197,0.094778106,0.999933183,0.389990598,0.648440421,-0.148631468,0.998602629,0.336468965,0.594249785,0.188731328,0.973785281,0.41138345,0.879534245,-0.137690157,0.99921459,0.310442895,0.759486198,0.341030836,0.987046659,0.42548427,0.91738677,-0.142988041,0.97950381,0.319995612,0.795030832,0.35014993,0.951689839,0.373917609,0.958173275,-0.281736493,0.998644292,0.263269722,0.795320272,0.272669017,0.987556338
1,0.375413835,0.392720848,-0.138828307,0.999938667,0.387400568,0.377538562,-0.148972899,0.999967575,0.3908692,0.378939509,-0.148852915,0.999972939,0.394591272,0.38077873,-0.148847237,0.999971449,0.381486475,0.373036057,-0.118173823,0.999936283,0.380595863,0.371111512,-0.118208542,0.999937654,0.379779905,0.369011402,-0.118166074,0.999938726,0.408117592,0.400158316,-0.151326776,0.99996227,0.38860327,0.379738986,-0.015446952,0.999897182,0.377691448,0.418133408,-0.139294356,0.999936402,0.372166097,0.409622014,-0.100468971,0.99987638,0.419650614,0.507088542,-0.185244337,0.999891043,0.365616769,0.453544021,0.064178593,0.999523461,0.350202471,0.573671818,-0.242692426,0.920697451,0.313921392,0.527878463,-0.053776164,0.511924267,0.361553997,0.446767509,-0.175008342,0.942811012,0.34556663,0.43848452,-0.25982368,0.564839721,0.361616433,0.418905139,-0.187683329,0.918110609,0.349562466,0.412939698,-0.277832091,0.469252437,0.372021973,0.415545404,-0.184119433,0.909228206,0.358458549,0.413031906,-0.259558707,0.43412596,0.373396516,0.426776052,-0.170379788,0.856619656,0.359544516,0.421932399,-0.257881969,0.418524683,0.42737475,0.718636811,-0.080713913,0.999989629,0.382503092,0.679600835,0.080732048,0.999976456,0.358167231,0.699592173,-0.408395588,0.99779588,0.292331934,0.616205752,-0.042250924,0.901837528,0.406725228,0.891042173,-0.362649947,0.99753499,0.307141542,0.760982573,0.033131901,0.927112699,0.423651367,0.920863688,-0.358778417,0.980380714,0.321482062,0.799163282,0.038105998,0.917072892,0.372868091,0.967958748,-0.458744764,0.997050941,0.260858804,0.798950195,-0.014023145,0.959814787
1,0.492628425,0.399766535,-0.177703321,0.999907076,0.499362379,0.384074986,-0.156748816,0.999955535,0.502289593,0.384991795,-0.156766579,0.999934435,0.505190492,0.386271149,-0.156817272,0.999933243,0.487816751,0.382844001,-0.158025578,0.999953091,0.483876526,0.382771611,-0.15803048,0.999938607,0.479857683,0.383164644,-0.158049077,0.999938905,0.511412501,0.39632988,-0.052396256,0.999898314,0.474080622,0.392445713,-0.058345329,0.999919653,0.499583811,0.417608887,-0.139728874,0.999954998,0.484785885,0.416103065,-0.141709715,0.999953389,0.535799623,0.48537606,-0.023360036,0.999835849,0.447307497,0.478162766,-0.043602668,0.999879718,0.559823751,0.593188107,-0.158286959,0.98181659,0.431247324,0.588436365,-0.177982941,0.980498612,0.509483874,0.505328774,-0.320382029,0.982936919,0.483235031,0.504849076,-0.309834957,0.972132862,0.502651691,0.478109449,-0.347960293,0.958826363,0.491823286,0.484045804,-0.33656925,0.916436076,0.501535296,0.469971538,-0.32853502,0.953202128,0.489906311,0.473874867,-0.315517306,0.900267422,0.501810014,0.47778976,-0.315043032,0.932380497,0.487843186,0.480635673,-0.302945673,0.871638358,0.528186023,0.691948473,0.006230088,0.999992609,0.467212677,0.698126078,-0.006452993,0.999983013,0.585568905,0.864227712,-0.051449068,0.993602276,0.433971941,0.88423115,-0.04207132,0.990419745,0.554905057,0.829006016,0.271591663,0.530635953,0.428702265,0.8305915,0.300467402,0.318258435,0.546294153,0.816606641,0.310164362,0.317043275,0.431405544,0.81198597,0.341388285,0.171694323,0.568366647,0.877671361,0.343255043,0.484022349,0.418072701,0.868322313,0.383053273,0.294374913
0,0.5080356,0.177753955,-0.385661274,0.999973297,0.51528728,0.157869264,-0.370791465,0.999957144,0.51890707,0.157544136,-0.370806634,0.99995625,0.523376584,0.157324195,-0.370846003,0.999939919,0.501930118,0.158036456,-0.369890511,0.999946237,0.497508824,0.157879487,-0.36997062,0.999950767,0.492991447,0.157389909,-0.369997561,0.99994576,0.530305147,0.163428709,-0.245751023,0.999925375,0.487448603,0.162989318,-0.241468459,0.999928355,0.51546526,0.19803372,-0.335496575,0.99997896,0.500118792,0.196649387,-0.334804237,0.999980032,0.557522893,0.258498311,-0.154104263,0.999946594,0.45710367,0.255416453,-0.141008079,0.999917984,0.574546993,0.404963434,-0.279455483,0.988285303,0.432154179,0.401186794,-0.261304379,0.983772635,0.521869838,0.328924358,-0.506740451,0.980461836,0.486640126,0.331690609,-0.499000788,0.96662873,0.514778018,0.301462501,-0.551315367,0.948606789,0.498653948,0.307742447,-0.547938168,0.915157378,0.51136905,0.284696221,-0.539563775,0.944594145,0.498077452,0.290040791,-0.533207476,0.902738273,0.511998594,0.290751129,-0.505062222,0.907907903,0.495762348,0.295201153,-0.496748984,0.851740003,0.531478524,0.497751564,-6.15E-05,0.999792039,0.468830109,0.495545238,-6.63E-05,0.999750137,0.544069052,0.693044603,-0.036708038,0.996199131,0.449862868,0.69027555,-0.064670421,0.995855927,0.559857309,0.845505416,0.220933601,0.992539763,0.412193388,0.84408772,0.15257673,0.991487384,0.555546403,0.862897396,0.239557236,0.852912962,0.408787817,0.860941887,0.167796001,0.832012892,0.566270769,0.911422312,0.095452145,0.982542634,0.41792202,0.916211426,0.013608918,0.982244849
1,0.49705416,0.39687106,-0.225339457,0.99991107,0.503360629,0.38079825,-0.205563039,0.999948204,0.506242096,0.381825119,-0.205571771,0.999925852,0.509490788,0.383189052,-0.205635101,0.999919355,0.49168548,0.379625738,-0.20623906,0.999950588,0.487603277,0.379644692,-0.206266209,0.99993962,0.483391523,0.380114079,-0.206299394,0.999936044,0.515435815,0.393566459,-0.100481309,0.99988687,0.477250755,0.389799118,-0.102846399,0.999924421,0.503787756,0.415003806,-0.186735064,0.999953866,0.489182323,0.413267314,-0.18774648,0.999955595,0.540490031,0.484256059,-0.062201124,0.999843001,0.450725317,0.477423638,-0.085657999,0.999915242,0.564363062,0.591082871,-0.218221992,0.979140699,0.435541451,0.584251344,-0.230813697,0.981909454,0.514822483,0.50180614,-0.393196881,0.979507327,0.486211121,0.499821305,-0.372676522,0.972150147,0.507636189,0.475692123,-0.423661143,0.952971756,0.495018572,0.478887528,-0.401489109,0.920512259,0.505552113,0.468244255,-0.400968462,0.946174204,0.493412107,0.469450504,-0.378690064,0.90516299,0.505845189,0.475797772,-0.386886299,0.920722663,0.491329759,0.476041913,-0.365179181,0.874202669,0.530241072,0.689429283,0.008080541,0.999990642,0.470222622,0.692179263,-0.008324329,0.999981582,0.586802304,0.863425255,-0.055552047,0.99146831,0.436758757,0.878756404,-0.040254775,0.989591002,0.556070447,0.817526162,0.271761626,0.511647701,0.424972296,0.834645867,0.293850362,0.389577687,0.555004299,0.808666766,0.310126036,0.295958132,0.424505621,0.816238761,0.332990229,0.204195037,0.563374341,0.863799989,0.345446199,0.462565184,0.407581985,0.872790635,0.370228708,0.352050096
0,0.520576656,0.181627512,-0.397519082,0.99995476,0.527334154,0.161605254,-0.382282287,0.999913394,0.531351686,0.161522269,-0.382304251,0.999920547,0.534056067,0.161299661,-0.382345378,0.999885201,0.513440728,0.160392255,-0.383912921,0.999890327,0.508577228,0.159758717,-0.383997262,0.999905109,0.50423944,0.15940921,-0.384031892,0.999889374,0.540329635,0.167699441,-0.249747783,0.999881923,0.496939957,0.164689809,-0.256064326,0.999863803,0.527551472,0.201071203,-0.343677908,0.999960423,0.511043072,0.199797168,-0.346110672,0.999959111,0.56814456,0.259853154,-0.145498723,0.999935031,0.464782894,0.254502922,-0.155459106,0.999898672,0.583161414,0.405537039,-0.284114659,0.988857627,0.444963932,0.407077819,-0.287293851,0.980902374,0.536305666,0.316498101,-0.525678813,0.978805244,0.499686182,0.319723248,-0.526034713,0.967513978,0.532320857,0.288828611,-0.56932199,0.939370215,0.510603309,0.293964684,-0.573549628,0.915471852,0.528766036,0.272656113,-0.551810622,0.93203342,0.509580553,0.277136028,-0.557650387,0.901128054,0.528439283,0.279210061,-0.521781623,0.886376619,0.50769645,0.284031749,-0.52290982,0.84000963,0.537853062,0.503767192,0.004293611,0.999578953,0.475661337,0.500764489,-0.0043547,0.999710083,0.5488922,0.691148996,-0.034221746,0.995378613,0.454523653,0.691014707,-0.136354834,0.99632287,0.560199499,0.84608978,0.246018097,0.990636587,0.410578102,0.844250798,0.068645023,0.995168149,0.555110097,0.862997115,0.266361177,0.838352323,0.404779732,0.861925006,0.082026564,0.879609227,0.569443047,0.911174417,0.123239122,0.979419053,0.41809693,0.918908119,-0.082083568,0.989466906
1,0.490776151,0.394793749,-0.204755977,0.999897182,0.496853262,0.378749877,-0.184234932,0.999936283,0.499782175,0.37961036,-0.184236065,0.999904811,0.50343591,0.380797505,-0.184274614,0.999895334,0.485420227,0.37785247,-0.185729638,0.999928653,0.48117891,0.378026336,-0.185751945,0.999910593,0.477083206,0.378388584,-0.185745493,0.999907672,0.509208083,0.391561508,-0.076534167,0.999861002,0.470392376,0.389128953,-0.083424985,0.999889433,0.497215658,0.412855119,-0.165135235,0.999948919,0.48268953,0.412052751,-0.167396098,0.999946535,0.533447921,0.481523842,-0.033816658,0.999897659,0.444078773,0.477505744,-0.05656264,0.99990797,0.55810976,0.589229643,-0.165502682,0.978480697,0.431423903,0.589494467,-0.184463024,0.979815722,0.509845614,0.506117344,-0.33744207,0.97995913,0.47984004,0.503217518,-0.319979131,0.974950075,0.503076792,0.479898363,-0.366765112,0.952890456,0.48756066,0.480769515,-0.347683668,0.928081214,0.50128758,0.47070089,-0.343734294,0.945633709,0.485726446,0.470355451,-0.326971859,0.91306293,0.501474023,0.477801949,-0.33088693,0.92101258,0.483801275,0.477606148,-0.313240796,0.881680191,0.525299489,0.685541511,0.009117122,0.999992549,0.46628052,0.692174137,-0.009332795,0.999978244,0.585504472,0.845143557,-0.075808659,0.995572984,0.435563326,0.871717155,-0.061683081,0.993370175,0.554413319,0.839514077,0.25205633,0.83890301,0.418783516,0.838375628,0.284926236,0.637837648,0.544631183,0.828911185,0.289053708,0.544504404,0.417915046,0.819892883,0.324204594,0.339373767,0.562970042,0.904064417,0.291916996,0.768817365,0.407270759,0.892332196,0.34110111,0.569916666
1,0.552716136,0.351072401,-0.064206876,0.99999088,0.559779882,0.339258492,-0.074375972,0.999993205,0.56221211,0.339816272,-0.074371643,0.999992847,0.565096021,0.340571076,-0.074419692,0.99999088,0.556450903,0.338429719,-0.05044527,0.999990404,0.556257188,0.33814311,-0.050430369,0.999990523,0.556125998,0.337811917,-0.050451417,0.999990642,0.578371882,0.352873176,-0.081190631,0.999993265,0.565871894,0.346018523,0.02882481,0.999982059,0.556641102,0.367358029,-0.064626142,0.999993265,0.552831709,0.365598559,-0.033243451,0.999987304,0.595511675,0.443280548,-0.098156333,0.999985754,0.540766299,0.411349475,0.080190472,0.999964297,0.561591804,0.528522015,-0.12405517,0.980793953,0.498199791,0.493784785,-0.009813127,0.743626416,0.535885096,0.436449647,-0.101313911,0.982821584,0.515572667,0.446927011,-0.202512428,0.904176354,0.531654477,0.414659679,-0.112509489,0.959673047,0.518303275,0.43017891,-0.227921516,0.85883826,0.534670949,0.40977937,-0.10396041,0.954498172,0.521484911,0.423723847,-0.227912664,0.844954729,0.53676188,0.414764404,-0.093925551,0.928623796,0.522935271,0.430440426,-0.20839949,0.824627936,0.538244128,0.625785053,-0.048345014,0.999996841,0.499223799,0.600855708,0.048267003,0.999995887,0.519427657,0.782231748,-0.131270379,0.998968065,0.438272178,0.718749762,0.034051992,0.984664261,0.590047896,0.778689384,0.1181003,0.923603892,0.502915204,0.713716567,0.273151845,0.681237757,0.599906385,0.76205945,0.148026645,0.764406264,0.50713551,0.691931903,0.302671373,0.485896319,0.586963356,0.824577332,0.183863431,0.906924665,0.506224394,0.752749026,0.346475154,0.697619855
0,0.462912887,0.161235571,-0.137519211,0.999977887,0.467511564,0.143994898,-0.151881471,0.999961913,0.470133245,0.143413067,-0.151878938,0.999964297,0.472884715,0.142471924,-0.151866585,0.999955297,0.463538229,0.143811598,-0.124947786,0.999954879,0.463208765,0.143316984,-0.124931917,0.999950588,0.463013113,0.142692938,-0.124956645,0.99994719,0.487958372,0.144920006,-0.159945264,0.999965131,0.475399882,0.144568831,-0.037697256,0.999901056,0.471298277,0.176546067,-0.136421815,0.999976873,0.466530085,0.176708877,-0.10154245,0.999955416,0.526103973,0.230704263,-0.16669488,0.999943435,0.469676197,0.233570963,0.055339295,0.999896407,0.511606753,0.359408498,-0.177385688,0.974888146,0.454039186,0.34669888,-0.03390659,0.564845979,0.470064104,0.277668089,-0.138751566,0.971255481,0.455617905,0.291861683,-0.263970912,0.84561336,0.461884499,0.254609793,-0.148673654,0.946450591,0.453474104,0.267799079,-0.295115888,0.788570523,0.464785576,0.247836128,-0.142399192,0.940978169,0.455426604,0.258331716,-0.290266663,0.767662823,0.468232393,0.250591755,-0.131826147,0.905724823,0.457255661,0.265550792,-0.269392937,0.72365427,0.52840066,0.448049933,-0.066381328,0.999811828,0.48773247,0.454507858,0.066243932,0.999750674,0.5487414,0.617237687,-0.071237713,0.999494195,0.503096759,0.597633183,0.197296217,0.994656742,0.595305204,0.763915837,-0.009031808,0.999223113,0.515233517,0.714250207,0.413749069,0.992375791,0.607986689,0.784540892,-0.010077019,0.968154728,0.526903987,0.725293219,0.431595743,0.961480379,0.585173965,0.838513434,-0.134632051,0.998714387,0.496452719,0.770547569,0.382151753,0.994451523
1,0.553891838,0.3533476,-0.074052662,0.999979675,0.560974717,0.341837436,-0.082379505,0.999984622,0.56364435,0.342561305,-0.082370132,0.999983609,0.56653738,0.343442976,-0.082399569,0.999977708,0.557373106,0.341099977,-0.060504384,0.999980032,0.557065845,0.340977669,-0.060494374,0.99998039,0.556798458,0.340829283,-0.0605314,0.99998039,0.579846025,0.355856061,-0.081138626,0.99998039,0.566285729,0.349445134,0.019735847,0.999963641,0.558298588,0.369460523,-0.071651712,0.99998486,0.553786337,0.367538333,-0.042699132,0.999974787,0.597638011,0.444243312,-0.086102709,0.999974191,0.539897859,0.413280874,0.067845516,0.999954641,0.565081894,0.532261312,-0.132317841,0.974106729,0.493866056,0.49235335,-0.021731485,0.826476693,0.540053308,0.440805852,-0.149980083,0.980743229,0.519870758,0.446745396,-0.209298208,0.930825353,0.536098719,0.419102848,-0.16744478,0.956507742,0.525822759,0.428098381,-0.235643506,0.884873152,0.539392114,0.41411379,-0.157965019,0.951414764,0.530326545,0.423051417,-0.232865572,0.871358693,0.541246176,0.418581992,-0.143730059,0.923130691,0.530585408,0.429119498,-0.213150948,0.8518067,0.540833354,0.628987014,-0.044260673,0.999996305,0.500662029,0.603145599,0.044156767,0.999994874,0.520123839,0.78211236,-0.128305778,0.998676658,0.435729265,0.718272388,0.025354192,0.984553039,0.588472188,0.775138497,0.131197751,0.902633131,0.501069188,0.708658099,0.279607922,0.605695546,0.599446058,0.760037005,0.162461907,0.720737994,0.503063977,0.691040099,0.311741531,0.425686777,0.586281657,0.823458016,0.196158439,0.871545076,0.496504962,0.748170137,0.357357889,0.619136631
0,0.463238567,0.16638431,-0.156735778,0.999826193,0.467394918,0.14829506,-0.167347401,0.99964571,0.469737113,0.147599205,-0.167361245,0.99966687,0.472602606,0.146458879,-0.167347729,0.999604583,0.463243872,0.148175374,-0.143753633,0.999597967,0.462781727,0.147687539,-0.143760026,0.999550521,0.462480128,0.146969557,-0.143832475,0.999545455,0.488218725,0.148510039,-0.160277456,0.999559402,0.473779351,0.148311213,-0.053245287,0.999249339,0.471896559,0.180814341,-0.14994809,0.999780357,0.467009366,0.181472927,-0.119273737,0.999679089,0.527791083,0.233941376,-0.157279164,0.999768615,0.466426194,0.238594145,0.039816916,0.999772489,0.510402322,0.361359715,-0.221548408,0.958981991,0.449111313,0.349676669,-0.041781276,0.51976496,0.46930185,0.274847746,-0.25974077,0.968859434,0.452552646,0.283400387,-0.266586035,0.837770045,0.460900366,0.250309765,-0.277108878,0.945855081,0.451160908,0.256438166,-0.297352463,0.771178603,0.463980287,0.242837086,-0.2679649,0.938722134,0.45377773,0.247719914,-0.288478076,0.740543365,0.467684329,0.247173205,-0.25380677,0.892162979,0.455886304,0.254615545,-0.269767821,0.684934199,0.529035449,0.455149233,-0.05046938,0.999672711,0.485931814,0.457310349,0.050358046,0.999654651,0.546692669,0.625191092,-0.058641762,0.998941839,0.491459787,0.596853197,0.073715165,0.995242417,0.594512641,0.767200112,0.034962527,0.998965263,0.508815587,0.707208872,0.298535198,0.992123365,0.605939388,0.785601497,0.036875792,0.948952913,0.52025193,0.718443751,0.317388147,0.958245754,0.584764123,0.843530178,-0.08561103,0.997872949,0.496383816,0.77088654,0.258152157,0.993250132
1,0.550041556,0.329491466,-0.036899887,0.999986708,0.557006121,0.318129778,-0.04532434,0.999990284,0.559673548,0.318734378,-0.045323897,0.99998945,0.562586665,0.319416314,-0.045367353,0.999987662,0.553637385,0.317433327,-0.022469027,0.999986112,0.553412497,0.317291558,-0.022455163,0.999985695,0.553232551,0.31708619,-0.022476254,0.999987364,0.57595706,0.331343025,-0.048351385,0.999990821,0.562797189,0.325818807,0.056629986,0.999973714,0.554316223,0.345667064,-0.036196083,0.999990702,0.550058722,0.343531936,-0.006072716,0.999981225,0.593699574,0.415343612,-0.066022061,0.999985695,0.538495839,0.394848138,0.103055142,0.999949813,0.563391447,0.507457256,-0.108330987,0.979208946,0.497242123,0.483545393,0.010724561,0.733724833,0.530801415,0.421913832,-0.106413886,0.978754282,0.514182627,0.431666702,-0.186224028,0.903122485,0.523867905,0.400933206,-0.121646062,0.951472759,0.515498459,0.413270324,-0.215708688,0.857282579,0.526641905,0.39391908,-0.112265304,0.945021212,0.518953681,0.405100077,-0.21440658,0.842187464,0.529624164,0.39901343,-0.099325508,0.913850784,0.520952344,0.411536962,-0.191801086,0.81875962,0.540661812,0.60840559,-0.0451167,0.999996483,0.500015318,0.584668815,0.045012586,0.999995232,0.522116005,0.764644623,-0.132334456,0.999142051,0.437126577,0.704419076,0.027567187,0.989848077,0.590984404,0.778061271,0.117704071,0.959066272,0.499587774,0.711304724,0.28280279,0.816191375,0.603348196,0.765828788,0.147341341,0.809228182,0.506609082,0.690804541,0.314843118,0.63269943,0.584189594,0.830147743,0.166265845,0.94544971,0.497978628,0.753278971,0.354339212,0.817109168
1,0.491890013,0.47501111,-0.487807184,0.999740362,0.498420656,0.456593096,-0.472832263,0.999409556,0.502602696,0.45634684,-0.472821891,0.999316812,0.505447745,0.45624724,-0.472932726,0.998961091,0.484682947,0.456837177,-0.471600294,0.999617338,0.480721474,0.456684828,-0.471737146,0.999620318,0.477446616,0.45686233,-0.471772283,0.999513626,0.512029529,0.460977882,-0.361993223,0.997888386,0.472058594,0.462402344,-0.356646091,0.999521375,0.499728024,0.494537145,-0.444149911,0.999539554,0.485104382,0.495473444,-0.44284907,0.999733627,0.537281632,0.54566133,-0.256038696,0.9883793,0.450246006,0.555099547,-0.2530936,0.99784261,0.547077537,0.655068696,-0.238131672,0.388231903,0.435109913,0.652130365,-0.24039945,0.732791305,0.510101914,0.710930288,-0.250148475,0.042072441,0.473106474,0.713123381,-0.260499954,0.140913606,0.504267454,0.723306119,-0.26585567,0.042452626,0.480590492,0.730435014,-0.279379457,0.107920982,0.501983106,0.714409053,-0.27047351,0.037915628,0.484695435,0.716219008,-0.282564729,0.094397172,0.500657678,0.710486174,-0.251521409,0.035346035,0.483696938,0.713792264,-0.261658043,0.081258431,0.523717284,0.668715179,-0.002118438,0.998757184,0.460068136,0.676951885,0.002165351,0.999293208,0.582670867,0.679804206,-0.291711658,0.940916121,0.399302423,0.666119754,-0.291796118,0.984455407,0.587504447,0.816186011,-0.106106438,0.953856707,0.397104621,0.815968752,-0.115875602,0.992400765,0.575031102,0.839975476,-0.091609403,0.935905516,0.407380283,0.839546621,-0.102579519,0.968125463,0.610199869,0.870289207,-0.193724468,0.904041946,0.373848736,0.866330564,-0.210662454,0.966726482
0,0.488823265,0.191714376,-0.630242288,0.99998492,0.496651709,0.17247577,-0.616736948,0.999977291,0.501712382,0.172270998,-0.616710305,0.999976754,0.50529635,0.172224134,-0.61681056,0.999969244,0.48244381,0.172944233,-0.612157524,0.999978542,0.47850132,0.172981337,-0.612310052,0.999979854,0.475199461,0.173789889,-0.612353444,0.999976575,0.512973905,0.177352369,-0.484086454,0.999952555,0.473753303,0.179295152,-0.463466227,0.999968052,0.498621613,0.211789191,-0.577473521,0.99997282,0.482194752,0.212777585,-0.572189033,0.999975622,0.542933702,0.27221778,-0.36105603,0.999336183,0.447091639,0.269437581,-0.345830739,0.999786556,0.545452237,0.40197283,-0.414032847,0.87657851,0.439133227,0.392163336,-0.419240952,0.770234406,0.516094387,0.467487961,-0.572031677,0.429357797,0.469311625,0.432700306,-0.618837774,0.313709885,0.508840322,0.484847516,-0.6179232,0.342124134,0.475726783,0.447906077,-0.670110941,0.287188947,0.507458985,0.475057334,-0.630039752,0.329949081,0.478322268,0.43443951,-0.677984178,0.271095306,0.507730842,0.465703756,-0.580055356,0.262882441,0.477409542,0.427720249,-0.626907647,0.214852631,0.523050666,0.478011608,0.000892782,0.999725997,0.458724171,0.471111506,-0.001112046,0.999777198,0.551508904,0.659820676,-0.025418039,0.989854693,0.434051216,0.661750019,-0.01516438,0.994265974,0.587344646,0.811726987,0.211535022,0.991719782,0.3973566,0.818396509,0.194247514,0.995941401,0.583732486,0.830296516,0.226851135,0.888351083,0.402602375,0.842877388,0.207393095,0.872266412,0.600932121,0.866426349,0.073666677,0.980344355,0.380221546,0.869498432,0.050411452,0.986517847
1,0.490165293,0.464314401,-0.468603522,0.998608172,0.497107685,0.446910053,-0.455203861,0.996427596,0.501350701,0.446762383,-0.45516634,0.996065497,0.504467487,0.446751028,-0.455264479,0.993477166,0.483760446,0.446563423,-0.454057217,0.997741997,0.479783535,0.446152449,-0.454176843,0.997863412,0.476539195,0.446138114,-0.4541834,0.997195005,0.510967791,0.45158428,-0.350422472,0.986745477,0.471586317,0.452995509,-0.345257819,0.997127295,0.498019278,0.48378855,-0.426398516,0.997858942,0.483544201,0.48516196,-0.425141722,0.998936892,0.537212908,0.523395479,-0.234900042,0.974230111,0.44808799,0.539371908,-0.237753198,0.996730626,0.547894597,0.637605429,-0.169231966,0.330209106,0.432480752,0.642865002,-0.185907394,0.825057268,0.521444321,0.692122459,-0.136232167,0.04221135,0.468972594,0.701616645,-0.160224125,0.289913088,0.515559077,0.707827568,-0.140627772,0.047354251,0.47660017,0.718687892,-0.169478193,0.222735688,0.510685325,0.703092396,-0.149448946,0.04255493,0.482653946,0.709782422,-0.173942894,0.202171117,0.512530684,0.696745276,-0.137670875,0.04125797,0.481131077,0.702460706,-0.16034615,0.174441054,0.518955588,0.648329437,-0.00019424,0.998588681,0.465663195,0.650874734,0.000279668,0.999206603,0.578757226,0.674899101,-0.292045027,0.961461604,0.40452832,0.666536868,-0.296763927,0.98363167,0.58828032,0.816122353,-0.122870468,0.969450176,0.39708209,0.813443601,-0.138942927,0.993808746,0.576584935,0.840563297,-0.110007763,0.95109123,0.406861842,0.838314652,-0.127073929,0.970819116,0.6077438,0.869859636,-0.211198717,0.937329173,0.374913841,0.865247488,-0.237949535,0.976397991
0,0.486208051,0.199184269,-0.63863349,0.999981105,0.494189411,0.179520041,-0.622246802,0.999955773,0.498933613,0.179306179,-0.622226536,0.999953389,0.503087163,0.179058611,-0.62232554,0.99991715,0.48043561,0.179433003,-0.617174745,0.999969363,0.476665437,0.179317072,-0.617316544,0.999973595,0.472917855,0.179410428,-0.617318451,0.999962628,0.509540856,0.183208227,-0.495827377,0.999851763,0.471223444,0.184134722,-0.472587734,0.999963284,0.495941579,0.218893752,-0.584100127,0.999968588,0.479503542,0.219680369,-0.577577591,0.999981463,0.540593505,0.278582424,-0.373545557,0.999132156,0.444831908,0.272764385,-0.360398233,0.99983871,0.544401884,0.414825171,-0.483474076,0.888513863,0.43665266,0.400361747,-0.458490223,0.834163666,0.508015692,0.444537997,-0.675519228,0.541948676,0.464481831,0.439138889,-0.681950748,0.404678226,0.495527029,0.452610642,-0.72733742,0.472911507,0.470365375,0.456589431,-0.73621124,0.382298231,0.495655388,0.436515033,-0.730841994,0.450344503,0.474606901,0.44177115,-0.742557943,0.357473195,0.494641632,0.434561759,-0.680583239,0.351171732,0.474104553,0.434751332,-0.689643979,0.280687153,0.520873547,0.484498143,-3.72E-05,0.999780834,0.456724644,0.478916377,-0.000179673,0.999827266,0.552608192,0.662476361,-0.026748881,0.98893851,0.430776209,0.662035644,-0.017395176,0.993541658,0.587512076,0.812793136,0.218831256,0.990542293,0.397808939,0.817328155,0.21342802,0.995886922,0.582866788,0.831441343,0.234926701,0.899042428,0.402990639,0.838950932,0.228891686,0.887541413,0.603462338,0.866992295,0.083489507,0.977130413,0.380297989,0.869257271,0.078417614,0.986351788
1,0.492079586,0.471303731,-0.50665915,0.999259353,0.499123156,0.452157676,-0.491888344,0.998326659,0.502978444,0.45144996,-0.491899192,0.99816376,0.506042957,0.451125562,-0.492033958,0.997029603,0.485552162,0.454993188,-0.490079552,0.998815119,0.48135367,0.455765694,-0.49020353,0.998814821,0.477976561,0.456514478,-0.490225315,0.998306394,0.513192177,0.456971824,-0.380949944,0.994508088,0.473881096,0.46234253,-0.372389078,0.998190463,0.500006855,0.489788353,-0.462723583,0.999019682,0.485456556,0.491613388,-0.460556328,0.999427319,0.539905071,0.533955991,-0.27413252,0.985960662,0.449709982,0.547538817,-0.256904274,0.996447861,0.549394667,0.649057746,-0.264205784,0.437138736,0.439196348,0.654790819,-0.262334883,0.692032158,0.527654648,0.692684352,-0.289069206,0.06001408,0.463277996,0.692942739,-0.335455596,0.184652224,0.525410235,0.707441151,-0.306424916,0.065997668,0.466523349,0.710924387,-0.359075129,0.167029083,0.52161032,0.701452255,-0.313569963,0.057609063,0.470410049,0.698140264,-0.364511132,0.145582706,0.519889355,0.692790926,-0.291290313,0.04876731,0.470814139,0.689794362,-0.338895321,0.113549724,0.525193632,0.655111849,-0.002788873,0.998902082,0.468415499,0.66192472,0.002866371,0.999391854,0.581484556,0.671082079,-0.30434829,0.962204754,0.407136053,0.663894951,-0.305146456,0.982237816,0.587984681,0.81566,-0.129756004,0.974045098,0.397424042,0.816828072,-0.139874846,0.995331228,0.576376259,0.836809099,-0.117423199,0.950222015,0.407837451,0.838499784,-0.128160685,0.970355392,0.607739151,0.868797064,-0.230263665,0.945972443,0.373965353,0.865501046,-0.249043852,0.979880214
0,0.488859087,0.194401607,-0.618080914,0.999990463,0.49710989,0.175283343,-0.603752196,0.999981284,0.501936853,0.175361142,-0.603732705,0.99998033,0.505880713,0.17546092,-0.603826225,0.999966204,0.483288914,0.174464956,-0.598856628,0.999985278,0.479619324,0.174394637,-0.599014699,0.999987245,0.475773811,0.174380049,-0.599057794,0.999982178,0.512719035,0.180490583,-0.469149739,0.999950469,0.473779529,0.180510685,-0.44742918,0.999982357,0.498569727,0.214382783,-0.565279007,0.999985337,0.482007414,0.214777634,-0.559568405,0.999989331,0.543234229,0.277077377,-0.349463344,0.999419272,0.447205782,0.272204429,-0.337225795,0.999873698,0.547889352,0.407876372,-0.444612503,0.907075882,0.440281242,0.397914857,-0.442542553,0.823660791,0.511996686,0.431843132,-0.626476586,0.510607541,0.468331575,0.42255795,-0.663794577,0.416080207,0.499746323,0.445074171,-0.675302148,0.431224197,0.474014759,0.433540672,-0.718209028,0.392802775,0.499968231,0.431020021,-0.682726324,0.407730907,0.477138042,0.41978693,-0.724076569,0.364182144,0.501557231,0.424796432,-0.632932782,0.314965665,0.476477236,0.415947795,-0.671442926,0.280969977,0.522182763,0.482251406,0.000838242,0.99977839,0.458054841,0.473888278,-0.001051768,0.999854624,0.554104209,0.665107608,-0.019858647,0.989047706,0.430642784,0.663480461,-0.000817093,0.994552433,0.5877316,0.812961638,0.219190508,0.99113673,0.397636533,0.818515778,0.212890819,0.996508539,0.582420886,0.831582367,0.234939307,0.904419065,0.403038174,0.842170894,0.226353258,0.895935953,0.60475862,0.867594302,0.085509285,0.977906466,0.379159272,0.869919002,0.073634259,0.987646699
1,0.456524044,0.468816578,-0.254276276,0.999989808,0.461501747,0.452160954,-0.266416907,0.999995708,0.463822663,0.451499313,-0.266334116,0.999995649,0.466525406,0.45085904,-0.266384602,0.999995291,0.457910687,0.451696068,-0.233014584,0.999991775,0.457533449,0.450977296,-0.233110398,0.999993443,0.457317412,0.4499892,-0.233113453,0.999991536,0.481821924,0.454631835,-0.267463386,0.99999696,0.470556676,0.452808797,-0.119602047,0.99998188,0.463249534,0.487293065,-0.254279435,0.999996066,0.459243953,0.48668915,-0.211884528,0.999991477,0.526777804,0.541579902,-0.278086007,0.999980867,0.479110569,0.54391247,-0.006725095,0.999884248,0.520627797,0.680649519,-0.274513572,0.973208606,0.474914551,0.64362365,-0.11644347,0.2178161,0.479817957,0.589607,-0.164301932,0.969043016,0.462988287,0.585910618,-0.319716454,0.458003342,0.467652172,0.570476472,-0.176456615,0.945750475,0.45913735,0.562044382,-0.336914718,0.433406442,0.473241746,0.553451598,-0.176504135,0.943214595,0.462496698,0.553361833,-0.327783406,0.412680417,0.477549851,0.559361219,-0.159540743,0.912650406,0.466163158,0.55916661,-0.320404947,0.387142539,0.586450458,0.682296097,-0.080152087,0.999997318,0.545844615,0.678583443,0.080079742,0.999987245,0.533388436,0.735572875,-0.421728134,0.99819082,0.454628378,0.650430143,-0.040719446,0.845946789,0.583232641,0.907128334,-0.344191611,0.993528664,0.472925514,0.781953096,0.050422467,0.917328537,0.598288119,0.921760201,-0.339841425,0.972589016,0.488178879,0.809586942,0.054540813,0.9071334,0.555975318,0.962434053,-0.440456003,0.995030642,0.434918165,0.818907917,-0.008710066,0.963281393
0,0.397467256,0.178661585,-0.262890309,0.999943614,0.403188854,0.158851996,-0.283459604,0.999957085,0.406404078,0.158290759,-0.28343159,0.999962389,0.409599453,0.157672971,-0.28348726,0.999959528,0.398512125,0.158327922,-0.2451258,0.999943435,0.397953004,0.157467857,-0.245183036,0.999946594,0.39748913,0.156572461,-0.245205164,0.999941468,0.425893962,0.163527772,-0.299575329,0.999959886,0.411066473,0.161314428,-0.129800662,0.999837279,0.405320555,0.198837787,-0.265009403,0.999945521,0.401029915,0.198092267,-0.216303319,0.999853849,0.46693784,0.272473425,-0.316916943,0.99985677,0.421414673,0.256096572,0.016455021,0.999104321,0.444343477,0.412868708,-0.241863459,0.969367325,0.410378277,0.374152631,-0.098016523,0.305609137,0.400592387,0.329295337,-0.035092246,0.937148273,0.39017731,0.327471346,-0.376449406,0.546365142,0.388124585,0.302236617,-0.0335497,0.906792045,0.379058331,0.299796432,-0.403323561,0.512315273,0.393683374,0.290842474,-0.035312556,0.907141328,0.384898514,0.292704165,-0.40285033,0.507281899,0.400279284,0.29580155,-0.026695583,0.86733073,0.391010582,0.299248874,-0.384407699,0.487147659,0.513446927,0.482796133,-0.112301394,0.99994123,0.476844847,0.488799572,0.11235784,0.999748886,0.533841491,0.688810945,-0.189255774,0.999033988,0.467343181,0.63714838,0.376637578,0.766471982,0.584375441,0.886512995,-0.216614768,0.998692214,0.473818213,0.779340506,0.671209693,0.829222202,0.602296591,0.915216327,-0.225306392,0.97856921,0.4878591,0.8156991,0.697840571,0.733284533,0.553677678,0.963779867,-0.36036703,0.997410595,0.433404386,0.819881022,0.673831165,0.925556004
1,0.451794297,0.456869841,-0.268516332,0.999991596,0.457287788,0.439726472,-0.280748218,0.999996781,0.459672689,0.439507008,-0.280674994,0.999996841,0.462461859,0.439008445,-0.280750304,0.999996603,0.453975499,0.43806228,-0.246958688,0.999993801,0.453848422,0.437021255,-0.247054487,0.999995053,0.453948736,0.43584913,-0.24704662,0.999993503,0.478780091,0.443698496,-0.279130608,0.999997795,0.468080342,0.440317869,-0.132645816,0.999985695,0.458758026,0.474902779,-0.268368185,0.99999696,0.455409914,0.473657101,-0.225797296,0.999993205,0.524446428,0.531791449,-0.282281697,0.999986649,0.475469977,0.530760705,-0.019434214,0.999890029,0.523464322,0.678236783,-0.254529893,0.974479139,0.475793511,0.636316419,-0.129868448,0.15156664,0.479741395,0.587646067,-0.123644628,0.968690395,0.465139776,0.581553459,-0.334654391,0.311002105,0.4692716,0.57027328,-0.129760876,0.944116831,0.460844517,0.56047374,-0.351030976,0.307934552,0.473470062,0.553726614,-0.128836393,0.943078756,0.464393198,0.551496327,-0.341141164,0.294561923,0.477495193,0.558062434,-0.117064878,0.910653591,0.467637122,0.556494057,-0.334683955,0.279227883,0.587744057,0.66618222,-0.080563948,0.999997437,0.546567798,0.66391027,0.080543391,0.999988139,0.535630047,0.738846242,-0.447452128,0.998090446,0.452700555,0.651295364,-0.071573026,0.831218958,0.582702994,0.904665947,-0.333603442,0.993186593,0.472068846,0.78193748,0.03353703,0.903018177,0.599924684,0.919388592,-0.324908674,0.972627223,0.489336789,0.809705198,0.039659999,0.875534177,0.555983245,0.95787853,-0.425584495,0.994239032,0.434415638,0.822009385,-0.026671046,0.949463665
0,0.389876068,0.187464371,-0.144229665,0.999965072,0.393918961,0.167186633,-0.168853447,0.999975324,0.395959347,0.166484565,-0.168864638,0.999978244,0.398317605,0.165647045,-0.168927997,0.999977171,0.391140789,0.167307645,-0.129731685,0.999967575,0.391204655,0.166394845,-0.129753321,0.999967515,0.391351819,0.1651337,-0.129762739,0.999964058,0.415038437,0.169491798,-0.210349724,0.999976039,0.406376451,0.167919174,-0.037375145,0.999901533,0.398399144,0.203494772,-0.155757129,0.999962389,0.394450814,0.203911141,-0.106331266,0.999904275,0.453785181,0.279337764,-0.256360859,0.999845445,0.416410595,0.265423715,0.090517506,0.99927479,0.434617043,0.423327029,-0.183323175,0.95653969,0.412937403,0.393863589,-0.025282701,0.176774636,0.395772398,0.345115244,0.046099685,0.902253032,0.384626776,0.333348572,-0.281532615,0.363099188,0.387734443,0.312330931,0.05481603,0.857958674,0.380461574,0.306685835,-0.304903984,0.3692213,0.39210856,0.299621314,0.053694606,0.861159861,0.384225398,0.296632528,-0.300133765,0.365139514,0.396370828,0.307366461,0.055598807,0.819928348,0.388020486,0.303152233,-0.287794292,0.339415431,0.486484677,0.508282781,-0.11154677,0.999944389,0.453317344,0.511202931,0.111512087,0.999782145,0.524532795,0.707903564,-0.186925903,0.99881649,0.453162849,0.636619985,0.3390221,0.851811528,0.583548903,0.901116431,-0.231631085,0.998955607,0.475340426,0.767072439,0.579230428,0.898127735,0.599391878,0.926137388,-0.240829557,0.98875457,0.488120705,0.805201292,0.60029161,0.808015525,0.553482473,0.967244565,-0.360653728,0.998331845,0.437053025,0.814696312,0.579443753,0.958811998
1,0.459467113,0.466607273,-0.27320078,0.999993563,0.465175629,0.448753148,-0.286976039,0.999997735,0.467702955,0.448676765,-0.286904395,0.999997616,0.470605373,0.448307127,-0.286980003,0.999997556,0.461316496,0.446466714,-0.252711833,0.999995053,0.460964262,0.445148945,-0.252818376,0.999996066,0.460825503,0.443625718,-0.252819806,0.999994695,0.486794531,0.453631163,-0.293068886,0.99999845,0.475052536,0.449058145,-0.140555546,0.999988496,0.466549635,0.484969079,-0.274318874,0.999998152,0.462633133,0.4838278,-0.230852053,0.999995708,0.530570924,0.540944159,-0.296281904,0.999989808,0.484720945,0.535440385,-0.017554449,0.99991262,0.529028296,0.683225572,-0.272090495,0.969756246,0.48557049,0.637456536,-0.075638987,0.129717752,0.486213744,0.592128575,-0.15075016,0.96933347,0.470735639,0.590596974,-0.22562699,0.312247545,0.475004375,0.57546711,-0.161808282,0.945589721,0.46492976,0.573343217,-0.232999757,0.31867373,0.479070485,0.558950782,-0.163427383,0.944247842,0.467989266,0.564591765,-0.229710609,0.30753234,0.48362273,0.562076628,-0.14624089,0.910757482,0.471851498,0.567099094,-0.2270381,0.295045704,0.592416883,0.677306712,-0.08372958,0.999997914,0.551352322,0.671625912,0.083731182,0.99998945,0.539811492,0.735436141,-0.441099226,0.997880042,0.456149995,0.648746371,-0.044359531,0.830789268,0.583805859,0.906791151,-0.337998986,0.992140651,0.474420071,0.781745553,0.067204788,0.909743845,0.600636899,0.923934996,-0.330487251,0.966852486,0.490168482,0.809177339,0.073679231,0.887051165,0.555254877,0.958419144,-0.431729615,0.993528426,0.435542583,0.820240974,0.009458692,0.956716776
1,0.491080433,0.342151493,-0.398194939,0.999994397,0.498205811,0.323457509,-0.385445148,0.999988914,0.502191901,0.322594762,-0.385424197,0.999988317,0.5051108,0.322341442,-0.385523766,0.999986172,0.484763294,0.324951649,-0.382475972,0.999980927,0.480344236,0.324846536,-0.382542729,0.999979138,0.477315009,0.325018972,-0.382532895,0.999979913,0.512706637,0.324026287,-0.269324094,0.999988377,0.474166244,0.327112287,-0.253937215,0.999982297,0.499618679,0.359497249,-0.351084381,0.999995887,0.484333992,0.362191528,-0.346924812,0.999994934,0.540570319,0.401974827,-0.163025469,0.999991179,0.452243567,0.398067981,-0.15383637,0.999974787,0.575584769,0.498112142,-0.291449636,0.996123195,0.411620945,0.490176469,-0.267211676,0.99812001,0.590265274,0.396240443,-0.506350875,0.994295955,0.402887106,0.387650967,-0.476417601,0.997473478,0.595080495,0.374526858,-0.546027303,0.979372561,0.398896605,0.364574134,-0.517244697,0.988866568,0.590116918,0.363618225,-0.53632009,0.977491379,0.403658628,0.354949504,-0.510552049,0.986893654,0.586258352,0.370914251,-0.507740617,0.962275565,0.406508625,0.362960786,-0.47923094,0.97764349,0.524573028,0.616587937,-0.001235557,0.99990201,0.46478039,0.616380036,0.001209475,0.999859691,0.557226717,0.753243029,-0.308629215,0.998009443,0.430616707,0.756105721,-0.262332976,0.997590423,0.557482719,0.891015768,-0.061168682,0.994700491,0.432099044,0.898544252,-0.036638282,0.997030139,0.550681472,0.90697664,-0.042720523,0.924687982,0.439267009,0.915778577,-0.020159978,0.957222044,0.566607952,0.962764919,-0.180532783,0.989936471,0.422526449,0.968598843,-0.155100495,0.994165361
0,0.491723359,0.16723901,-0.284854233,0.99999088,0.499559641,0.147375166,-0.275966346,0.999980986,0.504213929,0.146251112,-0.275978267,0.999978721,0.507553875,0.145156652,-0.2760306,0.999976754,0.485399872,0.148612216,-0.270464897,0.999975801,0.481188685,0.147954836,-0.270473361,0.999968588,0.477020562,0.147397876,-0.270463169,0.999970019,0.516378641,0.148103848,-0.170145348,0.999969661,0.473598868,0.150676608,-0.144719809,0.999958813,0.50209409,0.185533181,-0.240804628,0.999986887,0.484524876,0.186293989,-0.233778119,0.99998492,0.548715711,0.23965317,-0.083477303,0.999973118,0.449090391,0.232010141,-0.055565752,0.999942183,0.580737472,0.350889683,-0.208171636,0.994720042,0.406257093,0.339984685,-0.179986283,0.992294192,0.593072712,0.235516995,-0.424948305,0.995575011,0.402528346,0.220851049,-0.43037042,0.99482578,0.600908518,0.211243242,-0.466896534,0.985912085,0.400065243,0.196302578,-0.477766186,0.983722925,0.59616214,0.200216681,-0.464330763,0.985003293,0.406296968,0.187204763,-0.472285688,0.982681036,0.591118991,0.208686531,-0.428845793,0.978432,0.410013825,0.196072668,-0.435133696,0.97709918,0.528796732,0.511069298,-0.006733545,0.999641538,0.464034855,0.511577427,0.006686696,0.999617398,0.540063441,0.706490993,-0.035719492,0.994603574,0.453173637,0.715858281,-0.003581334,0.9942348,0.554731369,0.892948568,0.10558565,0.990468562,0.431708902,0.894101143,0.142115474,0.99016422,0.551385283,0.915368378,0.112723604,0.84094733,0.437506437,0.914927483,0.150259912,0.866612077,0.561442733,0.966148138,-0.026945531,0.983372629,0.423913628,0.962726772,0.017923795,0.981863916
1,0.491529703,0.348179072,-0.429086268,0.999996722,0.498883724,0.330216646,-0.417425543,0.999993384,0.502893567,0.329726756,-0.417371809,0.999992847,0.506175876,0.32917276,-0.417457819,0.999991357,0.484818876,0.330879539,-0.414243162,0.999989927,0.4804717,0.33095631,-0.414336205,0.99998951,0.47754541,0.330783814,-0.414328039,0.999990046,0.513999343,0.330895424,-0.304105073,0.999992788,0.474312454,0.331977725,-0.287600398,0.999991357,0.499658525,0.365266412,-0.38279441,0.999997139,0.483768553,0.368500352,-0.378526032,0.999996901,0.540758014,0.403064221,-0.198834062,0.999991298,0.451331317,0.399664462,-0.189354584,0.999984801,0.575347245,0.496774346,-0.326921016,0.996006548,0.40971607,0.486070365,-0.323938698,0.998657763,0.589451194,0.394243062,-0.533473432,0.99328959,0.400005341,0.388739645,-0.547766805,0.998155355,0.595960915,0.374105662,-0.572078645,0.975472987,0.395433843,0.365812033,-0.590856254,0.991600692,0.590648293,0.363886714,-0.562364936,0.973330259,0.400843233,0.356012553,-0.581130922,0.990126073,0.586162984,0.370811492,-0.534857988,0.957814038,0.403769404,0.364353895,-0.549898982,0.983103395,0.524909377,0.613184988,-0.001246598,0.999891698,0.46536988,0.613291323,0.00115429,0.999854982,0.555895925,0.757019579,-0.306147456,0.997489452,0.429493278,0.760885298,-0.238699004,0.996855259,0.556570351,0.890790403,-0.059088856,0.993710399,0.430813551,0.894524872,-0.012379198,0.995948851,0.55057627,0.905368388,-0.040851597,0.901124775,0.437959433,0.909556508,0.003876966,0.937251925,0.564775586,0.963564277,-0.177806601,0.988391459,0.421681643,0.965340912,-0.126314044,0.99200654
0,0.489088595,0.17125161,-0.237765044,0.999993742,0.49753052,0.151168495,-0.227778986,0.999987185,0.5023067,0.150484651,-0.22780177,0.999984205,0.505375504,0.150052547,-0.227845266,0.999983907,0.483507633,0.151424676,-0.224080443,0.999982893,0.479278237,0.150713012,-0.224074751,0.999976277,0.474975109,0.150105417,-0.22405386,0.999980032,0.513348937,0.151470795,-0.118818939,0.999977946,0.471250057,0.151432991,-0.098872103,0.999972522,0.498890787,0.190010011,-0.192186505,0.99998939,0.481213033,0.189902723,-0.186624557,0.999989212,0.543622613,0.237198263,-0.033792332,0.999983847,0.446481377,0.228122666,-0.005694843,0.999959648,0.575084031,0.342600286,-0.150631905,0.994341612,0.403641641,0.333909243,-0.121047698,0.992762566,0.588530838,0.232745662,-0.36026594,0.995957553,0.399131238,0.221733645,-0.36983192,0.995404303,0.595764279,0.20856376,-0.400639355,0.987146974,0.395325422,0.195190415,-0.416179985,0.984894991,0.591741979,0.199454457,-0.399638146,0.986239135,0.401669264,0.187219605,-0.411833376,0.984165847,0.587457061,0.207599491,-0.364878118,0.979988873,0.40542087,0.196432978,-0.375231177,0.979225278,0.525812805,0.50799787,-0.008957315,0.999684036,0.463014781,0.510706425,0.008914301,0.999628484,0.538598716,0.703039408,-0.032015204,0.995234847,0.452375114,0.712629616,-0.00527521,0.994335353,0.555083871,0.889770746,0.087878808,0.991591573,0.433313787,0.892530918,0.121247254,0.991398036,0.551996112,0.913785398,0.092556156,0.844320357,0.43922013,0.914455175,0.127297014,0.887577355,0.560348392,0.962013781,-0.048009206,0.985980093,0.425075352,0.963012755,-0.002707237,0.985249221
1,0.489974439,0.355320901,-0.435513556,0.999996305,0.49739489,0.335829854,-0.424765587,0.999991953,0.501502335,0.335306764,-0.424714029,0.999991477,0.504666686,0.334960312,-0.424810231,0.999989629,0.484130859,0.336267471,-0.420514494,0.9999879,0.47982502,0.335954517,-0.420604706,0.999987483,0.476819754,0.335558325,-0.420598209,0.999988139,0.512864232,0.336459965,-0.312752455,0.999991655,0.473686934,0.335211247,-0.291702688,0.999989986,0.497392833,0.372786582,-0.389559329,0.999996662,0.482420862,0.374749869,-0.383741558,0.999996483,0.541166902,0.406754076,-0.205063537,0.999990284,0.451200634,0.402221799,-0.191166908,0.999983549,0.57773459,0.499937177,-0.330421507,0.996722639,0.409077823,0.490763485,-0.322078973,0.998614371,0.593216062,0.399018645,-0.530720413,0.993687987,0.400290191,0.391515344,-0.544785738,0.998077393,0.598363221,0.380446255,-0.568209708,0.975964785,0.397171557,0.368363619,-0.587880731,0.991136193,0.593289375,0.369835079,-0.558902144,0.973712802,0.402124077,0.358430028,-0.57784158,0.989496827,0.588992,0.375948846,-0.531979442,0.957468152,0.404777676,0.367452085,-0.54677999,0.981856465,0.524854362,0.615983009,-0.001672141,0.999859989,0.464616716,0.615238845,0.001591081,0.999833941,0.556957722,0.758133292,-0.300524563,0.997661471,0.428664774,0.761823535,-0.261424482,0.997346938,0.557608724,0.890130341,-0.045202922,0.994215727,0.431257159,0.894204199,-0.029828783,0.996585727,0.550946593,0.905073047,-0.026420781,0.903241932,0.438433498,0.908014774,-0.013038775,0.946316659,0.565026581,0.963307202,-0.163055807,0.988337398,0.4225007,0.966532409,-0.145036981,0.992884219
0,0.491496891,0.164522067,-0.268619925,0.99999249,0.499281943,0.144065097,-0.25892204,0.999984384,0.503821969,0.143125921,-0.258948505,0.99998194,0.507102251,0.142491654,-0.258996487,0.999980628,0.485117018,0.144970074,-0.254232913,0.999979377,0.480787188,0.144316986,-0.254234046,0.999972403,0.476697117,0.143902779,-0.254230767,0.999974251,0.51565069,0.146866247,-0.149427906,0.999974251,0.473288953,0.148238018,-0.127991691,0.999963343,0.501621068,0.181641892,-0.223296016,0.999988794,0.484302938,0.182935268,-0.217481762,0.999987185,0.547780395,0.237163812,-0.066220313,0.999976397,0.449222654,0.228329241,-0.037907828,0.99993974,0.580393851,0.342548221,-0.199773878,0.994769275,0.406563222,0.330462933,-0.169159487,0.99150157,0.589702129,0.231339261,-0.427421659,0.996229291,0.401396215,0.217501134,-0.430177838,0.994680107,0.599455416,0.207445741,-0.470846355,0.988064766,0.398083866,0.189945385,-0.478612721,0.983483076,0.595369816,0.1988599,-0.468702614,0.987296045,0.404011011,0.181344017,-0.475017011,0.982555807,0.589780271,0.207857326,-0.431630313,0.981327951,0.408296019,0.190886751,-0.435952038,0.977100372,0.527056932,0.511362433,-0.008065455,0.999639928,0.463222355,0.513170898,0.008020153,0.999620557,0.541820645,0.71108681,-0.016165096,0.994379401,0.452368557,0.718381226,0.001794415,0.994405031,0.555502892,0.892986715,0.133350104,0.989625394,0.43335706,0.896008611,0.148996904,0.990562558,0.552417159,0.914896905,0.140996397,0.827059567,0.439601719,0.915614247,0.157130301,0.875767112,0.561897635,0.965616167,0.001230155,0.981848121,0.423541069,0.964295089,0.023805767,0.982142985
1,0.49183026,0.346586198,-0.427913427,0.999997079,0.498859227,0.328472853,-0.415455431,0.999994218,0.502837658,0.327799052,-0.415402263,0.999993622,0.506014168,0.327236384,-0.415479332,0.99999249,0.48501128,0.329713345,-0.412635744,0.999991298,0.480680466,0.329847008,-0.412734658,0.999990761,0.477645576,0.329674661,-0.412727445,0.999991477,0.513574481,0.328600943,-0.29993856,0.999993503,0.474358171,0.330703646,-0.285989344,0.999992371,0.500040591,0.363619387,-0.381088614,0.999997497,0.484259516,0.366701961,-0.377384424,0.999997199,0.540323079,0.40256533,-0.195251659,0.999991834,0.451464176,0.399209797,-0.187932238,0.99998492,0.574771047,0.494629502,-0.322038442,0.995870948,0.409965754,0.485860825,-0.322846353,0.998779058,0.589025021,0.394257367,-0.529010773,0.993335366,0.400506079,0.38726905,-0.544925332,0.998250544,0.595554113,0.373487443,-0.567668319,0.975931466,0.395866215,0.36471647,-0.587838769,0.991882026,0.59014535,0.36284849,-0.558714151,0.973801315,0.401692957,0.355310619,-0.578236938,0.990448534,0.585694253,0.370042413,-0.53069222,0.958384633,0.404638708,0.36316973,-0.546990335,0.983653724,0.524938226,0.613102913,-0.001300405,0.999901891,0.465730041,0.613094985,0.001206708,0.999864697,0.555696428,0.75688374,-0.303958714,0.99759084,0.429866701,0.760295928,-0.244415253,0.996860504,0.556634247,0.89020592,-0.053881068,0.993769526,0.43080312,0.894367039,-0.017896578,0.995985866,0.550707519,0.904637158,-0.035232849,0.901349843,0.437928349,0.909395456,-0.001588048,0.937991738,0.56472826,0.963144541,-0.171291977,0.988719583,0.42160821,0.964824259,-0.133245721,0.992252469
0,0.489108175,0.171477258,-0.238244414,0.999993742,0.497559696,0.151361123,-0.228341654,0.999987245,0.502327323,0.150677219,-0.228362352,0.999984205,0.505396247,0.150259718,-0.228407696,0.999983966,0.483531564,0.151596129,-0.224222541,0.999982953,0.479296386,0.150884658,-0.224221036,0.999976277,0.474990517,0.1502783,-0.22420077,0.999980092,0.513359725,0.15157111,-0.119387962,0.999978065,0.471259296,0.151508451,-0.100304879,0.999972761,0.498895586,0.190300703,-0.193004817,0.99998951,0.481219202,0.190108553,-0.187895894,0.999989331,0.543627083,0.237179816,-0.034590617,0.999984205,0.446484566,0.228110716,-0.007423602,0.999960542,0.575132489,0.342356861,-0.150949299,0.99438566,0.403534472,0.333025753,-0.122385241,0.992807686,0.588454902,0.232716069,-0.361397803,0.995964885,0.399093926,0.221807137,-0.37138322,0.995373428,0.595673442,0.208539903,-0.401745081,0.987137675,0.395323008,0.195152178,-0.417770237,0.984749734,0.591606975,0.19948864,-0.400778532,0.986223876,0.401688099,0.187353984,-0.413516134,0.98401314,0.587263882,0.207611099,-0.366016448,0.979939044,0.405453265,0.196633384,-0.376808912,0.979032636,0.525811195,0.508002281,-0.008959024,0.999685109,0.462967247,0.510767341,0.008915902,0.999631763,0.538721085,0.703162193,-0.030447751,0.995252609,0.452267975,0.712983131,-0.007471621,0.994399786,0.555168092,0.88975662,0.09106563,0.991564155,0.433260977,0.892861605,0.117860734,0.991460264,0.552067816,0.913703382,0.095893458,0.84388721,0.439207077,0.914682031,0.123834133,0.888027012,0.560368717,0.961992204,-0.044783913,0.985906363,0.425043255,0.963095248,-0.007034528,0.985302746
1,0.40714702,0.344047278,-0.296103179,0.999536455,0.407523394,0.324338257,-0.299010634,0.999798298,0.409570456,0.32118082,-0.299056113,0.999851108,0.411741823,0.317850113,-0.299171358,0.9998312,0.403532922,0.332279801,-0.274305373,0.999553859,0.402625263,0.334938884,-0.274317205,0.999553442,0.401614338,0.337338895,-0.274319232,0.999435723,0.426334202,0.318364292,-0.257912576,0.999868691,0.411295742,0.336986065,-0.14316234,0.999734998,0.417081028,0.354490548,-0.27806294,0.999856114,0.412427992,0.361058354,-0.24472408,0.999269247,0.471869558,0.413098961,-0.241364807,0.999912918,0.422164381,0.414981663,0.008036986,0.997171879,0.521070302,0.509063125,-0.370814264,0.780727029,0.42036289,0.512486756,0.197909579,0.044402279,0.537643254,0.509748399,-0.545486212,0.505440235,0.410276651,0.565352499,0.273316205,0.075192168,0.543035567,0.507439494,-0.587807119,0.535886824,0.40728268,0.584619045,0.294820458,0.11513406,0.539182782,0.493933856,-0.595939875,0.550016344,0.405267477,0.580604613,0.268605918,0.115558743,0.536156595,0.497312367,-0.553061962,0.455809772,0.407879263,0.574086964,0.265399009,0.124772578,0.489266396,0.638760984,-0.100887075,0.9999578,0.453294933,0.618583739,0.101131894,0.999777734,0.400759935,0.731679678,-0.271543175,0.991381407,0.366561115,0.688911021,0.048171528,0.900642455,0.438263416,0.911602676,-0.148021609,0.996427238,0.402855456,0.844226241,0.182866216,0.920223355,0.455229521,0.936298788,-0.137057453,0.986704707,0.4127298,0.862949312,0.193254322,0.886571765,0.401103407,0.963258445,-0.207643539,0.994081557,0.361902893,0.88173461,0.147171497,0.933211386
0,0.344342291,0.197418109,-0.158947289,0.994948864,0.346035093,0.176916763,-0.182981059,0.99690187,0.348177373,0.175204471,-0.182999328,0.997357249,0.350513577,0.173290342,-0.183044508,0.997055411,0.343590885,0.178566232,-0.149607748,0.995509267,0.343842477,0.178256348,-0.149614051,0.994146705,0.344135225,0.177711576,-0.149680838,0.993557811,0.368229479,0.170670584,-0.213217691,0.996068239,0.358566791,0.174003839,-0.061137237,0.994707584,0.354405522,0.208432212,-0.163115308,0.994822025,0.351731598,0.211610496,-0.119244136,0.991480231,0.401084274,0.264067084,-0.242791444,0.999456704,0.37994042,0.255893022,0.062205456,0.994427025,0.360303789,0.338941902,-0.36206013,0.786823928,0.351091474,0.240787253,0.231834024,0.05571828,0.335695237,0.313925266,-0.425543964,0.50946039,0.34671551,0.214537814,0.330992997,0.07952369,0.32998389,0.30995509,-0.461243719,0.569734871,0.347417265,0.207656413,0.349021226,0.116929211,0.333214432,0.308704227,-0.458716959,0.56823355,0.351056874,0.207414642,0.329085022,0.119519912,0.336065173,0.309718758,-0.425605357,0.455141217,0.349796951,0.211965203,0.324297518,0.120348699,0.4169994,0.522379756,-0.109295845,0.999930143,0.398115009,0.513244271,0.109364606,0.999452889,0.423431545,0.715164959,-0.100857362,0.974371076,0.400491476,0.676956892,0.306114525,0.548786998,0.437761009,0.911266387,-0.097370759,0.994328022,0.408683211,0.834068298,0.517303288,0.71822077,0.452607453,0.942074895,-0.10114225,0.984365642,0.414493859,0.854404449,0.535622954,0.717588544,0.396794885,0.962786853,-0.210986063,0.993576884,0.359960526,0.879485726,0.500287831,0.871855617
1,0.410967767,0.345663369,-0.276015341,0.999798238,0.412782192,0.3258968,-0.279574931,0.999859571,0.415898263,0.322135895,-0.279580921,0.999884367,0.419056118,0.318298966,-0.279661119,0.999887466,0.405536562,0.336567611,-0.257809371,0.999719322,0.403338611,0.340851158,-0.257810891,0.999665678,0.401211888,0.344967902,-0.257770717,0.99958986,0.434292465,0.317638218,-0.245929509,0.999921143,0.410834938,0.346996486,-0.144905433,0.999689817,0.422647893,0.355581552,-0.260343373,0.999901414,0.415490806,0.364102602,-0.230744556,0.999461412,0.480550855,0.411164165,-0.223584533,0.999962211,0.420383453,0.424049556,-0.020507496,0.998899937,0.520144045,0.521225512,-0.236972168,0.78744632,0.421106875,0.535700381,0.089826189,0.093342938,0.524589956,0.572952271,-0.290331483,0.325663954,0.422321618,0.596649051,0.049842075,0.09250889,0.529395521,0.58320576,-0.314178526,0.358007073,0.418329775,0.618136764,0.043848664,0.117672771,0.524994195,0.575321853,-0.328905791,0.376489609,0.416531563,0.610672057,0.017966211,0.120403439,0.521839857,0.572718024,-0.296723515,0.34848547,0.420445204,0.600282729,0.037480421,0.133482724,0.49075979,0.634563088,-0.086307257,0.999982655,0.450803369,0.620278299,0.086489022,0.999883294,0.404155642,0.725923061,-0.271643698,0.989067197,0.371929586,0.690696061,0.001593941,0.884048522,0.437898248,0.908245862,-0.163876146,0.996523559,0.403982937,0.835782111,0.132969782,0.912982583,0.455958545,0.938019753,-0.155450463,0.982042193,0.412982404,0.853458583,0.143069386,0.886569262,0.399551094,0.965941191,-0.23221001,0.993492186,0.362677008,0.879229307,0.098593079,0.932865083
1,0.396828622,0.349160254,-0.31517604,0.999007642,0.397193372,0.329316467,-0.321556598,0.99953109,0.399354756,0.326115668,-0.321587026,0.999640167,0.401657254,0.322649539,-0.321702898,0.999599814,0.393404782,0.336391836,-0.296695173,0.999040604,0.392669052,0.338621318,-0.296726942,0.999029338,0.39186278,0.340701699,-0.296717644,0.998811841,0.416436136,0.320792884,-0.287902594,0.999673605,0.402292162,0.339234143,-0.173374623,0.999393761,0.406527102,0.359201401,-0.298767745,0.999682307,0.402131885,0.365306169,-0.265617073,0.998509347,0.461010784,0.415046275,-0.273736715,0.999797881,0.418703318,0.411256403,-0.022238679,0.996238947,0.502663732,0.516453326,-0.410033882,0.733513832,0.402762741,0.46815148,0.199990019,0.05314175,0.508433163,0.533628583,-0.567192912,0.384591252,0.389029682,0.46061784,0.348842025,0.072277501,0.514053702,0.540004313,-0.604533017,0.414166391,0.384263128,0.46269986,0.379537761,0.106936067,0.508687139,0.52922523,-0.614511788,0.42171067,0.385559618,0.459619731,0.364990741,0.107635647,0.505716681,0.528421819,-0.575191557,0.344398826,0.387350857,0.460142732,0.347596854,0.116569906,0.489415884,0.63737011,-0.101061463,0.99995023,0.453508049,0.617137492,0.101277396,0.999737501,0.3996948,0.730685353,-0.266814232,0.991591215,0.364420772,0.684885681,0.05365365,0.884664297,0.436695635,0.912064254,-0.143699184,0.996911287,0.401186943,0.841094553,0.189427182,0.909716189,0.45433569,0.936954856,-0.132342041,0.988432705,0.411815643,0.857533693,0.200322986,0.886256278,0.401251554,0.967413664,-0.193315536,0.995160222,0.360131294,0.884046912,0.158574656,0.93104279
0,0.345757961,0.194195941,-0.150624022,0.995554328,0.34731096,0.172982886,-0.170816094,0.997432947,0.349365413,0.170963764,-0.170832023,0.997867584,0.351639897,0.168679282,-0.170863077,0.997727513,0.344793916,0.175667226,-0.138976231,0.996059835,0.344905317,0.175752699,-0.138959095,0.994843781,0.345027834,0.175530031,-0.139027461,0.994278431,0.370759428,0.166393995,-0.201485366,0.996708095,0.359533966,0.171628729,-0.056288093,0.994996846,0.355818868,0.206179485,-0.156273603,0.995623887,0.353109717,0.209157541,-0.114398561,0.99197495,0.402865022,0.256747186,-0.245486096,0.999526262,0.381839186,0.25052619,0.040723518,0.993163049,0.361185521,0.265486389,-0.409101486,0.828299046,0.345559895,0.203302473,0.194615364,0.05534957,0.351137757,0.177385584,-0.503917038,0.599026203,0.348552704,0.126279891,0.295794308,0.081627227,0.35372597,0.154824883,-0.547773242,0.651222944,0.348059803,0.128116637,0.309099644,0.120257348,0.359388441,0.152939305,-0.545851827,0.650373399,0.351787537,0.131401464,0.295669496,0.12269032,0.358160168,0.164453596,-0.506663084,0.530737281,0.350528151,0.137350395,0.29072845,0.123769499,0.42257458,0.520338893,-0.109310642,0.999945521,0.403794765,0.512206793,0.109389722,0.999404848,0.423512757,0.713097692,-0.106342532,0.979773164,0.397317708,0.675252855,0.303088725,0.488873392,0.438052088,0.90800631,-0.113707244,0.9945364,0.408514559,0.834932268,0.506750226,0.662533998,0.454540879,0.944368005,-0.118255496,0.986018121,0.41619724,0.855911672,0.523913324,0.682101011,0.396460831,0.965077877,-0.23114948,0.993500471,0.356872141,0.882444918,0.483502299,0.839348793
1,0.406448931,0.34533456,-0.302592874,0.99958837,0.407282591,0.325190514,-0.303348124,0.999766707,0.409804195,0.32143563,-0.303379506,0.999812722,0.412400544,0.31743741,-0.303487659,0.999806881,0.401938021,0.334370345,-0.280829251,0.999570787,0.400515407,0.337983459,-0.280818701,0.999530673,0.399039,0.341756552,-0.280772984,0.999407232,0.426417589,0.316255987,-0.257080734,0.999864876,0.407691896,0.344415188,-0.151325449,0.999666333,0.417478412,0.355432034,-0.282676876,0.999867857,0.411585987,0.363800734,-0.25165081,0.999388516,0.475771576,0.410241246,-0.226303056,0.999935091,0.419587851,0.422133118,-0.01529518,0.998638511,0.52724576,0.491448849,-0.312339038,0.724159241,0.420397341,0.532855749,0.13396132,0.067245275,0.556830525,0.494864613,-0.460241407,0.325629026,0.420168161,0.58897078,0.161340162,0.074884675,0.567944169,0.489317536,-0.497298419,0.37058568,0.414709151,0.610477805,0.171918362,0.103438631,0.564959884,0.480773419,-0.511927724,0.38681671,0.415457815,0.605002701,0.141604751,0.105683558,0.559659362,0.48619923,-0.469890058,0.337810993,0.41793865,0.597928047,0.150155574,0.115934156,0.491029352,0.634682417,-0.094852455,0.999972045,0.451617628,0.618177772,0.09501642,0.999815822,0.403413713,0.729244769,-0.271594346,0.989691973,0.370480627,0.689645827,0.029943734,0.886262238,0.438932091,0.913584113,-0.151327312,0.996981263,0.401297748,0.836519182,0.186009526,0.906166613,0.455648124,0.938233793,-0.142401263,0.985304594,0.412429273,0.853407443,0.197626337,0.881273687,0.400645584,0.966627955,-0.226833493,0.994589746,0.359330088,0.877860963,0.148355052,0.926633656
1,0.499068171,0.362956882,-0.508126855,0.999997914,0.507433593,0.342923999,-0.500724852,0.999994457,0.512773454,0.34232527,-0.500634074,0.999994397,0.516585886,0.341797918,-0.500728667,0.99999249,0.492730856,0.343147308,-0.495242685,0.99999243,0.488575637,0.342935383,-0.495331764,0.999992549,0.485216618,0.342487603,-0.495288312,0.999992251,0.525391936,0.341130257,-0.388642848,0.999994278,0.482155561,0.339751035,-0.362299025,0.999993682,0.507951021,0.38095367,-0.460624158,0.999997318,0.491695344,0.380339503,-0.453408808,0.99999702,0.555908263,0.407732278,-0.267533332,0.999992967,0.45791775,0.401053399,-0.245531112,0.999989033,0.59607476,0.498764932,-0.386101335,0.998115182,0.416522205,0.486844897,-0.378522575,0.998628855,0.611848712,0.400199622,-0.580871701,0.995522857,0.403307736,0.388586551,-0.616601825,0.998311818,0.616041362,0.379674584,-0.620421529,0.981221437,0.399361789,0.361398965,-0.663426995,0.992294908,0.610826075,0.367672086,-0.614603102,0.979413569,0.403628916,0.352095783,-0.657292008,0.990883529,0.606797516,0.373733342,-0.583343625,0.966935098,0.406729609,0.36123839,-0.620902896,0.984406292,0.539152026,0.608030438,-0.005325045,0.999849021,0.474323034,0.607932746,0.005246948,0.99985081,0.570188105,0.772827327,-0.249696583,0.99818635,0.437507808,0.777615786,-0.198289573,0.998107135,0.570782065,0.899500549,0.004290034,0.996185541,0.438073784,0.904614747,0.038758833,0.997184932,0.564995766,0.913075149,0.02262466,0.918953896,0.446094364,0.920082927,0.055618834,0.953170896,0.57786727,0.975999713,-0.117884479,0.990948617,0.428557634,0.976451337,-0.074441284,0.993069768
0,0.498660505,0.153937146,-0.272681385,0.999990642,0.508328199,0.131549671,-0.266008168,0.999980092,0.513964057,0.130641595,-0.266021788,0.999976933,0.517821133,0.130095094,-0.266075045,0.999975502,0.493487269,0.131795198,-0.259135604,0.999972463,0.488873303,0.131145716,-0.259130597,0.999963403,0.485106379,0.130736187,-0.259121448,0.999967813,0.526660621,0.130948782,-0.157025144,0.99996978,0.482075274,0.131201088,-0.124516703,0.999957144,0.509187341,0.174411282,-0.225949839,0.999987662,0.490584433,0.173791841,-0.217085317,0.999985993,0.559819937,0.222079188,-0.0612997,0.999982417,0.457761288,0.210322276,-0.019523557,0.999955654,0.596348107,0.326440454,-0.190358534,0.995435536,0.413334548,0.316477209,-0.137165159,0.9931252,0.607100606,0.213227272,-0.413302571,0.995656967,0.407242477,0.204661563,-0.391183972,0.995207846,0.614562154,0.188457802,-0.454660505,0.985684633,0.403996766,0.177200928,-0.437346309,0.983719945,0.609710336,0.179159105,-0.451960176,0.984659076,0.410173655,0.168986931,-0.432259798,0.98284936,0.604950845,0.187765315,-0.417139202,0.978074908,0.413838208,0.178701207,-0.39635396,0.977498353,0.539695203,0.502440989,-0.010898205,0.999652386,0.473415852,0.502533317,0.010825351,0.99961096,0.552367806,0.711983681,-0.025195301,0.994753122,0.46092099,0.719038308,0.003658478,0.994600296,0.56882298,0.896006763,0.135976836,0.989129961,0.439170778,0.901381671,0.151857004,0.990656316,0.566214263,0.917609751,0.145394087,0.814232886,0.443527848,0.921918571,0.160595968,0.876589894,0.573116124,0.973716736,0.001113213,0.981786788,0.433605909,0.975477457,0.025618905,0.983577907
1,0.498160303,0.354362249,-0.517003894,0.999997616,0.505937874,0.335171998,-0.510127604,0.999993742,0.511027932,0.334472179,-0.510053635,0.999993443,0.51468575,0.333698392,-0.510151505,0.999991477,0.491436422,0.335317075,-0.504165769,0.999991894,0.487434208,0.334932387,-0.504278898,0.999991894,0.483887196,0.334350049,-0.504286885,0.999992132,0.523076952,0.332956642,-0.397110283,0.999992788,0.480959564,0.331650853,-0.369278669,0.999993443,0.506834388,0.37168774,-0.469023079,0.99999702,0.490523487,0.371669173,-0.460887432,0.99999702,0.554927707,0.401851982,-0.269046247,0.999991536,0.455838829,0.395774662,-0.250631332,0.999989331,0.594944835,0.494131804,-0.405439228,0.997965157,0.415027559,0.486047268,-0.400681913,0.998841643,0.60961777,0.397126019,-0.619257987,0.995469868,0.40297538,0.387431324,-0.652172685,0.998485327,0.613479972,0.374050945,-0.661742568,0.980837882,0.398697674,0.359204769,-0.701776862,0.992656946,0.608255684,0.363234669,-0.652578056,0.978771567,0.402917296,0.349194139,-0.692509413,0.991209805,0.604160786,0.369390786,-0.620664477,0.964787781,0.406219333,0.359714121,-0.655010819,0.984555244,0.538685083,0.598543704,-0.005543059,0.9997859,0.473485798,0.598176122,0.005468331,0.999827027,0.56706512,0.77035445,-0.238219589,0.997653782,0.439289808,0.765805721,-0.224281907,0.997933507,0.569827974,0.897770941,0.006873041,0.995464742,0.438551724,0.903672636,0.01239384,0.997326136,0.564675391,0.910879612,0.023521598,0.910294473,0.446120739,0.920670569,0.0294705,0.953674197,0.577833772,0.972084045,-0.121591762,0.989774168,0.430043995,0.97445035,-0.107424095,0.993516743
0,0.499642611,0.148229703,-0.291378647,0.999991596,0.508453429,0.125168338,-0.282557935,0.999982834,0.513562083,0.124422431,-0.282567501,0.99998045,0.516807377,0.124150373,-0.282623589,0.99997884,0.493034989,0.12599653,-0.277135164,0.999976695,0.488339484,0.125293642,-0.277148664,0.999970675,0.484466642,0.124931052,-0.277137637,0.999972701,0.525816381,0.128441319,-0.171598941,0.999973297,0.481303126,0.129724652,-0.146858722,0.999964058,0.50984937,0.166130602,-0.245004132,0.999990046,0.491197735,0.167223245,-0.238265783,0.999988079,0.559386015,0.219416723,-0.079558298,0.999982834,0.45619145,0.214481518,-0.049618967,0.999945939,0.598286033,0.32905367,-0.214029863,0.996283591,0.40981859,0.322606713,-0.179071724,0.994036674,0.60824883,0.211102694,-0.442668498,0.996369541,0.405645847,0.206513137,-0.441785187,0.995434761,0.61442709,0.187439069,-0.485859454,0.987353265,0.40206179,0.176942006,-0.490963787,0.984512508,0.609063625,0.179301322,-0.483060896,0.986457407,0.409282982,0.16938293,-0.484893411,0.983502746,0.604870081,0.187859803,-0.446515173,0.980423391,0.413712889,0.179839119,-0.446463257,0.977971077,0.540365815,0.504681349,-0.007291662,0.999712944,0.473351151,0.505996346,0.00722074,0.999639213,0.55345881,0.713879585,-0.028133828,0.994878411,0.461164415,0.721975029,-0.000496502,0.994486332,0.568139434,0.896761775,0.155030221,0.989053726,0.438749611,0.899181545,0.170080557,0.989497781,0.565952599,0.918449759,0.166478544,0.812112749,0.442729801,0.917707562,0.181029856,0.859634519,0.572948098,0.974020481,0.023664445,0.980862617,0.435501665,0.973348558,0.044991437,0.980917215
1,0.330059767,0.376033366,-0.322767317,0.999583185,0.333307683,0.355550975,-0.345694155,0.999720991,0.33601892,0.354640782,-0.345621973,0.999776065,0.338898599,0.35335359,-0.345739484,0.999799609,0.329442352,0.355241686,-0.315513998,0.999535799,0.329266846,0.354284555,-0.315616161,0.999571979,0.32921198,0.352944791,-0.315614581,0.99951148,0.359947145,0.354255795,-0.381452262,0.999769211,0.347722232,0.351750702,-0.247321174,0.999540508,0.3424142,0.392495096,-0.330489069,0.99966681,0.337584227,0.392790556,-0.291282594,0.998792648,0.416205466,0.450720042,-0.353080451,0.999734104,0.368122011,0.397409916,-0.137220532,0.998295188,0.466336727,0.531932235,-0.279387802,0.706053317,0.373164207,0.430043072,0.05406199,0.049723666,0.454746574,0.555984557,-0.137405485,0.302350402,0.352276236,0.391749829,0.208446056,0.036738604,0.453242451,0.562905848,-0.1374176,0.298657626,0.346310914,0.380789608,0.229869887,0.050778206,0.449925005,0.550506651,-0.150301084,0.317913443,0.349305332,0.379451424,0.216632575,0.052656874,0.450534642,0.547757328,-0.13745895,0.311247855,0.3521083,0.386430472,0.207172945,0.057107881,0.468069255,0.626270652,-0.089315861,0.999953926,0.431003988,0.582319379,0.089543276,0.999735296,0.382400632,0.745467484,-0.212447733,0.988153696,0.354562759,0.681809127,0.149115413,0.64124918,0.436426163,0.916995823,-0.124383889,0.988149166,0.395361841,0.823983908,0.33084026,0.688554943,0.456026971,0.944159269,-0.11567004,0.946894765,0.407886654,0.841210961,0.347115815,0.590269089,0.399695843,0.965854704,-0.169094354,0.983337343,0.357513011,0.876309037,0.346197248,0.736474693
1,0.336881489,0.365559518,-0.362475306,0.998864412,0.340636849,0.34459424,-0.38252002,0.999261856,0.342909276,0.344076991,-0.382434666,0.999424398,0.345431119,0.343428135,-0.382581353,0.999489248,0.337892085,0.34362942,-0.351832718,0.998771012,0.33814773,0.342570275,-0.351905107,0.998820603,0.338535815,0.341162086,-0.351938665,0.998713136,0.3642717,0.346281528,-0.402558565,0.999344528,0.355820119,0.343213528,-0.263584465,0.998937488,0.348420084,0.382886797,-0.364156872,0.999320507,0.344935566,0.383137435,-0.32406196,0.997604966,0.41962117,0.438943863,-0.364215314,0.999596715,0.369280159,0.407766432,-0.142653152,0.998067677,0.459419638,0.537024438,-0.220758751,0.727023542,0.397296131,0.526136637,-0.018407073,0.072394766,0.440403849,0.562900126,-0.01132789,0.294689745,0.413736522,0.585372627,0.038985409,0.048561312,0.435505778,0.568202734,0.006147563,0.302060962,0.417476177,0.60244453,0.050783407,0.064972669,0.434167713,0.555854261,-0.003668529,0.314782023,0.41556707,0.596553564,0.032354817,0.068272635,0.435436785,0.554131985,-0.006433901,0.296185583,0.415217638,0.589487612,0.034273721,0.074370161,0.47108072,0.621392071,-0.088980272,0.999919951,0.433654249,0.581080377,0.088980496,0.999638796,0.382893622,0.738575578,-0.278434098,0.988934755,0.359315693,0.695766687,0.127836376,0.722671092,0.434416145,0.913569808,-0.176167458,0.991253376,0.397380769,0.830257416,0.343471736,0.769116282,0.454637527,0.941449642,-0.168368727,0.956650972,0.407190561,0.849115431,0.363069117,0.671248019,0.400539637,0.966233909,-0.234707147,0.986873329,0.356294155,0.88015306,0.343610525,0.815115273
1,0.483368635,0.453144789,-0.370421588,0.999996305,0.490890324,0.434158236,-0.352888286,0.999990821,0.495564312,0.434202403,-0.352860928,0.999993026,0.498475939,0.434437394,-0.352958202,0.999987662,0.477046907,0.433797508,-0.350740224,0.999990046,0.47321406,0.433654487,-0.350797951,0.999992728,0.469953865,0.433801115,-0.35078311,0.999988079,0.506336629,0.441689074,-0.24420023,0.999991357,0.465079457,0.441470832,-0.231573746,0.999992311,0.492312282,0.472389698,-0.329097569,0.999996424,0.475483596,0.472188145,-0.325841218,0.999996662,0.537655234,0.537646592,-0.188567042,0.999931335,0.437689543,0.534057677,-0.167939484,0.999872506,0.556831777,0.678535581,-0.365580142,0.998070061,0.414288372,0.673439145,-0.344105095,0.990210235,0.509755433,0.594222248,-0.569874644,0.995727122,0.458846152,0.592907846,-0.561632335,0.974332273,0.498498142,0.568971694,-0.611113369,0.984449029,0.473100513,0.56754458,-0.603466034,0.928751767,0.497636378,0.554602265,-0.581306994,0.98041141,0.475642741,0.553784609,-0.577435732,0.900708616,0.499412775,0.561486959,-0.5609864,0.950326443,0.474289894,0.558916569,-0.555302978,0.799835324,0.516627133,0.735390127,-0.006539003,0.99963969,0.455604315,0.729898512,0.006493775,0.999767005,0.571125865,0.790470123,-0.382179886,0.997729182,0.39805907,0.777452111,-0.348175466,0.997456133,0.554464936,0.914500833,-0.085399881,0.992271423,0.418685764,0.916966021,-0.07312353,0.997143328,0.543744147,0.933732927,-0.062097408,0.933725297,0.429208755,0.936936259,-0.052470565,0.971421063,0.564697444,0.9833318,-0.188993946,0.980059028,0.400694281,0.97714901,-0.176040262,0.989162683
0,0.487092495,0.119822256,-0.127001032,0.999903142,0.495616972,0.101839058,-0.108690724,0.99982059,0.499998391,0.102044277,-0.108719572,0.999794483,0.503494382,0.102576405,-0.108743146,0.999783695,0.482221991,0.102687515,-0.105370998,0.999818087,0.477636158,0.103279084,-0.105355099,0.999791682,0.473730862,0.103748128,-0.105354354,0.999821842,0.511637509,0.113067925,0.000961944,0.999687731,0.470514059,0.113331661,0.016615316,0.999733031,0.497167408,0.140525252,-0.08506345,0.999821484,0.480919749,0.139297456,-0.080887698,0.999852121,0.542940259,0.228467673,0.054615367,0.999751627,0.441315562,0.22455135,0.068866797,0.999810815,0.558835328,0.370737582,-0.063940704,0.981591225,0.415965497,0.362696528,-0.047912233,0.968263447,0.512004018,0.260412693,-0.226668239,0.978343666,0.465148598,0.270067275,-0.235992163,0.972551405,0.504552066,0.233470961,-0.263810813,0.943299711,0.478685439,0.247334063,-0.278167695,0.929552913,0.503444493,0.220631152,-0.248296738,0.936658263,0.480547756,0.233769685,-0.264288962,0.917457044,0.503229558,0.230142757,-0.223445743,0.902395964,0.478739589,0.239670262,-0.234475851,0.880293727,0.519355774,0.495536208,-0.00192355,0.999599338,0.454241335,0.4953264,0.001937258,0.999637067,0.534424901,0.710359812,-0.005608502,0.996507883,0.441069037,0.715395272,-0.010389161,0.997018874,0.553884089,0.90742588,0.14520061,0.994446278,0.419550002,0.908408523,0.136291891,0.995830178,0.548460245,0.930915475,0.152953297,0.871781409,0.425251156,0.929358065,0.143338546,0.898160875,0.564378977,0.98133713,0.00424469,0.987393677,0.406533718,0.976544023,-0.003843458,0.989370883
1,0.480433851,0.460085928,-0.427701652,0.999997318,0.488518,0.440938234,-0.408945471,0.999993145,0.49344641,0.441154152,-0.408925384,0.999994814,0.497803032,0.441476703,-0.409036815,0.999990344,0.474742234,0.440386146,-0.406544983,0.999992132,0.470745504,0.440471828,-0.406607091,0.999994278,0.467045367,0.440495759,-0.406595558,0.999990284,0.505257249,0.448300689,-0.291479409,0.999993742,0.46306023,0.447837025,-0.277769625,0.999993861,0.490059435,0.47946015,-0.38276884,0.999997675,0.473344892,0.479267716,-0.379152,0.999997556,0.535962522,0.545305073,-0.231649354,0.999948144,0.435432196,0.54055661,-0.206935287,0.999895692,0.553713858,0.689743578,-0.425416857,0.998290837,0.410987914,0.680590689,-0.401110172,0.99157989,0.507898271,0.596393883,-0.634921551,0.996455014,0.454527318,0.598330259,-0.627472818,0.978103995,0.495401055,0.57126981,-0.679097593,0.986849248,0.46841836,0.571425676,-0.671541572,0.938353837,0.495259583,0.556872785,-0.643094361,0.982938647,0.470430672,0.555809796,-0.643286705,0.911032677,0.497393429,0.563053191,-0.624019861,0.955519497,0.469170749,0.562386513,-0.620741725,0.81524086,0.515804529,0.744445562,-0.007621408,0.999696493,0.453236759,0.740018904,0.007615656,0.99978137,0.569280028,0.797502279,-0.413804293,0.997734725,0.393060178,0.778430581,-0.370122701,0.997160494,0.554760754,0.917566359,-0.082005441,0.992681086,0.418255806,0.915849566,-0.066612944,0.997258782,0.54285723,0.933672428,-0.055581193,0.941109955,0.430097759,0.935060203,-0.043155469,0.972972989,0.562575877,0.987067163,-0.186229959,0.982576251,0.400672257,0.983792126,-0.170635775,0.990026414
0,0.487471819,0.123181134,-0.144289255,0.999928474,0.496216446,0.104771294,-0.126558274,0.999864936,0.500944018,0.105267957,-0.12658748,0.999842942,0.504419386,0.105859175,-0.126596436,0.999831438,0.482507318,0.105142973,-0.122553252,0.999864221,0.478119195,0.105442628,-0.122539893,0.999843836,0.474208027,0.105742522,-0.122550145,0.999864101,0.51306355,0.115762562,-0.016607922,0.999753058,0.471657038,0.114595644,0.002189486,0.999777198,0.497388691,0.144035831,-0.102097526,0.999869823,0.480527073,0.142950565,-0.097074054,0.999888897,0.544420898,0.228160545,0.035304673,0.999783695,0.442394406,0.226565376,0.059724323,0.999827623,0.560200572,0.371991932,-0.090724602,0.984646857,0.418065399,0.367473125,-0.061574183,0.966718554,0.511502028,0.263432652,-0.269385695,0.981796563,0.463864148,0.276135206,-0.269700855,0.973277628,0.50259161,0.236269146,-0.308674753,0.950924218,0.477354825,0.253010064,-0.315002143,0.932799518,0.501801729,0.223804921,-0.29431659,0.945025802,0.479412735,0.237632692,-0.301320314,0.92108351,0.502364755,0.231676191,-0.266654044,0.91192466,0.47788173,0.243381038,-0.268786281,0.883566916,0.52159977,0.496467054,-0.00415484,0.999639869,0.456582159,0.496508062,0.004129537,0.999671459,0.535958886,0.712613821,-0.010498485,0.996737599,0.4417108,0.716201425,-0.011887791,0.997401655,0.554884017,0.909577429,0.148760229,0.995110393,0.420300782,0.90894562,0.147404224,0.996652365,0.54864943,0.932222247,0.157675341,0.885350883,0.426352322,0.929907501,0.154882938,0.915829301,0.565909684,0.984174073,0.008077682,0.989205599,0.406416178,0.976798594,0.009328647,0.99127394
1,0.483145803,0.445708752,-0.421003401,0.999996662,0.490936816,0.427464813,-0.401507378,0.999991477,0.495819747,0.427876592,-0.401484251,0.99999398,0.499877155,0.428129792,-0.401590735,0.999987602,0.477405131,0.427968889,-0.399423778,0.999989152,0.473454535,0.42849493,-0.399485052,0.999992728,0.469711125,0.429057956,-0.399471939,0.999986291,0.507344306,0.436939359,-0.284622312,0.999993503,0.46562618,0.437340498,-0.272087991,0.999992549,0.49272424,0.466184497,-0.376887858,0.999997973,0.475991666,0.465576708,-0.373655617,0.999997556,0.540234804,0.533473969,-0.223979786,0.999948502,0.438441426,0.530806243,-0.198557585,0.999875247,0.558355868,0.680982769,-0.409907281,0.998199522,0.417236716,0.675299883,-0.387633026,0.99078089,0.512188137,0.588479638,-0.627090633,0.99633795,0.459305286,0.591046214,-0.626349688,0.976869881,0.500772178,0.562570214,-0.672183454,0.986686528,0.472989231,0.563001871,-0.673252583,0.935976386,0.500837564,0.547795534,-0.643286943,0.982822478,0.474878073,0.548668563,-0.649657607,0.908525944,0.502347112,0.555140257,-0.618685126,0.954523683,0.473627001,0.55515188,-0.621501625,0.812163055,0.518671632,0.730620146,-0.008591766,0.999688745,0.457046896,0.725622237,0.008630034,0.99976629,0.570724368,0.786385775,-0.423327535,0.997401357,0.397851527,0.77010566,-0.378994107,0.996468723,0.554931283,0.91369468,-0.101532735,0.991909385,0.418256938,0.914190233,-0.08490096,0.996533513,0.54307127,0.930377781,-0.075979918,0.936968803,0.428836167,0.934031248,-0.062834427,0.970434189,0.564367652,0.985208154,-0.215411425,0.980463326,0.402032137,0.981277049,-0.196722358,0.987201393
0,0.483305067,0.12325196,-0.128417879,0.999929845,0.490852505,0.104332171,-0.108932391,0.999874651,0.496121347,0.104527406,-0.108961545,0.999856532,0.500562727,0.105147488,-0.108987376,0.999853611,0.477254391,0.104150295,-0.105940804,0.99986881,0.473255008,0.104383163,-0.105924867,0.999846935,0.469810665,0.105035223,-0.105920829,0.999864936,0.507691205,0.11434444,0.004468374,0.999793351,0.466899246,0.114470273,0.018598031,0.999787211,0.493356138,0.143351972,-0.085325778,0.999880791,0.47582069,0.141977653,-0.08158727,0.99988699,0.53957665,0.231056675,0.057628311,0.999845088,0.437320292,0.225559384,0.071643062,0.999830186,0.558059096,0.373195022,-0.062553614,0.987945378,0.414099634,0.364195883,-0.047117226,0.964623511,0.510536849,0.266715109,-0.23010473,0.983525097,0.461870104,0.268861473,-0.243090585,0.969961703,0.50116998,0.239280283,-0.269408107,0.952035666,0.475082487,0.246635392,-0.287425697,0.924853086,0.499768585,0.225793734,-0.252240747,0.9464643,0.477323234,0.231603637,-0.274116844,0.911659479,0.500584781,0.234155059,-0.226126984,0.913466394,0.475878865,0.237333909,-0.242066741,0.869417489,0.517545998,0.488586098,-0.000501895,0.99964118,0.451897085,0.49001354,0.000505902,0.999659419,0.533220768,0.705821574,-0.012152896,0.996798396,0.439710677,0.71096772,-0.022309514,0.997115433,0.55420959,0.906768799,0.145264477,0.995401442,0.419626772,0.908328056,0.131503433,0.996435463,0.548863709,0.930621028,0.153177008,0.894571602,0.424944818,0.931743205,0.138867751,0.909723282,0.564960897,0.981196404,0.001678562,0.98922348,0.406300634,0.976175427,-0.012592347,0.990550637
0,0.48091644,0.116123632,-0.279922217,0.999930322,0.4878456,0.097929649,-0.260132194,0.999883294,0.492776304,0.097978294,-0.260135412,0.999867976,0.496953249,0.098193765,-0.26015237,0.999846697,0.474398911,0.098160416,-0.259233683,0.999876022,0.470190823,0.098324925,-0.259252161,0.999876201,0.466650337,0.099100821,-0.259261191,0.999888003,0.502905965,0.105972447,-0.126853496,0.999805689,0.462719768,0.108566001,-0.122103438,0.999846339,0.490678966,0.135215342,-0.228313565,0.999940693,0.473093927,0.135309234,-0.227367207,0.999951482,0.534057617,0.22081615,-0.049360719,0.999846518,0.433435261,0.21239467,-0.04226736,0.999799609,0.560525417,0.359884888,-0.182919711,0.984851837,0.401087224,0.350760013,-0.171747848,0.983387768,0.503608763,0.282919914,-0.423957437,0.973519921,0.460622787,0.292288035,-0.412976652,0.974269509,0.491906941,0.268055499,-0.476748079,0.931520164,0.476970524,0.281992614,-0.467204481,0.934423804,0.488400161,0.256753713,-0.465001762,0.92626369,0.479741961,0.267380685,-0.454385579,0.925841987,0.490619123,0.259570628,-0.423670918,0.885273516,0.476657242,0.2682015,-0.411822081,0.885931373,0.511262774,0.484174311,-0.002571246,0.99958241,0.447178453,0.481920779,0.002476326,0.999442518,0.521067441,0.694541097,-0.055637605,0.995780945,0.437315077,0.692847848,-0.028604444,0.995053053,0.527247071,0.88446182,0.181208566,0.9939785,0.424425662,0.880633235,0.192953557,0.993268132,0.520905674,0.902038634,0.196544364,0.8740201,0.42769438,0.89547509,0.207079217,0.86696291,0.531491339,0.964146852,0.032653831,0.988362789,0.422902673,0.958646715,0.05069492,0.986443818
1,0.483168691,0.453410387,-0.118901715,0.999983311,0.489980876,0.435998589,-0.102345146,0.999969959,0.493638426,0.435971588,-0.102288067,0.999967039,0.497223139,0.435791105,-0.102364995,0.999962747,0.476183116,0.43651551,-0.099262312,0.999969184,0.471441895,0.436323971,-0.09928567,0.999972761,0.468356669,0.436428159,-0.099272512,0.999975443,0.503944755,0.441413492,-0.025954325,0.999961913,0.463280022,0.444328845,-0.009493155,0.999968648,0.491033494,0.471637756,-0.090938546,0.999983251,0.475000203,0.47266385,-0.086653709,0.999982655,0.534946024,0.53151685,0.005732364,0.999742866,0.434448719,0.535297215,0.01276845,0.999858379,0.571979105,0.654473841,-0.016186554,0.98261112,0.40360266,0.655919194,-0.044466771,0.987099946,0.504207075,0.556875646,0.020332474,0.917471349,0.474156529,0.574330866,-0.049192715,0.966240287,0.495721728,0.531470656,0.029888719,0.688994646,0.483299404,0.541282296,-0.048903786,0.837132454,0.492047161,0.523023307,0.059630889,0.623919845,0.484396458,0.535163462,-0.020395555,0.76356864,0.492628962,0.535214841,0.03676131,0.525730729,0.483669937,0.545978308,-0.035596423,0.637391984,0.514683723,0.71600616,-0.001084477,0.999922752,0.454792559,0.716725767,0.001051924,0.999920189,0.561884999,0.762337267,-0.331913382,0.997168899,0.399934381,0.765135884,-0.286125958,0.996716738,0.528001904,0.880927682,-0.071272627,0.976263344,0.424192905,0.885222018,-0.03415627,0.992668152,0.516041756,0.891524434,-0.045489967,0.893222928,0.43317765,0.896600068,-0.009339792,0.942211628,0.532385945,0.962272406,-0.126660973,0.968035996,0.41864419,0.963221431,-0.088149942,0.98503834
0,0.475096792,0.111825295,-0.144462496,0.999795496,0.481926531,0.093193278,-0.12563175,0.999599516,0.486362934,0.093085773,-0.125631556,0.999530196,0.49099952,0.093115263,-0.125643402,0.999547005,0.46906361,0.093856633,-0.121815063,0.999579847,0.465091407,0.094257422,-0.121792771,0.999518514,0.462034613,0.09500353,-0.121790901,0.999596119,0.496921241,0.101432897,-0.013653986,0.999360859,0.457998842,0.104164846,0.004952231,0.999350309,0.484147251,0.131251276,-0.101707354,0.999757111,0.467368752,0.131161809,-0.096811123,0.999760151,0.527404666,0.208276004,0.025090281,0.999732316,0.430566549,0.207608461,0.052641045,0.999495804,0.557489932,0.324134052,-0.128742382,0.988839686,0.391821921,0.315607041,-0.095206879,0.979759991,0.495328367,0.228717044,-0.310028195,0.981427252,0.451189905,0.236282498,-0.291915923,0.960003436,0.484908521,0.205094472,-0.350778788,0.946257591,0.465823263,0.215779662,-0.338316619,0.887624741,0.482283056,0.200125948,-0.332489431,0.938060939,0.46981144,0.211487278,-0.315834105,0.870036304,0.483922005,0.208567813,-0.305631429,0.908542752,0.467756659,0.218171135,-0.287618309,0.828323781,0.507550597,0.482142895,-0.00549885,0.999625027,0.443742096,0.478279293,0.005417148,0.999472141,0.515093982,0.695600212,-0.033229135,0.996340334,0.435992479,0.695792735,-0.023031689,0.996016622,0.525420785,0.880393565,0.177968591,0.9919734,0.424662918,0.881320536,0.164718121,0.992232919,0.519239306,0.900151312,0.19227314,0.802761912,0.426924169,0.898400962,0.176257163,0.851752996,0.53042537,0.960391581,0.044103991,0.982792735,0.422747314,0.959345579,0.034426175,0.983232915
1,0.470674694,0.457929194,-0.172279224,0.99998343,0.47829476,0.439802557,-0.157347918,0.999965906,0.483122975,0.439782113,-0.157294065,0.999964297,0.486308008,0.439915895,-0.157377601,0.99995482,0.464378446,0.438988447,-0.153950721,0.999964416,0.460353792,0.439040452,-0.153985441,0.999967933,0.456317753,0.439255565,-0.153970018,0.999968827,0.493695319,0.444429696,-0.079714395,0.999956369,0.45205459,0.445719272,-0.061443329,0.999965787,0.479259729,0.477450997,-0.142985076,0.999984801,0.463409364,0.478954583,-0.13819243,0.999985397,0.526236653,0.534090877,-0.037416033,0.999834359,0.424172223,0.533745289,-0.026120305,0.999914348,0.559494615,0.663946092,-0.055409797,0.985408485,0.393231362,0.663953125,-0.076026544,0.992685258,0.49248457,0.572686136,-0.022951152,0.937872171,0.457742602,0.581608355,-0.081587784,0.979704499,0.481200993,0.544511139,-0.014291244,0.765191078,0.471618891,0.551224828,-0.082627028,0.890404046,0.477727711,0.53539443,0.015118167,0.706822455,0.47219938,0.540837705,-0.053221315,0.836055636,0.479074895,0.543782711,-0.006433218,0.600840688,0.470541537,0.548942447,-0.067466311,0.729657173,0.505454957,0.709365904,-0.003640695,0.999912083,0.443506777,0.711185813,0.003626838,0.999908447,0.552122951,0.76691699,-0.339672208,0.997999072,0.391018957,0.765837252,-0.292815059,0.99790448,0.528196812,0.882996857,-0.063041411,0.985444129,0.422173917,0.885793149,-0.027500564,0.994446218,0.517439008,0.893178046,-0.036092144,0.899979711,0.43180567,0.893736839,-0.001891849,0.950815082,0.533380866,0.963497162,-0.12121731,0.97606957,0.418065965,0.961571693,-0.082892023,0.987037182
0,0.478933573,0.122436203,-0.105084084,0.99963057,0.484692812,0.101757705,-0.084130019,0.999313891,0.487790525,0.101220235,-0.084131829,0.999216676,0.491224706,0.101356335,-0.084156021,0.999272346,0.472194016,0.102779441,-0.084549837,0.999251723,0.467763036,0.102911793,-0.084535308,0.999164283,0.463532925,0.103755541,-0.084541962,0.999316573,0.498150676,0.110126838,0.031939287,0.998889029,0.456656277,0.113033518,0.032438911,0.998975635,0.487478495,0.141640648,-0.060603656,0.999464512,0.471877158,0.14308022,-0.060861148,0.999489188,0.527974486,0.214780197,0.072596595,0.999687314,0.428499609,0.21237193,0.057518758,0.999398768,0.557887435,0.327210069,-0.079214253,0.985436916,0.399664968,0.325212002,-0.084116653,0.976695776,0.496242464,0.225676954,-0.240096495,0.976206839,0.464805186,0.231414899,-0.229150608,0.958975017,0.488376081,0.201822624,-0.278858662,0.931561172,0.476842493,0.208093882,-0.268541396,0.88575536,0.486342818,0.191208303,-0.255121976,0.922251463,0.477362543,0.197702304,-0.249710128,0.869417906,0.485983908,0.202963918,-0.234321907,0.888218999,0.475018352,0.208843738,-0.224837333,0.826401114,0.507883728,0.482314765,0.001509151,0.999467492,0.444503397,0.481306583,-0.001521171,0.999258041,0.514780223,0.685810208,-0.029762696,0.99556464,0.439335763,0.690400898,-0.037202362,0.993249893,0.526486516,0.879369378,0.159796521,0.990903735,0.423142105,0.879524052,0.146561235,0.987162054,0.522073627,0.897698998,0.172019929,0.793043733,0.425446421,0.894334257,0.15818873,0.791787028,0.531106353,0.963156402,0.026607636,0.979448378,0.422024816,0.962600291,0.018570745,0.974565446
1,0.47337836,0.459747225,-0.182638958,0.999983311,0.480961621,0.442638665,-0.165851593,0.999964535,0.485479534,0.442934662,-0.165806696,0.999966741,0.488536775,0.443228573,-0.165872663,0.999949396,0.466841638,0.441887736,-0.163446307,0.999960899,0.462792575,0.441822052,-0.163489908,0.999971271,0.459329545,0.441470593,-0.163484097,0.99996537,0.495732158,0.449675083,-0.083365582,0.999955714,0.454651743,0.449121207,-0.070063397,0.999969244,0.481814921,0.477803499,-0.151937127,0.999987185,0.465399742,0.478694379,-0.148304254,0.999986589,0.527674019,0.540184379,-0.038961593,0.999789655,0.425587654,0.54287225,-0.034368791,0.999874234,0.561268091,0.675127506,-0.07199315,0.98723942,0.39665243,0.6733073,-0.088576071,0.992743433,0.496057034,0.581651628,-0.075484499,0.956831515,0.459708691,0.592042148,-0.096979111,0.981646597,0.484894842,0.557419777,-0.073987417,0.830850542,0.473942131,0.561155677,-0.099324018,0.900310397,0.481885344,0.544399679,-0.045671117,0.786503017,0.474604696,0.552986264,-0.072744928,0.851338983,0.483190447,0.553584278,-0.060753532,0.683023274,0.473014653,0.559520125,-0.083957613,0.749144197,0.507866681,0.724324644,-0.001190027,0.999932706,0.445442736,0.725786746,0.001202385,0.999921203,0.557387769,0.772682726,-0.358476371,0.998172224,0.392322838,0.77261728,-0.322165281,0.997989476,0.527777195,0.88269037,-0.078023836,0.984607518,0.422178209,0.883987844,-0.028537836,0.993021369,0.515693128,0.893644869,-0.048665829,0.916935384,0.431551695,0.891442597,4.11E-05,0.947882652,0.533002496,0.96426338,-0.133253723,0.975628614,0.418500841,0.96405834,-0.077744007,0.984034419
1,0.412877232,0.435554683,-0.067181714,0.999986291,0.419965267,0.419082642,-0.077868685,0.999990404,0.423212349,0.419035584,-0.077787504,0.999992192,0.427064508,0.419067562,-0.07780119,0.999990344,0.415654123,0.417343736,-0.045824729,0.999985278,0.41528815,0.416395783,-0.045867845,0.999988019,0.415176481,0.415392309,-0.045839664,0.999987364,0.443083197,0.429691583,-0.092897847,0.999991179,0.430071265,0.423199296,0.044068523,0.99998486,0.419572204,0.457806349,-0.073899798,0.999987543,0.415021002,0.453404665,-0.03400173,0.999978721,0.48179704,0.538962066,-0.141031578,0.999840915,0.430480719,0.518280745,0.099640645,0.999740303,0.442615181,0.666810453,-0.124133959,0.970405817,0.388345003,0.613466799,-0.015123735,0.52958566,0.411804587,0.553484499,0.013687527,0.958545089,0.392972052,0.542522669,-0.21432738,0.565936506,0.402384609,0.529272377,0.008830248,0.93171066,0.391688764,0.523803771,-0.235088378,0.490574926,0.41374293,0.517920136,0.008810618,0.92926836,0.402850389,0.516820073,-0.222078562,0.474830031,0.420244545,0.524791241,0.018707212,0.902975082,0.407246679,0.521531165,-0.214698389,0.461626142,0.529227376,0.736817658,-0.076736555,0.999967992,0.487664461,0.714699149,0.076637357,0.999962509,0.437720865,0.757553697,-0.31629163,0.997227907,0.40264219,0.719841659,0.032857183,0.872218013,0.492189586,0.898407042,-0.14436096,0.991865814,0.459415615,0.845723271,0.153107047,0.877152562,0.509006083,0.917681098,-0.124646641,0.976684868,0.475765228,0.850859046,0.165177464,0.844166636,0.464263439,0.965722799,-0.158955291,0.990786612,0.426829189,0.905005813,0.142490879,0.92172128
0,0.428760201,0.114425607,-0.061191298,0.999918938,0.434552193,0.095344923,-0.080327697,0.999903977,0.437188536,0.094698399,-0.080320492,0.99990505,0.43999815,0.093823485,-0.080334999,0.999892235,0.431385756,0.095565319,-0.045872238,0.999900639,0.431391478,0.095242605,-0.045905493,0.999893367,0.431507409,0.09465079,-0.045945045,0.999902964,0.457422167,0.100529276,-0.111212514,0.999894083,0.444981724,0.101373062,0.043602534,0.999815404,0.435856193,0.132685289,-0.068778038,0.999839067,0.432132065,0.13325572,-0.024418909,0.999776721,0.491252005,0.213492885,-0.1636471,0.999664068,0.432021677,0.212580785,0.135730132,0.999622226,0.449909627,0.323960245,-0.203113392,0.961941302,0.388013303,0.308391184,0.014894785,0.602405906,0.415278971,0.226094246,-0.133787379,0.916366756,0.386856377,0.239060894,-0.24176535,0.748650372,0.410244048,0.202766582,-0.14658466,0.875685573,0.383220762,0.210967019,-0.275799304,0.669964015,0.416143984,0.196566015,-0.145756692,0.870412171,0.392820507,0.207921073,-0.269372582,0.651997387,0.419612974,0.202783599,-0.12891832,0.823641181,0.397361189,0.218459174,-0.248592407,0.620836198,0.473251164,0.472237825,-0.097927473,0.999588907,0.437551588,0.475904942,0.097836867,0.999689817,0.478362471,0.695329249,-0.113748327,0.990858436,0.442056,0.6797086,0.202653974,0.862897575,0.498699367,0.898200393,-0.086677976,0.994230628,0.463184029,0.841710508,0.35066554,0.943877339,0.511329055,0.928775609,-0.090738565,0.951499045,0.478271633,0.86951822,0.360121667,0.896139383,0.462630808,0.965079308,-0.216415793,0.993593454,0.425771803,0.905293941,0.296127796,0.972916245
1,0.408192396,0.431731403,-0.065894887,0.999982595,0.414768934,0.414929718,-0.07944648,0.999987364,0.417734385,0.415065497,-0.079377532,0.99998939,0.421288878,0.415183812,-0.079401799,0.999987066,0.410888106,0.413092881,-0.045833901,0.99998194,0.410690784,0.41198948,-0.045876618,0.999984741,0.41070801,0.410840094,-0.045858994,0.999984562,0.437297046,0.425206155,-0.101206377,0.999987602,0.425666392,0.418473601,0.043401547,0.999981523,0.414040983,0.453244627,-0.075345993,0.999983907,0.409975708,0.449813724,-0.033295915,0.99997288,0.477224916,0.530804873,-0.154067948,0.999836087,0.427293211,0.506713331,0.111919604,0.999723852,0.443398774,0.658967197,-0.145937055,0.971806586,0.399251372,0.61209929,0.001833167,0.455666333,0.410079658,0.551442921,-0.012682919,0.97043705,0.391054302,0.544517457,-0.208691046,0.580508113,0.400569916,0.528004229,-0.018932562,0.950823843,0.386946201,0.524115205,-0.228793144,0.519623339,0.409254223,0.517152727,-0.018241255,0.948603451,0.396767825,0.516730189,-0.220341414,0.501663506,0.415729433,0.523510396,-0.00742704,0.925406575,0.401915222,0.522295833,-0.211693212,0.491520822,0.523307443,0.727033854,-0.082908466,0.999965906,0.482497603,0.704998493,0.082878649,0.999954462,0.435375065,0.761044383,-0.325353324,0.997798681,0.390909374,0.714117885,0.029383183,0.892737448,0.48930639,0.894098401,-0.147842005,0.991621315,0.457405418,0.837313831,0.129417732,0.888257742,0.505490005,0.912095785,-0.126937732,0.978482068,0.479557693,0.841591656,0.139733821,0.871200204,0.464085817,0.963889301,-0.152931735,0.990421593,0.42614904,0.897993147,0.123368181,0.927391231
1,0.410014004,0.431799322,-0.070706323,0.99998498,0.417866707,0.415941358,-0.082620904,0.999989271,0.421087444,0.416060567,-0.082552455,0.999991059,0.425020546,0.416229665,-0.082570963,0.999988914,0.413588524,0.413328797,-0.049885906,0.999983132,0.413184494,0.412018955,-0.049939167,0.999986529,0.413010031,0.410491437,-0.049931493,0.999985874,0.440494537,0.427599549,-0.09914989,0.999990404,0.426846176,0.418915421,0.04370635,0.999982953,0.415506989,0.45457989,-0.077762902,0.999987364,0.411092579,0.450072616,-0.037001587,0.999977171,0.478353888,0.533711731,-0.1485295,0.999857605,0.423943698,0.511010051,0.106060721,0.999755919,0.444525778,0.664321363,-0.140967637,0.97128433,0.389996588,0.607255578,-0.012877564,0.400180817,0.412105501,0.553075552,-0.021150779,0.968087733,0.390419275,0.545080483,-0.228126809,0.53953141,0.402351201,0.529556513,-0.028263772,0.946781158,0.387408644,0.524626017,-0.249528199,0.49070704,0.409665763,0.518743217,-0.025881086,0.944378555,0.397145569,0.519122839,-0.240265891,0.476471066,0.4161385,0.524378419,-0.015525185,0.919896901,0.40242362,0.524312139,-0.230759576,0.470637262,0.525748849,0.734296262,-0.081254855,0.999960899,0.485035807,0.715533793,0.081185564,0.999951601,0.435709089,0.760389268,-0.321560234,0.997640491,0.394051254,0.716330469,0.038182434,0.887745738,0.492126942,0.896727979,-0.137344062,0.991140604,0.459593683,0.840088964,0.157025367,0.894492924,0.509433627,0.916318417,-0.116405688,0.976445854,0.480451912,0.847042739,0.168938085,0.870586991,0.462764978,0.966766298,-0.146069765,0.990468085,0.428910255,0.901090384,0.149352133,0.933368087
1,0.468365848,0.584012806,-0.273114175,0.99996978,0.474601805,0.568826675,-0.261032015,0.999895096,0.477652848,0.568364561,-0.261021465,0.999922276,0.48036769,0.567928314,-0.261091441,0.999802649,0.464131862,0.56926614,-0.260743052,0.999916673,0.460518271,0.568817139,-0.260795861,0.999950349,0.457747877,0.56814754,-0.260801941,0.999898791,0.486225009,0.571577847,-0.187010139,0.999865532,0.453269422,0.571422338,-0.184535757,0.999937594,0.474064559,0.600291312,-0.244709209,0.999979496,0.461407244,0.600379229,-0.244218454,0.999982953,0.510112226,0.648593664,-0.148200423,0.999760032,0.427634329,0.646369636,-0.147424936,0.999876499,0.533747375,0.758968711,-0.269939154,0.994121909,0.408100128,0.757469296,-0.264440358,0.994008899,0.485579878,0.690483391,-0.384733409,0.984474242,0.455209643,0.687384844,-0.368640989,0.982274115,0.475607246,0.66322881,-0.405792058,0.952179313,0.462840229,0.653290808,-0.387939781,0.946309686,0.476011127,0.652207196,-0.371903151,0.938452244,0.463013172,0.646413743,-0.361609399,0.924821377,0.477194339,0.661387324,-0.371882915,0.862286568,0.462522119,0.65532136,-0.358546227,0.830766678,0.48931092,0.784860551,-0.000799833,0.99952668,0.444429219,0.784461617,0.00082908,0.999743521,0.527579367,0.790680468,-0.290619254,0.985343635,0.410498977,0.792971909,-0.261562228,0.983946741,0.514869153,0.883474231,-0.064982377,0.973619342,0.416101426,0.89873451,-0.057776019,0.993454039,0.506219029,0.896849513,-0.04533748,0.924490273,0.422631472,0.91123122,-0.040563408,0.943757832,0.526770234,0.93500787,-0.126397386,0.961314261,0.409046233,0.949175894,-0.123249106,0.981503904
0,0.464772344,0.057833072,-0.181724742,0.999989629,0.471338451,0.043953151,-0.171748862,0.999967456,0.475331396,0.044382468,-0.171701968,0.999973178,0.478915513,0.04498224,-0.171699092,0.999945045,0.460287064,0.044083018,-0.173472911,0.999972522,0.456749797,0.044692978,-0.173486128,0.999981225,0.45347172,0.045149371,-0.173436314,0.999967754,0.484017402,0.053148031,-0.091164328,0.999952376,0.451229304,0.052806299,-0.101067528,0.999972403,0.473398566,0.076781571,-0.149858683,0.999990523,0.458290756,0.075594701,-0.15282926,0.999990761,0.512576222,0.157376155,-0.01301471,0.999924481,0.4248887,0.151108637,-0.030139932,0.999947309,0.529693425,0.240796044,0.148956299,0.986218512,0.40236938,0.221748471,0.094492167,0.988903105,0.547476411,0.300813317,0.21981205,0.971657872,0.384988636,0.285494804,0.147100866,0.975846171,0.552797496,0.320768118,0.232977211,0.940451145,0.381211102,0.307926595,0.154245123,0.948691308,0.549159586,0.315539926,0.206235826,0.940241396,0.386162192,0.304449469,0.131657407,0.944179177,0.545650899,0.309411913,0.213187605,0.913464129,0.388935089,0.298530787,0.140756592,0.912611425,0.495406777,0.397126198,0.003575101,0.999812663,0.443496913,0.395189583,-0.003758281,0.99985683,0.499180138,0.58601439,0.008247585,0.991561294,0.430139273,0.588252425,-0.020080097,0.991329014,0.509583533,0.746881545,0.177484095,0.987623513,0.416981965,0.755625546,0.085875414,0.994133234,0.502394974,0.764261663,0.154151827,0.903957605,0.42189911,0.770616233,0.091832094,0.902829707,0.518029273,0.824667692,0.05263257,0.980580866,0.410431862,0.830345809,-0.015348128,0.987239003
1,0.467039615,0.611794353,-0.083704233,0.999981284,0.473343015,0.597349763,-0.072724387,0.999952078,0.47671476,0.596940875,-0.072712384,0.999957919,0.47957322,0.596139908,-0.07273607,0.999916613,0.461312413,0.596699834,-0.07116092,0.999961495,0.458038986,0.596236765,-0.071163557,0.999972045,0.455207676,0.595646381,-0.071181044,0.999956667,0.485356897,0.597267687,-0.020354096,0.999924123,0.450325668,0.598720789,-0.01214119,0.999962687,0.474082053,0.628938079,-0.065000549,0.999977231,0.459967643,0.629116297,-0.062753312,0.999977946,0.510768235,0.673448503,0.004496939,0.999571085,0.426020354,0.671386421,0.00679156,0.999910355,0.530943036,0.793602705,-0.028588086,0.989037395,0.403377801,0.789027452,-0.016674152,0.993461668,0.479999393,0.707304537,-0.054265749,0.976797283,0.451375753,0.707462013,-0.022120418,0.978682518,0.471028864,0.677708864,-0.053404734,0.918005943,0.458413452,0.67099762,-0.020223541,0.921780407,0.471625894,0.669007361,-0.028060783,0.899820626,0.459524632,0.665503919,-0.001202654,0.89555794,0.472944379,0.677630782,-0.042215273,0.834165931,0.459120095,0.675728679,-0.012499227,0.824801564,0.490106463,0.813033402,0.000379703,0.999680936,0.442871988,0.81180197,-0.000331441,0.999822617,0.534442186,0.80471015,-0.15738301,0.993332803,0.398456722,0.820855618,-0.150290176,0.994101107,0.514311135,0.897098601,-0.029509256,0.98140496,0.411192775,0.911667526,-0.012015115,0.994616508,0.503992975,0.910385728,-0.017926525,0.953757405,0.419421285,0.925900102,0.000693045,0.961229861,0.532189012,0.948005557,-0.059866913,0.971539617,0.396520317,0.96209681,-0.043723065,0.985935271
0,0.46064952,0.058154665,-0.31071049,0.999993563,0.467361093,0.041640531,-0.29501456,0.999982476,0.471290112,0.042099703,-0.294914812,0.999982953,0.474996358,0.042680506,-0.294848114,0.999971688,0.456297904,0.03926108,-0.294610381,0.99998498,0.452884078,0.038380865,-0.294640243,0.999987721,0.449852794,0.037724044,-0.294521481,0.999984503,0.480533153,0.049482808,-0.152194127,0.999968529,0.447717786,0.044722173,-0.164709702,0.999982893,0.468942612,0.08010833,-0.258898824,0.999991,0.453830361,0.076970465,-0.260410935,0.99999088,0.508763731,0.154431596,-0.06981644,0.999860346,0.420866102,0.14488107,-0.077044606,0.999947608,0.517341673,0.255705237,0.139228046,0.973597109,0.397463173,0.230552286,0.097850427,0.987777293,0.523335695,0.308367014,0.230817318,0.949443221,0.381995142,0.288723856,0.178289041,0.972345948,0.527965188,0.330581844,0.249625891,0.89602071,0.376667917,0.317252338,0.190095991,0.939095616,0.524971306,0.323173583,0.208834022,0.897152185,0.381085902,0.315616697,0.161133334,0.932763755,0.521596909,0.315896094,0.21848534,0.866366148,0.384271801,0.307736546,0.171203271,0.903881729,0.491583169,0.396794677,-0.001662435,0.999797881,0.440320641,0.397805005,0.001481636,0.999883711,0.497082502,0.577681363,0.017490182,0.994633377,0.42630288,0.58649981,0.00283011,0.995612502,0.506498635,0.74628222,0.213057071,0.989748895,0.412553191,0.757802367,0.178678021,0.99581784,0.499732286,0.766930223,0.225230247,0.938071907,0.421694547,0.7799384,0.188626975,0.949897945,0.516382396,0.82398659,0.111858919,0.981895685,0.397842467,0.823083401,0.067660697,0.989448011
1,0.463936597,0.608223319,-0.126241788,0.999980986,0.470259458,0.594491661,-0.113943912,0.999952555,0.473538965,0.593979716,-0.113928318,0.999956667,0.476250529,0.593561292,-0.113962531,0.999914169,0.458829463,0.59412843,-0.113604568,0.999962747,0.455572426,0.59342438,-0.113633633,0.99997282,0.452826172,0.592617393,-0.113638654,0.999957204,0.481914341,0.596857548,-0.054422498,0.999921978,0.447754174,0.596365273,-0.052182846,0.999964118,0.470616996,0.62342149,-0.104281209,0.999980211,0.456463903,0.622925639,-0.103845008,0.999980032,0.506923378,0.678102136,-0.021634847,0.999491215,0.422280312,0.678241491,-0.021248218,0.99989289,0.528292,0.798250973,-0.059902407,0.986600339,0.398496509,0.792250574,-0.054425549,0.991828322,0.476871073,0.719457269,-0.088801354,0.969784677,0.446886271,0.71307236,-0.065591313,0.975501418,0.46878317,0.68446523,-0.0883549,0.893504083,0.45323351,0.678966641,-0.064453952,0.910068989,0.469381183,0.677786946,-0.059311185,0.869901538,0.454727203,0.675550699,-0.042645618,0.87812686,0.470187694,0.686454892,-0.075186506,0.792372346,0.454607099,0.685744166,-0.054807853,0.79579109,0.488814831,0.810639262,0.000188516,0.999685168,0.44036302,0.810341001,-0.000132309,0.999829352,0.532334387,0.799717724,-0.229704484,0.993221998,0.391674995,0.810753107,-0.20031555,0.994096279,0.518484056,0.898456335,-0.049719844,0.980948031,0.403038323,0.912486851,-0.044981539,0.995725214,0.5077914,0.913833618,-0.030407902,0.950849652,0.411974818,0.928328335,-0.026582954,0.962975144,0.536610067,0.948396921,-0.087250143,0.970420241,0.386286467,0.962341785,-0.092327625,0.987633109
0,0.455914378,0.054599278,-0.294949979,0.999994278,0.462319404,0.040088832,-0.286079228,0.999982774,0.466279656,0.039896555,-0.286025345,0.999984205,0.470127523,0.039788846,-0.286058575,0.99997431,0.451207191,0.039640147,-0.287563235,0.999983132,0.447800428,0.039404131,-0.287601501,0.999985278,0.445172489,0.039250791,-0.287475437,0.99998194,0.475915998,0.044349767,-0.190704957,0.999971449,0.443976939,0.044933457,-0.19936572,0.999974847,0.464099556,0.071215302,-0.257238507,0.999991357,0.44991836,0.070202336,-0.26023826,0.999988854,0.507902443,0.15132232,-0.072725706,0.999890804,0.418219984,0.149650261,-0.083646603,0.999949753,0.532238305,0.23380214,0.119330764,0.991032481,0.396688402,0.232797638,0.107405566,0.987219036,0.557858646,0.295836776,0.231294841,0.980092704,0.375663906,0.308618754,0.214384422,0.978565097,0.567845464,0.31892544,0.25255838,0.95032084,0.369222552,0.335585058,0.234569848,0.947761714,0.564755738,0.31411472,0.216615632,0.947982669,0.371528685,0.335045636,0.207769632,0.940715849,0.560228348,0.307423085,0.222376302,0.923279166,0.37509203,0.328255832,0.208582431,0.914109886,0.48993206,0.395737857,-0.001192372,0.999814391,0.437000006,0.395060271,0.000973197,0.999858022,0.495283663,0.586591542,0.009117168,0.993621945,0.423646152,0.593897581,-0.000992916,0.994870186,0.505113184,0.74637568,0.175143719,0.988996148,0.411805749,0.755775392,0.147163793,0.995608509,0.49689129,0.764933169,0.186362714,0.918086708,0.418945611,0.769210041,0.156059995,0.933016479,0.516092956,0.820675313,0.095594794,0.981277049,0.401284665,0.831171155,0.057408717,0.990201712
1,0.461370438,0.611842752,-0.163588196,0.999994099,0.46755445,0.597864747,-0.151035815,0.999984443,0.470622897,0.597575247,-0.151005119,0.999986827,0.473387778,0.597114503,-0.151039645,0.999970496,0.456035286,0.598152637,-0.150882438,0.999987543,0.452707797,0.59777838,-0.150939256,0.999991357,0.450285167,0.597517252,-0.150951385,0.999984562,0.47927931,0.598068655,-0.084737994,0.999975741,0.446200103,0.599970043,-0.083681315,0.999989927,0.468369812,0.626756489,-0.138663635,0.999994457,0.454596698,0.627785623,-0.138640538,0.999994159,0.505224943,0.67228806,-0.044929169,0.99985522,0.420521289,0.679607332,-0.048054244,0.999935985,0.534348428,0.794506133,-0.089609861,0.993894875,0.396080643,0.794542909,-0.094001159,0.993394673,0.480348587,0.727462053,-0.127006114,0.981430709,0.444160879,0.717924714,-0.117441483,0.977319539,0.469127238,0.693075776,-0.128673628,0.933734298,0.450049669,0.685977399,-0.118693247,0.926300883,0.469524264,0.685649574,-0.099626489,0.918058276,0.451851189,0.68101573,-0.096204706,0.901132882,0.470620751,0.695792973,-0.113155477,0.852688849,0.45169127,0.690034747,-0.106512405,0.825822294,0.490691453,0.806553721,0.000705659,0.999750257,0.440394312,0.808323383,-0.0007016,0.999864161,0.539256275,0.795659661,-0.264189899,0.992220044,0.387871385,0.809343457,-0.232463866,0.993770123,0.524336755,0.900352716,-0.062428724,0.982266247,0.4009206,0.9140113,-0.047808606,0.995447278,0.513816595,0.917770028,-0.043649849,0.953794658,0.410651654,0.930880725,-0.031079479,0.964325428,0.545897901,0.951071262,-0.10973049,0.967216432,0.382631958,0.963559866,-0.10187377,0.985296965
1,0.351235092,0.586730421,-0.076103374,0.999931276,0.356964171,0.57229501,-0.083879083,0.999890685,0.359091252,0.572570741,-0.083816938,0.999907196,0.361406893,0.57281214,-0.083820015,0.99991554,0.354142457,0.570272744,-0.057528492,0.999876022,0.354173779,0.569323421,-0.057573192,0.999882817,0.354426384,0.568113863,-0.057540748,0.999889433,0.375265926,0.582280576,-0.094944119,0.999920487,0.367614746,0.576324403,0.020898582,0.999785304,0.356304616,0.6044572,-0.081465557,0.999947011,0.353561997,0.603125572,-0.048226595,0.9998914,0.409069598,0.669635534,-0.139240295,0.9999125,0.364764601,0.655607522,0.064184532,0.999847114,0.376556337,0.785129845,-0.125998095,0.982719421,0.330674171,0.739159584,-0.026664054,0.521998882,0.340192586,0.704141915,-0.017537249,0.969028533,0.329025358,0.702879429,-0.188484728,0.627770245,0.328396022,0.685234189,-0.028622467,0.95040071,0.31865555,0.672599673,-0.207754955,0.57964468,0.337781966,0.671382368,-0.030295469,0.948195577,0.331202716,0.668443739,-0.20588398,0.583258271,0.344458878,0.676840305,-0.015400211,0.917072177,0.338107169,0.677272141,-0.198410586,0.576279879,0.46002239,0.793778896,-0.062854312,0.999906361,0.423012406,0.779182971,0.062896207,0.999891222,0.404827446,0.849743605,-0.298019797,0.99718821,0.347437829,0.782320857,-0.051813561,0.921781361,0.450379401,0.948804855,-0.168645129,0.993395686,0.384572476,0.894344628,0.018357778,0.944438159,0.46219331,0.96023494,-0.161719009,0.96760416,0.398870736,0.91725105,0.024786659,0.928049624,0.436682552,0.991400361,-0.19695729,0.990828514,0.3529374,0.933385193,-0.006200729,0.958738089
1,0.325262994,0.617358625,-0.085506469,0.999598086,0.331076264,0.602886796,-0.094090223,0.999417603,0.33298856,0.603309393,-0.094047435,0.999512017,0.33506,0.603703618,-0.094067775,0.999457717,0.328379482,0.600588918,-0.067546338,0.999210656,0.328304321,0.599419177,-0.067598201,0.99941808,0.328433514,0.598146319,-0.067586094,0.999446988,0.348970085,0.612397552,-0.106946357,0.999459863,0.340249896,0.605293989,0.010411298,0.999322236,0.329920411,0.636570334,-0.091101728,0.999754846,0.327227026,0.635156453,-0.05740954,0.999650955,0.382323772,0.691388667,-0.14896436,0.999896824,0.337394267,0.680563688,0.052509293,0.999695122,0.342190802,0.807893693,-0.150012389,0.986620307,0.299069196,0.756544113,-0.030281918,0.581131577,0.305233002,0.726431787,-0.05566752,0.983027279,0.296730578,0.726653993,-0.183518246,0.682767868,0.291748911,0.707808137,-0.069607899,0.970950603,0.289641887,0.696805,-0.199817598,0.65456152,0.300584346,0.694367409,-0.071005724,0.970292091,0.29982692,0.692629516,-0.198384047,0.666601181,0.307490319,0.702230752,-0.053863015,0.951260328,0.304561466,0.701628804,-0.187299937,0.668532193,0.436479181,0.818082869,-0.060250636,0.999911547,0.397137642,0.806391478,0.060285136,0.999697685,0.390752763,0.871357083,-0.298629969,0.996466875,0.33792311,0.797242284,-0.021523448,0.863724709,0.433335453,0.952814519,-0.15879932,0.988501728,0.368215054,0.90136832,0.072126105,0.900140941,0.443367213,0.960043907,-0.143802136,0.956888556,0.38433376,0.917720199,0.080835499,0.88797307,0.425649464,1.00103569,-0.187490076,0.982662022,0.33572948,0.939973831,0.051927768,0.926508367
0,0.353713393,0.103438705,-0.153565243,0.999839842,0.362039387,0.090524331,-0.168731675,0.999719083,0.364320964,0.091187559,-0.168761432,0.999755383,0.366792232,0.092123128,-0.168804258,0.999732614,0.359138578,0.089599498,-0.138358042,0.999623954,0.359177858,0.089537688,-0.138291165,0.999697447,0.35929516,0.089460149,-0.138230667,0.999690533,0.37874639,0.107549869,-0.180841669,0.999660969,0.369558364,0.102313668,-0.045720272,0.999489486,0.356812745,0.122020766,-0.15518637,0.999862313,0.353486478,0.12021511,-0.116212539,0.999789953,0.404292941,0.21214141,-0.201762274,0.999935329,0.353489131,0.202729225,0.065994948,0.999285519,0.452844292,0.287651986,-0.189096972,0.993224919,0.38091737,0.270761669,0.146502495,0.333305091,0.499916226,0.346445471,-0.187939748,0.987050772,0.409567177,0.336960077,0.090278007,0.434019059,0.515033305,0.368540466,-0.210805833,0.976316154,0.416682154,0.352006137,0.086361319,0.434725255,0.512235701,0.370114565,-0.227464467,0.976376832,0.41795662,0.345311433,0.057491172,0.447101355,0.506246805,0.36327368,-0.192489341,0.963550389,0.416037858,0.340269059,0.076334633,0.43980521,0.401597291,0.442144364,-0.086569294,0.999903262,0.367215306,0.448468864,0.086662203,0.999532223,0.405501902,0.621472299,-0.062086325,0.997403026,0.376182765,0.62565428,0.168508217,0.901607096,0.418833613,0.805970073,0.005730249,0.994130731,0.380972356,0.786365271,0.295626581,0.932293355,0.426224619,0.821849585,0.008780354,0.9687047,0.393564701,0.80442965,0.30139941,0.889289796,0.400576979,0.872964799,-0.108222954,0.990570724,0.357169688,0.832500458,0.233554974,0.952212751
1,0.327598423,0.620267034,-0.070485182,0.999817908,0.334169328,0.610506356,-0.078693353,0.999740064,0.33601293,0.611496806,-0.078642078,0.999792874,0.338094085,0.612386823,-0.078664444,0.999760926,0.332094491,0.607705116,-0.05405217,0.999644578,0.332241118,0.606735945,-0.054083526,0.999743104,0.332556695,0.605710089,-0.054055847,0.99973923,0.351458549,0.623667121,-0.090946883,0.999772489,0.343323916,0.615266323,0.017851803,0.999676466,0.330942929,0.640628457,-0.076104179,0.999890387,0.328662097,0.636785805,-0.044944838,0.999832988,0.381399423,0.705111384,-0.135453507,0.999927521,0.338936538,0.690174282,0.053090919,0.999780834,0.34259221,0.817638874,-0.117055506,0.987157762,0.293425679,0.772377849,-0.035557304,0.615036905,0.31313619,0.72786206,-0.005715287,0.976272404,0.304480195,0.721706271,-0.183610693,0.672295511,0.300822467,0.705616593,-0.016855426,0.959837019,0.299706608,0.697617412,-0.19678241,0.625393033,0.311089516,0.697860003,-0.020876739,0.959077239,0.309648663,0.6951074,-0.191596359,0.637010217,0.317241251,0.703935206,-0.004634873,0.936831176,0.315219104,0.701384544,-0.185053334,0.632753313,0.439841062,0.826426089,-0.057511516,0.999943852,0.402753085,0.810524523,0.057499077,0.999821603,0.399950385,0.852988362,-0.291683376,0.997422993,0.341881007,0.788437426,-0.005028252,0.857951283,0.435097009,0.958612978,-0.153263196,0.991953611,0.369103968,0.900434613,0.076745957,0.906723619,0.447440177,0.966170907,-0.137283817,0.962271869,0.381232858,0.917372227,0.084295265,0.893835843,0.429276913,0.997638047,-0.176200882,0.987300456,0.333515525,0.934031367,0.057241794,0.932855546
1,0.324205071,0.557477415,-0.167347804,0.999824286,0.328931004,0.542713821,-0.18190892,0.999717712,0.330436885,0.542831957,-0.181905448,0.999778569,0.332115859,0.542914569,-0.181917831,0.999776363,0.327223957,0.541033268,-0.152211085,0.999597311,0.327466071,0.540158093,-0.152252465,0.99967134,0.327795953,0.539241016,-0.152257949,0.999659359,0.346047461,0.550643384,-0.208949804,0.999777734,0.339164793,0.545365214,-0.075351916,0.999544859,0.329516143,0.573220134,-0.17541486,0.999891758,0.326751918,0.571301162,-0.136827841,0.999759078,0.380318254,0.644231558,-0.254588485,0.999982476,0.338002115,0.621041477,0.006270269,0.999590039,0.353113174,0.764422297,-0.29609558,0.994662583,0.309920222,0.696328282,0.037640642,0.555969536,0.293205798,0.799716711,-0.294620603,0.989655256,0.266436875,0.75720799,-0.002120405,0.661236584,0.276431233,0.813342273,-0.332885563,0.979983389,0.255114675,0.772935212,-0.006425438,0.6302315,0.273041099,0.804090738,-0.326626688,0.980243206,0.256530792,0.773834765,-0.038265608,0.641526282,0.277035981,0.795931756,-0.293319494,0.967704356,0.261102051,0.770017207,-0.017582679,0.639230311,0.430561006,0.775368869,-0.072736606,0.999897897,0.389544874,0.765529811,0.072790973,0.999602616,0.390604675,0.851559281,-0.291885495,0.996736825,0.32354787,0.789123833,-0.009973426,0.869324088,0.438199371,0.96598655,-0.160462141,0.994994402,0.363821119,0.890268743,0.129609838,0.910452127,0.448975235,0.969643712,-0.147738546,0.977488995,0.377912402,0.912411869,0.142438516,0.89963907,0.429562867,1.024632335,-0.209991172,0.991685808,0.330017984,0.931558669,0.112665534,0.936775148
1,0.475370318,0.456625491,-0.366877496,0.999992073,0.482590288,0.441342771,-0.345154285,0.999967873,0.486011028,0.441608161,-0.345150083,0.999977887,0.489377409,0.442029536,-0.345205754,0.999945879,0.469151288,0.440025449,-0.344976604,0.999974728,0.46485427,0.43941617,-0.345058501,0.999986231,0.46184662,0.438955665,-0.345061213,0.99997288,0.495372504,0.451389074,-0.239012897,0.999954402,0.457510203,0.447442591,-0.236750335,0.999980986,0.481994301,0.474904776,-0.329184502,0.999991298,0.467864841,0.474315226,-0.328870416,0.999993503,0.524275064,0.564637601,-0.192327797,0.99962455,0.428119481,0.554376483,-0.181412414,0.999747992,0.529747546,0.714953899,-0.330449879,0.987203419,0.412743986,0.704684138,-0.322857469,0.98775661,0.487579942,0.637770593,-0.498483151,0.961314678,0.461420268,0.639357805,-0.491197526,0.952856481,0.480580002,0.612770915,-0.534110487,0.907986164,0.467550814,0.609356046,-0.527784109,0.878978133,0.482880294,0.596389413,-0.509523809,0.886327982,0.467590421,0.596049726,-0.504304826,0.833861768,0.484395802,0.605431855,-0.491429597,0.753076196,0.466758609,0.606728256,-0.484476924,0.66731143,0.503074527,0.719161451,-0.006431473,0.999586523,0.447748393,0.714451253,0.006449663,0.999768078,0.538992167,0.776569366,-0.360329092,0.991695881,0.399709404,0.760691941,-0.340088338,0.992603004,0.532105803,0.886217952,-0.093909897,0.986796498,0.412282586,0.887912989,-0.083655767,0.995335758,0.525668681,0.905085385,-0.073920056,0.91708672,0.421080768,0.906287372,-0.065462701,0.961975574,0.537235558,0.943225026,-0.198909923,0.974980831,0.396394819,0.943871379,-0.18551141,0.984539866
0,0.48385334,0.135743812,-0.112306215,0.999952435,0.490246236,0.117618643,-0.091594115,0.999924779,0.493794024,0.118026219,-0.091631934,0.999915004,0.496431381,0.118542567,-0.091673985,0.999919415,0.477579087,0.116511777,-0.090248749,0.999913514,0.47343874,0.116170906,-0.090234257,0.999900281,0.469284445,0.116120584,-0.090179369,0.999914408,0.501267791,0.129352152,0.024955515,0.999885261,0.464486301,0.127648681,0.032279067,0.999854207,0.491360635,0.159042254,-0.068363659,0.99988395,0.476365983,0.158331111,-0.066479489,0.999885261,0.531899273,0.247302219,0.066224292,0.999710679,0.436598927,0.244973078,0.072986811,0.999658406,0.534928977,0.381008863,-0.050144851,0.969808757,0.424197823,0.371139169,-0.049168386,0.957974434,0.492007524,0.281546593,-0.178987578,0.957147717,0.475361139,0.272314966,-0.20126906,0.943765581,0.486087441,0.252325177,-0.213340625,0.892847896,0.480942667,0.244590893,-0.242667481,0.857641339,0.487810552,0.241812184,-0.200232506,0.88261342,0.478495777,0.234226227,-0.227955595,0.837491333,0.488939971,0.251910776,-0.177188054,0.837239146,0.477350861,0.245220155,-0.19979915,0.785919368,0.507179499,0.503018498,-0.002290821,0.999738455,0.449589282,0.50148344,0.002405117,0.999743164,0.525064111,0.70830667,0.020165347,0.997350931,0.428240269,0.703560531,0.00367606,0.998197079,0.533884406,0.888884246,0.216037303,0.995355427,0.413318574,0.887498021,0.164849997,0.997096598,0.529746711,0.90807724,0.228778467,0.879836679,0.418043017,0.908746958,0.17406036,0.908747733,0.536851943,0.952396095,0.08906807,0.989390314,0.400648624,0.948162735,0.035033222,0.99220717
1,0.410068989,0.417308003,-0.126642585,0.999995232,0.418587267,0.403354138,-0.138353318,0.999996126,0.420982659,0.403745294,-0.138275132,0.999996603,0.423538148,0.404046327,-0.13829264,0.999995112,0.41547361,0.401722312,-0.106337838,0.999994516,0.415734142,0.400987417,-0.106379434,0.999996245,0.416217864,0.40017277,-0.106333271,0.999996245,0.437858909,0.414860427,-0.152379617,0.999995947,0.429584116,0.408221364,-0.012380681,0.999994874,0.415276319,0.438538045,-0.132542372,0.999996543,0.412059426,0.435342789,-0.092354484,0.999996066,0.474233329,0.53779608,-0.193801507,0.999923468,0.421142191,0.518673122,0.05525174,0.999928176,0.449902207,0.694144785,-0.166064397,0.987532496,0.390561521,0.642113268,-0.045799024,0.720011532,0.415617645,0.60004276,-0.023550617,0.923871815,0.404330909,0.581834972,-0.233946383,0.579090118,0.405205429,0.573909998,-0.027771289,0.869126737,0.403323948,0.554515839,-0.25115484,0.467551202,0.414880663,0.559796214,-0.026638461,0.865616858,0.410465121,0.547381938,-0.240896732,0.452470541,0.420009673,0.565115511,-0.017828465,0.826055825,0.413632482,0.552932739,-0.233853742,0.426120371,0.517315745,0.701848686,-0.07574828,0.999975145,0.475688726,0.687351704,0.07581111,0.999969244,0.456844151,0.779646933,-0.335249752,0.998707354,0.390091032,0.706413031,-0.059747156,0.950683296,0.504074752,0.906210423,-0.213891834,0.996834517,0.433402479,0.836534679,0.047145974,0.963923275,0.52062732,0.932397127,-0.20177792,0.985542357,0.449086457,0.863286376,0.057134468,0.942867339,0.474335819,0.966387928,-0.265636623,0.995610952,0.397353768,0.882473648,0.021600818,0.972195327
0,0.445610344,0.109239519,-0.149078637,0.999983311,0.453754395,0.092385508,-0.157337829,0.999980688,0.45654884,0.092887349,-0.157345936,0.999980688,0.460183263,0.093451425,-0.157336771,0.999976397,0.449846894,0.090240173,-0.131915435,0.999982417,0.449550986,0.089439228,-0.131924734,0.999982059,0.449319243,0.08883401,-0.13196288,0.999983251,0.475655675,0.105432592,-0.143141776,0.999973536,0.461663365,0.100281954,-0.031873036,0.999967456,0.45111686,0.132834047,-0.141302004,0.999968112,0.446738929,0.129220575,-0.109361701,0.999968112,0.502650142,0.227610633,-0.171679258,0.999753833,0.442930043,0.224067703,0.078177728,0.999789417,0.468657374,0.365179777,-0.198209062,0.96457231,0.396840155,0.347488821,-0.0533319,0.772695124,0.43774569,0.266414613,-0.170985684,0.933920979,0.41955021,0.266352087,-0.316694528,0.841482937,0.436345994,0.233585954,-0.188085884,0.901643217,0.425917119,0.240310073,-0.353889823,0.739887297,0.441534609,0.225483805,-0.191545531,0.897837043,0.43069616,0.230421647,-0.340332329,0.715150297,0.44356373,0.23304747,-0.169540063,0.856506824,0.430078834,0.239473894,-0.319545269,0.676836848,0.498332977,0.491706967,-0.082965836,0.999857545,0.455625862,0.486922473,0.082794905,0.999818385,0.491009861,0.702141404,-0.069843769,0.995888114,0.441607028,0.675242186,0.20439963,0.948985457,0.508866608,0.908695459,-0.005267657,0.997277975,0.438796639,0.840327919,0.383550107,0.96314019,0.521550715,0.940561712,-0.007110464,0.963507354,0.448742449,0.86924541,0.395991683,0.902405679,0.471360892,0.965932012,-0.132671446,0.996527195,0.394947737,0.882301986,0.336752951,0.977613866
0,0.524377465,0.131782427,-0.147624463,0.999963462,0.530811667,0.114145324,-0.125971407,0.999942541,0.534243107,0.113609485,-0.125998884,0.999922812,0.53704536,0.113108151,-0.126034439,0.999918699,0.518700242,0.115513854,-0.125295863,0.999949634,0.514566541,0.115837924,-0.125272885,0.99994117,0.510949731,0.115568668,-0.125214428,0.999955833,0.542939723,0.120772079,-0.001499335,0.99989146,0.505773664,0.122811288,0.001081871,0.999935925,0.531596303,0.150654107,-0.100693963,0.999945581,0.516926765,0.150542468,-0.100109003,0.999968946,0.572117269,0.235157028,0.052747954,0.999793351,0.479044825,0.238579154,0.066807404,0.999822378,0.594569087,0.364445508,-0.048033997,0.970808208,0.449629366,0.360153615,-0.041333679,0.977964044,0.53354907,0.307177216,-0.213497117,0.954591274,0.509402394,0.30554378,-0.228237659,0.965598822,0.524531186,0.281794578,-0.257436335,0.885873437,0.519911647,0.278253585,-0.274381012,0.902463496,0.522679746,0.272582591,-0.246844098,0.875737667,0.520477772,0.269893229,-0.261766106,0.887435853,0.525502384,0.280728877,-0.212993473,0.822363198,0.518872619,0.278182864,-0.226736754,0.841876745,0.551260293,0.483059347,-0.005046409,0.999717414,0.494482934,0.485352039,0.005133537,0.999668717,0.548885226,0.692837596,-0.00496505,0.995293677,0.493231058,0.691218674,0.006129314,0.995305777,0.552561343,0.878878951,0.198895305,0.99374491,0.490476131,0.875153124,0.193731219,0.995519638,0.543451548,0.906259894,0.211587504,0.911089838,0.499519974,0.900930762,0.20487377,0.91703856,0.561730742,0.949049056,0.06852594,0.988867223,0.47168079,0.944991708,0.062161766,0.99081856
1,0.51703459,0.386285305,-0.318163812,0.999988794,0.522915304,0.370613724,-0.29906401,0.999966979,0.525983453,0.370350569,-0.299028695,0.999969244,0.529268444,0.369911313,-0.299090505,0.999952555,0.511323333,0.372024566,-0.297829241,0.999976695,0.507462084,0.372474551,-0.297885716,0.999982238,0.503853083,0.373006999,-0.297894537,0.999977112,0.534683228,0.375998944,-0.20032537,0.999952495,0.500255585,0.380360544,-0.194486663,0.999986112,0.523453891,0.403232068,-0.282324821,0.99998796,0.509782076,0.405399203,-0.280692518,0.999992371,0.562233031,0.482182562,-0.160732299,0.999851584,0.472163349,0.482699662,-0.144387811,0.999891639,0.587084293,0.604847431,-0.282821804,0.994069338,0.436019033,0.598633051,-0.277788281,0.991062999,0.527605832,0.555041313,-0.431794792,0.980765522,0.497130871,0.556989849,-0.434891313,0.929559231,0.515540719,0.528649926,-0.462089777,0.947457254,0.505283237,0.528707266,-0.467839718,0.818481565,0.515852571,0.52067852,-0.43934226,0.935295224,0.507514715,0.520925164,-0.442142814,0.762962759,0.518823981,0.528405488,-0.424415201,0.85957849,0.507194161,0.528675139,-0.427379608,0.62532115,0.549929738,0.662422419,-0.003628009,0.999615788,0.495903432,0.663478911,0.003563979,0.99980545,0.589855552,0.7850734,-0.273632944,0.995618284,0.447731584,0.774147213,-0.274478376,0.997268558,0.554438531,0.881346583,0.004775275,0.982831061,0.485613912,0.872066915,0.01147105,0.990530908,0.540632069,0.887923837,0.027512271,0.88488239,0.501909673,0.882016897,0.034335531,0.944377124,0.559237361,0.95133996,-0.068003282,0.960460842,0.469045401,0.942324638,-0.049419213,0.975418866
0,0.522181809,0.143383443,-0.164899141,0.999974906,0.528437257,0.125048012,-0.144278139,0.999958277,0.531533122,0.124633104,-0.144312441,0.999945223,0.534583271,0.124034531,-0.144349918,0.999941826,0.516514897,0.125313938,-0.142984927,0.999960601,0.51236105,0.124398634,-0.14295809,0.999954283,0.509106994,0.123601466,-0.142891422,0.999963999,0.541068494,0.129495278,-0.019963805,0.999918878,0.503442705,0.1288701,-0.015597276,0.999948621,0.529674172,0.160876527,-0.117583022,0.999964774,0.514840662,0.15993169,-0.116531119,0.999978781,0.571131825,0.237813964,0.038023923,0.9998914,0.476889938,0.237544358,0.06173081,0.999850869,0.592293859,0.36280033,-0.054164059,0.983580589,0.442023903,0.357227713,-0.045124069,0.980512738,0.530800581,0.314995348,-0.223110482,0.975090802,0.499540001,0.310580432,-0.247035772,0.966074407,0.520252585,0.292583585,-0.266741842,0.930968523,0.510240793,0.287350893,-0.293829471,0.905606985,0.518490374,0.284201026,-0.257016778,0.924537659,0.512674928,0.279783159,-0.280940354,0.890701652,0.521381855,0.290610909,-0.222276166,0.883135319,0.511241615,0.286518782,-0.245421767,0.844793797,0.549722612,0.480998278,-0.005327092,0.999740064,0.493914664,0.48373726,0.005417241,0.99964124,0.548114002,0.69043988,-0.00688478,0.995988667,0.491387129,0.690022588,0.006750889,0.996403456,0.551523924,0.879876554,0.189415365,0.994515419,0.486363351,0.873161554,0.189883396,0.995762408,0.54351449,0.90572679,0.20075655,0.918495893,0.496466815,0.896072745,0.200830549,0.921230257,0.561802566,0.950342059,0.057935845,0.989392757,0.469575465,0.941787362,0.059456993,0.990815461
1,0.516450047,0.467940152,-0.346172094,0.99999547,0.522960842,0.452004105,-0.328873694,0.999988735,0.527016044,0.451188952,-0.328831971,0.999990046,0.529791772,0.450613707,-0.328888625,0.999981821,0.510396838,0.452357471,-0.327236831,0.999991536,0.507084727,0.452056706,-0.327294111,0.999994099,0.504031062,0.451504976,-0.327278584,0.999991357,0.535893559,0.453780919,-0.229244784,0.999986112,0.500424087,0.456137538,-0.22103253,0.999994636,0.524082363,0.482177138,-0.309105873,0.999997377,0.50926739,0.484069049,-0.306910276,0.999998212,0.565269887,0.55115515,-0.184803262,0.999953806,0.473848909,0.552696109,-0.172074854,0.99992013,0.595316648,0.676536918,-0.316127717,0.99736768,0.436988026,0.66968447,-0.316115975,0.995723188,0.534573793,0.63178885,-0.477925211,0.990924418,0.499793053,0.630928576,-0.477992922,0.968753934,0.520700157,0.611296117,-0.51212889,0.971813917,0.50816083,0.605224431,-0.512932062,0.905937791,0.52057302,0.596138,-0.488316476,0.96374166,0.510059357,0.594003975,-0.487195015,0.867925227,0.523793995,0.603616655,-0.469892889,0.916762173,0.50972712,0.602066219,-0.469967753,0.749210179,0.550039411,0.716236949,-0.004941582,0.999803722,0.495893568,0.71685791,0.004912122,0.999825239,0.589397013,0.771201313,-0.352725208,0.996312261,0.449602425,0.766558945,-0.300864369,0.995580852,0.557167828,0.883077323,-0.085703015,0.986915231,0.487301499,0.874218583,-0.039543726,0.993179321,0.544746876,0.89050132,-0.06323202,0.928278804,0.5013991,0.884097517,-0.018155262,0.958662868,0.557527602,0.957362711,-0.16866079,0.977106273,0.474854946,0.949057937,-0.111926213,0.982768238
0,0.519975722,0.139104426,-0.13585858,0.999977231,0.526955485,0.120671526,-0.114108719,0.999963939,0.530799448,0.11996901,-0.114138052,0.999952793,0.53346473,0.1192661,-0.114174604,0.999949872,0.514447927,0.122088514,-0.112704061,0.999966919,0.510531843,0.121595114,-0.112677969,0.999961376,0.506637812,0.12085712,-0.112615742,0.999970257,0.539597273,0.125146627,0.00947541,0.999931693,0.502531409,0.12592949,0.014237555,0.999959826,0.528083742,0.156910032,-0.089361019,0.999966145,0.512372494,0.157000735,-0.088144802,0.999981046,0.569390118,0.236878291,0.062771104,0.999885976,0.476119667,0.238043293,0.083747178,0.999864757,0.589415371,0.361895293,-0.035005227,0.983870745,0.441778809,0.354044348,-0.023553943,0.982522547,0.531371295,0.306618065,-0.198607251,0.979085505,0.49944973,0.307287276,-0.21817334,0.971360147,0.521032095,0.281245351,-0.242866829,0.941548884,0.510050178,0.28261289,-0.265538067,0.916680336,0.519109368,0.272220433,-0.232187837,0.935934842,0.512069464,0.27527371,-0.252071679,0.903089941,0.522025108,0.280799121,-0.197760016,0.899536729,0.510609388,0.283089161,-0.216466591,0.861679792,0.548940957,0.479877561,-0.005425594,0.999760568,0.493390173,0.481687039,0.00554991,0.999702692,0.547105491,0.691404462,-0.005444243,0.99600631,0.491247594,0.688405633,0.000532281,0.996433258,0.553328395,0.876108527,0.191833749,0.994434237,0.487010777,0.873376966,0.183899224,0.99582988,0.543805301,0.900265753,0.204183102,0.916431606,0.49769339,0.898348689,0.194893777,0.9215734,0.563235998,0.947471857,0.060973644,0.989273012,0.469702065,0.944913566,0.051831853,0.990652263
1,0.516378164,0.484115869,-0.323808312,0.999993026,0.523076177,0.467682481,-0.307891965,0.999985337,0.526709378,0.467056453,-0.307846844,0.999986351,0.529560804,0.466500461,-0.307903379,0.999976933,0.510300398,0.467334628,-0.30612725,0.999988258,0.506360352,0.466476321,-0.306170017,0.999991119,0.503861308,0.465648144,-0.30614692,0.999987662,0.536452711,0.469564348,-0.212413639,0.999983311,0.500435412,0.469501913,-0.203181744,0.99999243,0.523462415,0.49824062,-0.287709266,0.999996841,0.508741021,0.50014782,-0.285126001,0.999997735,0.564427555,0.560362816,-0.17319493,0.999949515,0.473501056,0.562890291,-0.15868102,0.99993366,0.593058825,0.686259687,-0.301410973,0.996450961,0.43587628,0.684122026,-0.297018081,0.996348977,0.533016086,0.64956671,-0.443088591,0.990252435,0.497681141,0.651552022,-0.434738457,0.97955054,0.519402862,0.631588876,-0.474443853,0.970476747,0.507251859,0.628402054,-0.465105444,0.933739603,0.519194245,0.613516688,-0.44811821,0.962096632,0.509398162,0.613999367,-0.440203369,0.90779078,0.522471786,0.619282424,-0.433737129,0.918290138,0.50886327,0.620504022,-0.426264435,0.829588711,0.54931289,0.736949861,-0.007050508,0.999801815,0.495568901,0.733954012,0.00706002,0.999824047,0.598968148,0.778229773,-0.36044386,0.996369898,0.439754814,0.768571794,-0.304005414,0.995599747,0.559039533,0.8807441,-0.095773056,0.984951317,0.484920263,0.875088155,-0.050975103,0.993508697,0.544460297,0.888043106,-0.072351828,0.935002804,0.500777781,0.886829615,-0.028899878,0.968692064,0.559702516,0.953979731,-0.167158723,0.974799693,0.471024096,0.945872605,-0.113241196,0.984532535
0,0.521171927,0.136317104,-0.139558434,0.99998486,0.527839303,0.117726751,-0.117596112,0.999975681,0.531210244,0.117090277,-0.117628515,0.999968171,0.534123063,0.116306312,-0.117664397,0.999966443,0.515538275,0.119045451,-0.116513312,0.999977946,0.511321664,0.118971631,-0.116488956,0.999974251,0.507841527,0.118137985,-0.116418645,0.999979734,0.540191352,0.122929797,0.006546476,0.999952972,0.502915084,0.124212533,0.009628044,0.999973238,0.528690457,0.154940724,-0.092912346,0.999977827,0.513808966,0.154992789,-0.092195705,0.999987304,0.56985116,0.235407785,0.060202412,0.999915957,0.477229416,0.236195028,0.081314541,0.99987489,0.594809294,0.358670354,-0.03627846,0.989811122,0.436948776,0.349938154,-0.026362166,0.985617578,0.534543395,0.304840654,-0.202026725,0.98607409,0.495016634,0.309119642,-0.225464135,0.974066138,0.523289025,0.282863647,-0.246767074,0.957331419,0.507961154,0.286151111,-0.272903502,0.922200441,0.52060771,0.272938192,-0.23586686,0.952953935,0.510773778,0.277772754,-0.25960058,0.909316182,0.524058878,0.28081432,-0.200775832,0.923322082,0.508953691,0.285016835,-0.223621324,0.869426906,0.549383283,0.484111309,-0.00530485,0.999777615,0.49347192,0.485610873,0.005409494,0.999714434,0.548133016,0.692054689,-0.002256869,0.996040821,0.490029663,0.68987751,0.003648387,0.996671498,0.552467465,0.88151449,0.186979562,0.994376481,0.48472929,0.875136793,0.180309534,0.99589932,0.543949783,0.905601561,0.19823575,0.922545075,0.494824648,0.897054791,0.190637827,0.924734771,0.5638026,0.951165259,0.056269538,0.989058316,0.468484551,0.947225332,0.049847662,0.990712702
1,0.445031583,0.357373506,-0.043931145,0.99999404,0.448721796,0.340981513,-0.065355733,0.999996901,0.450247377,0.340543121,-0.065308049,0.999998033,0.451929033,0.340184659,-0.065337911,0.999997735,0.447704971,0.340462714,-0.035303786,0.999996185,0.448425144,0.339595765,-0.035329778,0.999996841,0.449350655,0.338581204,-0.035315562,0.999996901,0.465028524,0.345813423,-0.106105939,0.999996841,0.463062525,0.343862414,0.023722086,0.999996841,0.450520426,0.371831566,-0.057814322,0.999991715,0.44932875,0.371186733,-0.020370714,0.999987006,0.482097208,0.455860913,-0.178800941,0.999964952,0.481253773,0.447482467,0.119988002,0.999878168,0.424812406,0.562957585,-0.132927269,0.97647953,0.43298316,0.54529357,0.083077922,0.275162011,0.409261942,0.490503848,0.039680418,0.956021547,0.415322691,0.490938306,-0.032062188,0.266958654,0.401896626,0.468385488,0.037929893,0.940811276,0.406818628,0.472038984,-0.043906841,0.282468557,0.41096729,0.464525402,0.030422419,0.940136433,0.414935678,0.468006223,-0.039159127,0.268269271,0.415778339,0.471204668,0.042218871,0.930525005,0.422042996,0.477264524,-0.034385122,0.260470331,0.534914494,0.660810471,-0.096149251,0.999987721,0.516617656,0.640604377,0.096154884,0.999979317,0.435301155,0.73300612,-0.150745556,0.993441939,0.436883271,0.687196851,0.172094807,0.414505869,0.500164866,0.860811949,-0.121070698,0.991967976,0.494992822,0.806641459,0.244587705,0.573422611,0.519564033,0.890601754,-0.114704467,0.990898907,0.512438178,0.829928279,0.25211221,0.714907527,0.465369046,0.913618207,-0.104153357,0.990772843,0.475579113,0.857144475,0.279203832,0.72889185
0,0.478428364,0.134879872,-0.045093361,0.999964714,0.482534409,0.116200365,-0.069700554,0.99997443,0.48462972,0.115508765,-0.069720097,0.999975324,0.486699879,0.114867866,-0.069766402,0.999975502,0.480809927,0.116147146,-0.033928491,0.999973953,0.481442511,0.115630671,-0.033952691,0.999972522,0.48233667,0.114886038,-0.033948187,0.999976575,0.501606941,0.117621854,-0.122107312,0.999978781,0.497391939,0.117445573,0.035217229,0.999950647,0.484285921,0.151722565,-0.060938876,0.999947965,0.482086897,0.151854411,-0.015501356,0.999928951,0.518897355,0.221577242,-0.196521223,0.999897897,0.508491933,0.221914932,0.139597386,0.999770045,0.469258964,0.341402382,-0.132577032,0.956939578,0.472329438,0.337482989,0.057502992,0.269172311,0.443485975,0.291388482,0.089984827,0.781426013,0.44010067,0.286405265,-0.145148665,0.368585408,0.433733851,0.269850165,0.096358329,0.715855956,0.433607489,0.269674599,-0.166933507,0.369497716,0.440936327,0.261672288,0.087496623,0.721425116,0.438006699,0.261108428,-0.16862455,0.366380632,0.445780694,0.266842961,0.095128164,0.685316026,0.442064941,0.265090197,-0.153909907,0.349066883,0.514892757,0.471002191,-0.099703863,0.999474168,0.505959392,0.466384262,0.099656671,0.999356151,0.502535343,0.674892962,-0.074182287,0.944835782,0.499748617,0.656063199,0.187088281,0.457569063,0.50266248,0.858821929,-0.047238007,0.960738301,0.503452182,0.823266864,0.29415682,0.597790778,0.517084002,0.901085734,-0.04790603,0.945469797,0.510999084,0.84987092,0.3021819,0.550388753,0.459756315,0.906306446,-0.117965199,0.968317032,0.467989028,0.854019761,0.273269832,0.779993892
1,0.432169855,0.429283053,-0.064867944,0.999992907,0.436021954,0.413058639,-0.083402887,0.999997258,0.437421173,0.412743986,-0.08340653,0.999997973,0.438934147,0.412425727,-0.083469428,0.999998093,0.435014188,0.41188103,-0.056486975,0.999996185,0.435725451,0.410750747,-0.056524217,0.999996185,0.43660444,0.409454614,-0.056485396,0.999996424,0.452432573,0.416871309,-0.118629254,0.999996781,0.450908035,0.413641781,-0.000935255,0.999996901,0.438143402,0.444005132,-0.076673046,0.99999249,0.437020957,0.442629844,-0.042432059,0.999989331,0.471558511,0.530142069,-0.176835462,0.999963999,0.472834677,0.506321192,0.084584706,0.999770939,0.413674921,0.631685436,-0.134990364,0.984657049,0.423823923,0.592913091,0.108931147,0.282672673,0.39594084,0.558027804,0.011709049,0.973910391,0.400754035,0.554154754,0.069889717,0.234354749,0.389257163,0.537538946,0.002576329,0.964471161,0.393880367,0.534059882,0.067668222,0.25800401,0.397394955,0.53249222,-0.006671654,0.964054465,0.399487585,0.529207766,0.063853405,0.255491018,0.401770264,0.538879573,0.011376073,0.954121053,0.404460281,0.536284149,0.066103235,0.257283807,0.541848421,0.711780787,-0.082689032,0.999984324,0.527662277,0.678303123,0.082855359,0.999960959,0.440236807,0.73505336,-0.122830272,0.98604238,0.440793127,0.69106549,0.167148381,0.437574565,0.501062274,0.860045433,-0.081604138,0.982222795,0.497840405,0.796878636,0.260685563,0.534131765,0.518065095,0.880495131,-0.074896827,0.978462636,0.513653517,0.806148112,0.270614564,0.650443971,0.463651359,0.913742006,-0.059628092,0.97773838,0.477287114,0.834394932,0.305104882,0.664419651
0,0.473546177,0.133587122,-0.053344153,0.999959171,0.477776378,0.115087382,-0.077334315,0.999970973,0.479676902,0.11448729,-0.077349976,0.999972224,0.481485277,0.11380627,-0.07739576,0.999972761,0.475847483,0.114947952,-0.042003762,0.999971092,0.47652182,0.114310183,-0.042027596,0.999969304,0.477350384,0.113405406,-0.04203498,0.999973953,0.496301174,0.116509266,-0.127421096,0.999976218,0.49200505,0.116302222,0.027424473,0.99994278,0.479477167,0.150338441,-0.068606764,0.999941885,0.477365673,0.150635228,-0.023774983,0.999921501,0.515087247,0.220722049,-0.20016031,0.999868691,0.504926503,0.220472798,0.132662654,0.999682367,0.46873799,0.342388511,-0.139260888,0.965798676,0.471550941,0.337974221,0.051712327,0.24595198,0.437383503,0.284298629,0.078355595,0.83956778,0.435384512,0.28455618,-0.152239606,0.335137099,0.429008543,0.267382145,0.083142348,0.779465437,0.428190082,0.266664922,-0.173898652,0.337243199,0.435669661,0.259630591,0.075735942,0.781832933,0.43273893,0.258882493,-0.175671071,0.334222764,0.440261513,0.263526618,0.083879583,0.744594038,0.436493635,0.263109833,-0.160981327,0.320681691,0.517046571,0.469891489,-0.098678619,0.999198318,0.507628322,0.464575112,0.098665968,0.999021351,0.50336206,0.671485364,-0.062442027,0.961766601,0.501208484,0.654390752,0.191349417,0.45879519,0.503160238,0.853345633,-0.029256349,0.966909468,0.503706038,0.820662081,0.308508933,0.602195621,0.514214337,0.895994544,-0.029394904,0.953826368,0.511544406,0.847886384,0.317460358,0.560895681,0.455729902,0.899169981,-0.096432075,0.969910681,0.466775119,0.858230352,0.286503553,0.769265831
1,0.437169135,0.443058491,-0.070580557,0.999994397,0.441088021,0.426237643,-0.089852549,0.999997735,0.442519605,0.426166713,-0.089840367,0.999998331,0.444113404,0.425959766,-0.089904264,0.999998271,0.440036297,0.424706906,-0.063423909,0.999996901,0.440708399,0.423597306,-0.063464768,0.999997258,0.441570342,0.422361284,-0.063434698,0.999997258,0.457432598,0.430817157,-0.124800608,0.999997437,0.456373781,0.42743212,-0.009554725,0.999997973,0.443064153,0.457604229,-0.081903309,0.99999392,0.442020029,0.45661512,-0.048415702,0.99999249,0.472787678,0.545522153,-0.179986924,0.999974132,0.481001765,0.518090546,0.078997269,0.999882519,0.418006241,0.646826267,-0.13357614,0.984832406,0.43277508,0.608624399,0.096246794,0.361399829,0.401972145,0.574346244,0.012077994,0.975551665,0.411714077,0.573671758,0.053000253,0.322569072,0.39470917,0.552474082,0.003407195,0.964561164,0.403049231,0.553715706,0.04975858,0.330051452,0.404901654,0.548552155,-0.005308097,0.963968456,0.411205471,0.551073968,0.045570776,0.32677567,0.411223173,0.55652988,0.011866829,0.956852436,0.41688329,0.55944407,0.049265552,0.328417003,0.541322529,0.731508136,-0.08130113,0.99998945,0.531909347,0.696048856,0.081419036,0.999974012,0.440237194,0.746459544,-0.117871597,0.986898243,0.446775496,0.690700889,0.182494804,0.416217178,0.504594684,0.865352869,-0.062707633,0.971830249,0.502859473,0.79988277,0.281901777,0.538447917,0.521014094,0.883539498,-0.053678256,0.974461555,0.515013099,0.810178816,0.292737424,0.681737959,0.468769729,0.907544971,-0.023970634,0.967227042,0.479430377,0.83299911,0.332799464,0.65896368
1,0.405565113,0.390963614,-0.166696623,0.999987483,0.405641645,0.372928649,-0.152199924,0.999992788,0.406031936,0.372573316,-0.152285978,0.999994516,0.406316906,0.372232914,-0.152356103,0.999993503,0.401085287,0.371579111,-0.179842681,0.999987721,0.398014456,0.369992226,-0.179921389,0.999988258,0.394316912,0.36790818,-0.179887861,0.999984622,0.394188493,0.373207718,-0.064218737,0.999992728,0.377389163,0.369357347,-0.182285115,0.999987304,0.401052803,0.409442514,-0.131982774,0.999993443,0.395769,0.408121407,-0.168328598,0.99999094,0.376933306,0.465493083,0.034895401,0.999900818,0.326036274,0.464392841,-0.204960272,0.999870658,0.380873233,0.597262025,-0.059580941,0.713499844,0.319845766,0.609174311,-0.196293846,0.966010511,0.400124639,0.516813099,-0.274800897,0.711476862,0.367339194,0.528659582,-0.081296965,0.902674079,0.410388172,0.490612328,-0.301969558,0.63881129,0.391887248,0.514930427,-0.08507856,0.849670649,0.40679574,0.485052228,-0.282003582,0.635980368,0.378114998,0.491773099,-0.089667156,0.845306575,0.400060087,0.493747801,-0.272760034,0.597235978,0.3735677,0.499534935,-0.07852795,0.793585837,0.303353339,0.630506933,0.08266627,0.999893904,0.263372511,0.642350376,-0.082496956,0.999948859,0.40190807,0.689595222,0.026968459,0.948872745,0.344902158,0.714473903,-0.259266853,0.998998344,0.37824437,0.849384844,0.106560335,0.969322205,0.322500587,0.901059389,-0.222283319,0.999335349,0.365660697,0.870318294,0.113145135,0.935045242,0.305423737,0.927009583,-0.219054773,0.995538116,0.417959034,0.909624338,0.067674033,0.974256277,0.35638079,0.962976336,-0.284860969,0.998679757
0,0.354948431,0.090464041,-0.163488865,0.999967754,0.354845524,0.072238415,-0.143681332,0.999955595,0.357044369,0.072626308,-0.143743157,0.99994725,0.359097004,0.073015638,-0.143771395,0.999946892,0.346172512,0.070294365,-0.167945951,0.999948204,0.34149915,0.069414221,-0.167988375,0.999943674,0.336450696,0.068493776,-0.168003336,0.999939919,0.354581118,0.077912554,-0.012198605,0.999852717,0.32329464,0.074664682,-0.123364411,0.999940693,0.356929094,0.109364986,-0.111075185,0.999957383,0.346869558,0.109055944,-0.143317595,0.999956965,0.368324667,0.19866766,0.117912151,0.999712825,0.295170665,0.178319216,-0.132386357,0.999937475,0.387541592,0.327323526,0.02164178,0.61889565,0.323781371,0.305621475,-0.172103494,0.955523372,0.392816186,0.268125385,-0.254497588,0.737053752,0.346109301,0.192767203,-0.170988292,0.951022565,0.39027828,0.24209103,-0.302740961,0.676205814,0.348968089,0.16448079,-0.19214505,0.931228042,0.388686329,0.22647953,-0.298340023,0.679183841,0.342908651,0.148117781,-0.204148486,0.926245868,0.382232845,0.238307804,-0.262450516,0.642229557,0.3416861,0.166132599,-0.173506945,0.893711686,0.362882555,0.452800363,0.090914011,0.998633027,0.316308439,0.454272628,-0.090961613,0.999526203,0.373011291,0.661231339,0.202086955,0.896156788,0.324726909,0.67902714,-0.099822268,0.994677305,0.380787253,0.844677806,0.355037302,0.95566994,0.318166226,0.890500724,-0.06303025,0.993104219,0.37135458,0.870736539,0.364321113,0.915207446,0.309702188,0.924956918,-0.066987827,0.919603288,0.418649614,0.912554741,0.275472969,0.969636798,0.355166554,0.960150003,-0.209408164,0.989259481
1,0.406378031,0.398049504,-0.257601351,0.999986947,0.40591374,0.3780168,-0.236628056,0.999992192,0.406630754,0.37782982,-0.236711577,0.99999392,0.407271713,0.377634257,-0.236784011,0.999993384,0.400299072,0.377184927,-0.265137851,0.999987245,0.396762908,0.376411527,-0.265255183,0.999987066,0.39275825,0.375914127,-0.265234619,0.999984384,0.397803903,0.380896747,-0.124302194,0.999991596,0.376524776,0.381402552,-0.2515001,0.999986053,0.403607428,0.420323402,-0.214712426,0.999993145,0.397366345,0.417878509,-0.251727521,0.999989927,0.384600341,0.480647057,-0.007900628,0.999834716,0.326279044,0.474943131,-0.256242841,0.99983573,0.38373065,0.615307391,-0.104089156,0.744431198,0.318721503,0.621972084,-0.236486703,0.965141177,0.396813214,0.536236048,-0.348540187,0.730356693,0.371312201,0.536672652,-0.10725145,0.908046842,0.408754021,0.511237144,-0.379897356,0.664862156,0.396747619,0.528303385,-0.115209244,0.859651625,0.405164301,0.501492858,-0.364659697,0.656562924,0.381112784,0.503579497,-0.114777423,0.852658093,0.397557139,0.51020205,-0.349009395,0.608583093,0.376644701,0.510102689,-0.101680793,0.790040255,0.302066773,0.633129656,0.082265779,0.999880612,0.259295255,0.643163741,-0.081977442,0.99994719,0.400703669,0.684953928,-0.003763484,0.94342345,0.343130469,0.715331614,-0.289173812,0.999150097,0.380275756,0.85071528,0.076917864,0.96444124,0.31939885,0.898539901,-0.216914296,0.999246716,0.365219295,0.874802172,0.081656285,0.925931633,0.304522723,0.923008978,-0.210943431,0.994221628,0.420099348,0.914545,0.027418831,0.970334888,0.352651864,0.960664213,-0.292837352,0.998424888
0,0.346332371,0.085451484,-0.11385455,0.999956727,0.345912963,0.068460874,-0.092240058,0.999944508,0.347449899,0.0686533,-0.092291906,0.999937952,0.348911494,0.068775162,-0.092334613,0.999940634,0.338372827,0.067382924,-0.120970093,0.999933779,0.334144086,0.067016162,-0.120999657,0.999927759,0.3294622,0.066598445,-0.121001974,0.999921918,0.34281832,0.075061753,0.032078274,0.999854386,0.315295368,0.074924581,-0.0935672,0.999920249,0.348092347,0.106155448,-0.065274514,0.999949872,0.337797344,0.105091721,-0.102598712,0.999943376,0.361476392,0.198654816,0.137444705,0.999682248,0.286399007,0.183120668,-0.120066464,0.999895334,0.387393773,0.329410911,0.017974412,0.778972447,0.31860733,0.300781578,-0.195597023,0.960262716,0.379884869,0.229025394,-0.231350332,0.84190774,0.341461658,0.192237303,-0.186661258,0.95917058,0.376405507,0.195165426,-0.276563019,0.76094228,0.345713556,0.162658066,-0.20802705,0.938070655,0.37373063,0.182138056,-0.261146605,0.7566787,0.340726912,0.145183757,-0.213529617,0.931770921,0.371628135,0.191074237,-0.23474744,0.718991399,0.338452995,0.16416809,-0.186485395,0.896067262,0.358003199,0.446938276,0.087923899,0.998617113,0.30798322,0.447882712,-0.087975554,0.999426782,0.369923294,0.654205263,0.160671383,0.891910315,0.320648015,0.670977175,-0.10455402,0.990949869,0.376499087,0.848371744,0.287927508,0.94112581,0.317484319,0.891118169,-0.051206507,0.988978922,0.368674874,0.875365973,0.29728061,0.87942493,0.309981346,0.925625622,-0.054221578,0.901913226,0.417765558,0.911193788,0.201686382,0.957598567,0.352585733,0.957850397,-0.195760712,0.984079778
1,0.414133966,0.413278043,-0.23005946,0.999985635,0.414492369,0.394358099,-0.211193964,0.999992192,0.414930999,0.394007236,-0.211293936,0.999993742,0.415254295,0.39357847,-0.211381316,0.999993324,0.410133213,0.39337185,-0.24045369,0.999987125,0.407557577,0.392409474,-0.240556836,0.999986529,0.404604524,0.391196519,-0.240537211,0.999983728,0.404216588,0.395510226,-0.104985997,0.999992073,0.38726145,0.391476065,-0.234716862,0.999985635,0.40976882,0.433529526,-0.188576192,0.999993145,0.404290766,0.4313972,-0.226352409,0.999990165,0.388227344,0.490300298,0.008838816,0.999815524,0.331300169,0.47572118,-0.239450783,0.999808431,0.391317457,0.619184375,-0.080346391,0.772741795,0.32202667,0.61752373,-0.218946725,0.967733681,0.406961769,0.53198576,-0.311390728,0.729560971,0.375317991,0.538612425,-0.091800123,0.909197688,0.418745756,0.508174062,-0.342912883,0.64765656,0.398542136,0.534839094,-0.099368632,0.856669784,0.415222168,0.49925831,-0.328677088,0.637618899,0.385663688,0.507018983,-0.108761176,0.849785149,0.407302141,0.506893337,-0.312313288,0.593978584,0.381342173,0.513497889,-0.087257624,0.791315198,0.307021201,0.632518411,0.082420811,0.999851465,0.263502866,0.63733238,-0.082162082,0.999928474,0.404013634,0.685786545,-0.017093215,0.945064306,0.344839305,0.715699911,-0.289666295,0.999009371,0.38142091,0.851078987,0.070777245,0.959051847,0.320567876,0.898096323,-0.221144319,0.999355257,0.364807189,0.876653552,0.078180537,0.923876107,0.304495394,0.922338605,-0.215521723,0.995494723,0.414854288,0.911612213,0.019050589,0.966971695,0.351721823,0.959953666,-0.300015718,0.99866569
1,0.544681013,0.406183928,-0.021107288,0.999688685,0.540272176,0.384644747,-0.009324219,0.99982965,0.539371848,0.383599907,-0.009364675,0.999845028,0.538357198,0.382711709,-0.00937767,0.999848127,0.539111197,0.384446084,-0.043716632,0.999757588,0.537617564,0.383393168,-0.043801662,0.999790251,0.535972238,0.382430047,-0.043789051,0.99979955,0.524753094,0.383796662,0.061035186,0.999827504,0.523370385,0.385106832,-0.091912463,0.999809086,0.538095951,0.421185255,0.008145695,0.999737501,0.536077619,0.419987798,-0.036179945,0.999741435,0.487801492,0.476243258,0.170292869,0.999315083,0.494012266,0.482947499,-0.161294535,0.999886572,0.495034128,0.618665278,0.101539813,0.244476736,0.491087526,0.635346711,-0.11002747,0.940392494,0.52674824,0.536763489,-0.07784906,0.299631834,0.52436024,0.527035117,0.121512868,0.863851964,0.535585105,0.509887397,-0.092515379,0.280057758,0.533828139,0.50197494,0.134280711,0.810043216,0.527514577,0.502428293,-0.074012145,0.280071348,0.524028122,0.493195564,0.126583546,0.809225023,0.522131085,0.513799727,-0.076925121,0.266510516,0.518519878,0.502018273,0.126449287,0.809506655,0.405347198,0.686825156,0.109977379,0.99992764,0.404208809,0.700309932,-0.109935619,0.999958694,0.515002429,0.713516057,0.179355592,0.455277205,0.528149962,0.725182414,-0.135214493,0.988942325,0.488090098,0.895969152,0.234368011,0.675246418,0.488818973,0.925065696,-0.084699906,0.991514921,0.470672429,0.92481637,0.239342183,0.670555353,0.47076878,0.96442169,-0.076871,0.983320534,0.528355241,0.937383413,0.231565639,0.778428257,0.537584662,0.969253123,-0.087773725,0.987816095
0,0.4875018,0.093287878,-0.058451116,0.999611199,0.480267704,0.073847637,-0.045031719,0.999667645,0.478980303,0.073331513,-0.045034539,0.999618053,0.477579266,0.073010914,-0.045026906,0.999647558,0.478971541,0.074509226,-0.086045973,0.999633968,0.476935327,0.074442692,-0.086086944,0.999671221,0.474616945,0.074562006,-0.086123966,0.999691367,0.463991642,0.082276501,0.041670106,0.999138057,0.461428404,0.084405743,-0.140785575,0.999806702,0.483108103,0.11485634,-0.021630507,0.999623358,0.481413513,0.115451284,-0.074427933,0.999668419,0.450748682,0.203916535,0.172069862,0.998921633,0.455292046,0.196158871,-0.211949185,0.999890864,0.496403605,0.335559458,0.075601667,0.101585373,0.50658989,0.324961394,-0.155738041,0.925128162,0.497593939,0.224306315,-0.163072228,0.130674869,0.497395992,0.226418883,0.091099732,0.801127076,0.497239023,0.190099359,-0.192519456,0.133086905,0.498105198,0.186903954,0.099780627,0.722457767,0.489645064,0.190746799,-0.176691294,0.134380907,0.488644838,0.18742086,0.089532509,0.699797273,0.48728013,0.203121737,-0.167252004,0.133440912,0.485945761,0.202242494,0.095967002,0.649834037,0.461865902,0.474987239,0.121952035,0.998314321,0.469412893,0.474586189,-0.122144774,0.998235762,0.477431953,0.681152344,0.204162508,0.277190834,0.486941278,0.690979421,-0.050029866,0.923774719,0.477123171,0.884759784,0.302112877,0.558872879,0.486293972,0.912166178,0.027519863,0.960404992,0.467693746,0.925785661,0.307465136,0.639194369,0.475522429,0.95506686,0.03164266,0.927560985,0.518461347,0.916280866,0.258298755,0.752130449,0.535590768,0.954273641,-0.046063185,0.954968572
1,0.547809303,0.406557977,-0.011548327,0.999679983,0.543195188,0.386631936,4.25E-05,0.999832034,0.542256117,0.386119306,-6.82E-06,0.999843299,0.541205943,0.385728061,-2.62E-05,0.999850452,0.541601419,0.387264669,-0.033247497,0.999760389,0.539804399,0.38696751,-0.033333562,0.999785364,0.537985444,0.386323452,-0.033326227,0.999800563,0.527447224,0.389505178,0.067496844,0.999834716,0.524889112,0.390772074,-0.079768412,0.999806881,0.541925788,0.423912078,0.016614826,0.999751329,0.539120853,0.423325002,-0.026112635,0.999738932,0.490095228,0.476622939,0.173266739,0.999299943,0.495949894,0.488997787,-0.149384707,0.999874413,0.497128785,0.621121585,0.108244419,0.208739296,0.493228376,0.644580185,-0.097805321,0.936651766,0.529835582,0.542086303,-0.06734819,0.280136555,0.527818441,0.535018802,0.126319438,0.862020493,0.540600002,0.516407371,-0.081672266,0.271663547,0.537365079,0.510249555,0.138921648,0.809816957,0.532636762,0.509410024,-0.064948946,0.272174984,0.529440522,0.503272474,0.13119556,0.809464395,0.526222706,0.51955992,-0.067083731,0.260152489,0.523574769,0.510822535,0.130915016,0.811595678,0.40419659,0.68522197,0.108091615,0.999929249,0.401630789,0.700929999,-0.10802871,0.999954402,0.515381694,0.71083045,0.180608973,0.452588826,0.526651144,0.725610793,-0.129493371,0.987590313,0.483130544,0.890404105,0.23521629,0.672147632,0.489116281,0.927615523,-0.08099816,0.990166903,0.466854572,0.916041076,0.240057081,0.665179491,0.470982611,0.964015543,-0.072870612,0.98027426,0.527917027,0.930259764,0.2337569,0.771651566,0.537421584,0.966974914,-0.08092168,0.98600626
0,0.46884352,0.093952574,-0.067920856,0.999662399,0.461475044,0.075909734,-0.055300266,0.999698341,0.46055311,0.075593665,-0.05530091,0.999643147,0.459560543,0.075359926,-0.055289019,0.999660492,0.459646761,0.076677829,-0.095500313,0.999691129,0.457424402,0.076924674,-0.09554743,0.999720037,0.454946041,0.077190369,-0.095579214,0.999735653,0.447243869,0.085718803,0.028778728,0.999171436,0.441748679,0.08957544,-0.149878219,0.999808371,0.46560812,0.114454247,-0.03191366,0.999643087,0.463180065,0.115676202,-0.083664939,0.99969548,0.438810199,0.208070904,0.157569513,0.998606145,0.437174499,0.200756684,-0.219053596,0.999882579,0.488922894,0.330686301,0.065368839,0.100966491,0.496911377,0.318297267,-0.158786789,0.919285059,0.485081851,0.226363629,-0.15940176,0.110550389,0.481398731,0.221396655,0.092496082,0.783583999,0.48330012,0.198294699,-0.187540188,0.112748668,0.47984919,0.189359128,0.102466181,0.707551122,0.474184215,0.196563989,-0.170412168,0.114207931,0.469711542,0.190159351,0.089905478,0.687679052,0.472685903,0.209304973,-0.162649721,0.115780331,0.467892468,0.202303424,0.09655685,0.638465166,0.456883758,0.475903034,0.118273973,0.997742891,0.459961981,0.476276934,-0.118484482,0.998280585,0.477086604,0.678891063,0.238581344,0.254480392,0.483681858,0.68912977,-0.062457513,0.91101712,0.471276134,0.8724944,0.360073596,0.50526005,0.482172638,0.911567926,-0.003623956,0.951248646,0.457164705,0.89842993,0.368568897,0.5955351,0.470461518,0.954944968,-0.00156839,0.920855641,0.506782055,0.88056767,0.328609347,0.716882408,0.536141336,0.950509369,-0.081001498,0.945869923
1,0.557362497,0.418784171,-0.012928903,0.99974066,0.553950131,0.398042202,-0.001334821,0.999859273,0.553171873,0.39703849,-0.001382519,0.999869466,0.552343965,0.396032929,-0.001393971,0.999876738,0.552374721,0.397262692,-0.034459352,0.999797285,0.550613701,0.39598304,-0.034534179,0.999816418,0.54876405,0.394778222,-0.034518719,0.999827385,0.539229989,0.395690084,0.066299662,0.999854147,0.535729289,0.396469027,-0.081223801,0.999820352,0.550599277,0.43392992,0.015257145,0.999791384,0.547928035,0.432551324,-0.027346242,0.999774039,0.501863241,0.483652145,0.171198115,0.999375939,0.50447005,0.491272569,-0.150326699,0.999880791,0.507007241,0.622143745,0.104783639,0.245154485,0.501606822,0.638565958,-0.103471771,0.936187267,0.537959993,0.54658401,-0.070671625,0.325583845,0.536870718,0.539544106,0.110793553,0.862075031,0.551051378,0.521820605,-0.085720941,0.310826629,0.547970116,0.515366495,0.12186797,0.817979634,0.542670369,0.512825966,-0.069373116,0.310232937,0.53946358,0.50659585,0.114827909,0.816132605,0.535601437,0.521636903,-0.070414677,0.295454681,0.533480048,0.513463616,0.115506932,0.815678895,0.412284374,0.682494938,0.10589987,0.999926567,0.406241506,0.694171786,-0.105845556,0.999956548,0.518856406,0.711194158,0.163292199,0.442911774,0.528191209,0.71983844,-0.143486038,0.987256527,0.488579035,0.894943178,0.204020306,0.685634494,0.488463879,0.919599295,-0.116733767,0.989274144,0.47345987,0.926553428,0.207881421,0.685542881,0.47048825,0.958989561,-0.111252807,0.979977489,0.533583343,0.935957789,0.199027285,0.790560544,0.537097096,0.962117076,-0.124817684,0.985894263
1,0.371072352,0.40405497,-0.227129772,0.999986887,0.369499505,0.386722296,-0.207963303,0.999992251,0.370088577,0.386283278,-0.208051041,0.999993682,0.370577276,0.385797471,-0.208127528,0.999993086,0.363509953,0.387272269,-0.231132954,0.999985039,0.359638244,0.387129605,-0.231235296,0.999985635,0.355488569,0.387203097,-0.231231734,0.999983072,0.36006695,0.388623774,-0.103730343,0.999990821,0.339693934,0.393706053,-0.206330061,0.999982536,0.369284898,0.424113899,-0.187864929,0.999994338,0.36262697,0.422591776,-0.217766404,0.999989986,0.363244653,0.50289458,-0.003723658,0.999926686,0.301399648,0.502513349,-0.238194078,0.999928355,0.374301493,0.62864542,-0.114492096,0.758844614,0.32935068,0.653708398,-0.260019541,0.991740882,0.392464012,0.563549221,-0.346957356,0.845996976,0.382373214,0.570435703,-0.175980598,0.982781231,0.404320419,0.542693436,-0.380206764,0.801637053,0.394922942,0.551922143,-0.189179569,0.963927805,0.400411755,0.530222476,-0.368969023,0.796357214,0.390607953,0.535818398,-0.189909533,0.962166667,0.393811435,0.534902155,-0.349200815,0.768657804,0.385251671,0.539155006,-0.172667593,0.937718272,0.298197716,0.680239081,0.079393871,0.999935508,0.25368005,0.691713631,-0.079148486,0.999974668,0.397169292,0.677993417,-0.030918067,0.939065695,0.333164454,0.716874421,-0.337787092,0.999120951,0.364187092,0.844409525,0.091425382,0.960967779,0.308372915,0.896135032,-0.255327135,0.99896425,0.348687798,0.873521328,0.102021575,0.935474634,0.291977078,0.926456094,-0.247423574,0.992569804,0.405225456,0.893465698,0.056944091,0.972738922,0.341843426,0.952248216,-0.31709978,0.99827224
0,0.322420746,0.093184426,-0.155392408,0.99999249,0.321760654,0.075874619,-0.133046582,0.999989867,0.322770178,0.075899094,-0.133034483,0.999988496,0.323555112,0.075728849,-0.133017987,0.999986768,0.314803928,0.074794099,-0.163121015,0.999988914,0.310485125,0.073955148,-0.163141951,0.999988496,0.305556238,0.073033504,-0.163140059,0.999987483,0.316248357,0.083158597,-0.001258507,0.999964356,0.290502965,0.081830844,-0.133962303,0.999990106,0.322557151,0.111721464,-0.103969991,0.99999094,0.314138353,0.111128904,-0.142691523,0.999993742,0.332607031,0.209002763,0.135967597,0.999850452,0.267200887,0.199966416,-0.166364595,0.999987662,0.368372858,0.330766708,0.0093098,0.660497844,0.291933686,0.336215645,-0.153186172,0.993257105,0.376171172,0.267451763,-0.324787676,0.819497466,0.35026139,0.243723527,-0.036868125,0.988163829,0.38060987,0.238722995,-0.37892431,0.75376761,0.361831725,0.225917965,-0.042951606,0.974751472,0.375373423,0.224593028,-0.37231493,0.75274694,0.359310061,0.212152928,-0.050073586,0.971705317,0.370675385,0.232914388,-0.334532589,0.723775446,0.354471385,0.217468664,-0.031896986,0.951052129,0.335916787,0.445790231,0.097124115,0.998761356,0.290179998,0.454352111,-0.097242482,0.999759018,0.351033866,0.653298676,0.218771905,0.879116714,0.309357882,0.676461041,-0.12589249,0.996644437,0.359728396,0.836445868,0.385163307,0.942419589,0.304769725,0.899018168,-0.105730072,0.994620085,0.35140717,0.862737775,0.395661294,0.897663534,0.294490397,0.933900893,-0.110585555,0.941809475,0.404803902,0.892007291,0.314756095,0.961002231,0.343165576,0.961417377,-0.255564392,0.99195385
1,0.383324593,0.409610033,-0.209366918,0.999987006,0.381887853,0.391710162,-0.188521773,0.999992013,0.382500648,0.3914029,-0.188600644,0.999993861,0.382965952,0.390959412,-0.188654035,0.99999249,0.375935853,0.391977847,-0.212005466,0.999985158,0.372067958,0.391871393,-0.212115526,0.999986291,0.367980033,0.391909778,-0.212111801,0.999983132,0.372281969,0.394859433,-0.080790848,0.999990702,0.351892292,0.400206625,-0.185684532,0.99998498,0.381349385,0.430899471,-0.169411093,0.99999404,0.374694854,0.429627657,-0.199408948,0.999989152,0.371914566,0.508443296,0.02331065,0.999918818,0.31214121,0.511832118,-0.221081018,0.999936879,0.378769934,0.638074994,-0.08483091,0.66470927,0.333215266,0.661148548,-0.233309746,0.98958981,0.399512053,0.579952598,-0.322761029,0.791543365,0.388617516,0.580166757,-0.137496859,0.978006899,0.411245763,0.561239004,-0.355246782,0.753350675,0.402046502,0.563682795,-0.148139566,0.955753505,0.408899456,0.548482358,-0.34423846,0.750333726,0.398785114,0.54774642,-0.149876013,0.953952909,0.402990162,0.552473009,-0.325697273,0.723451138,0.393453926,0.550100446,-0.134120986,0.928429842,0.301870704,0.685142815,0.081667908,0.999923885,0.257943541,0.696036637,-0.081438377,0.999970376,0.400488436,0.675212026,-0.021065276,0.934587181,0.335618138,0.720592141,-0.328742713,0.999072492,0.366795182,0.838801742,0.084988706,0.960494101,0.306565672,0.899887919,-0.253603727,0.998746991,0.349832475,0.862809002,0.094581343,0.938133299,0.290766031,0.924794316,-0.246277601,0.992676616,0.407985687,0.89462322,0.051023055,0.972361863,0.340985656,0.958034277,-0.310174286,0.997975707
