class,x1,y1,z1,v1,x2,y2,z2,v2,x3,y3,z3,v3,x4,y4,z4,v4,x5,y5,z5,v5,x6,y6,z6,v6,x7,y7,z7,v7,x8,y8,z8,v8,x9,y9,z9,v9,x10,y10,z10,v10,x11,y11,z11,v11,x12,y12,z12,v12,x13,y13,z13,v13,x14,y14,z14,v14,x15,y15,z15,v15,x16,y16,z16,v16,x17,y17,z17,v17,x18,y18,z18,v18,x19,y19,z19,v19,x20,y20,z20,v20,x21,y21,z21,v21,x22,y22,z22,v22,x23,y23,z23,v23,x24,y24,z24,v24,x25,y25,z25,v25,x26,y26,z26,v26,x27,y27,z27,v27,x28,y28,z28,v28,x29,y29,z29,v29,x30,y30,z30,v30,x31,y31,z31,v31,x32,y32,z32,v32,x33,y33,z33,v33
down,0.6293685436248779,0.1615816354751587,-0.2091658115386963,0.9999631643295288,0.622902512550354,0.13736826181411743,-0.19228553771972656,0.9999797344207764,0.6233589053153992,0.1377924084663391,-0.19239991903305054,0.9999809265136719,0.624064564704895,0.13800165057182312,-0.19249828159809113,0.9999817609786987,0.6176728010177612,0.1359085738658905,-0.23234477639198303,0.9999669790267944,0.6135971546173096,0.1355256736278534,-0.23243746161460876,0.9999629259109497,0.6090925335884094,0.13506242632865906,-0.2324199378490448,0.9999638795852661,0.6079981923103333,0.15160468220710754,-0.08499358594417572,0.9999810457229614,0.5797052383422852,0.14764174818992615,-0.26306429505348206,0.9999618530273438,0.6270461082458496,0.1889464557170868,-0.16584548354148865,0.9999886751174927,0.6219683289527893,0.18944405019283295,-0.21713212132453918,0.999983549118042,0.5831044912338257,0.2943721115589142,0.041020717471838,0.9995337724685669,0.5239237546920776,0.306449830532074,-0.31281766295433044,0.9998014569282532,0.6050786972045898,0.4704814851284027,-0.04268200322985649,0.2548587918281555,0.5558539032936096,0.5235845446586609,-0.3056207597255707,0.957261860370636,0.6572049856185913,0.41584041714668274,-0.303232342004776,0.3190639019012451,0.644166886806488,0.4233948290348053,-0.17297403514385223,0.950094997882843,0.6801469326019287,0.3843083381652832,-0.34272733330726624,0.3286910355091095,0.6644556522369385,0.4024885892868042,-0.18917588889598846,0.9234293103218079,0.6714661121368408,0.36064639687538147,-0.3348458707332611,0.33527475595474243,0.6584755778312683,0.37824884057044983,-0.1974969208240509,0.9200080037117004,0.6669718027114868,0.3863837718963623,-0.3099871575832367,0.32795050740242004,0.6491552591323853,0.3832746744155884,-0.17129769921302795,0.8893190622329712,0.48947373032569885,0.5355349779129028,0.11141572892665863,0.9997174143791199,0.43199557065963745,0.559565007686615,-0.11109590530395508,0.9999713897705078,0.6112892627716064,0.504789412021637,0.06768880784511566,0.8290482759475708,0.5403085947036743,0.6005001664161682,-0.4367132782936096,0.9983516931533813,0.550039529800415,0.7086561322212219,0.24618235230445862,0.8674123883247375,0.48071470856666565,0.8421944379806519,-0.32428738474845886,0.9981546998023987,0.5288143157958984,0.7299652695655823,0.2644244134426117,0.8491170406341553,0.45290571451187134,0.8877197504043579,-0.31097790598869324,0.993539035320282,0.5971739292144775,0.7629201412200928,0.23299555480480194,0.9186049699783325,0.5349918007850647,0.9419258832931519,-0.37377220392227173,0.996870219707489
down,0.6285531520843506,0.16225098073482513,-0.2410922795534134,0.9999667406082153,0.6237698793411255,0.13754898309707642,-0.21665112674236298,0.9999821186065674,0.624502956867218,0.13780394196510315,-0.21675701439380646,0.9999832510948181,0.6253465414047241,0.13792476058006287,-0.21686235070228577,0.9999837875366211,0.617672324180603,0.13680967688560486,-0.25656557083129883,0.9999710321426392,0.6135855913162231,0.1364365816116333,-0.25671032071113586,0.9999678730964661,0.6090745329856873,0.13604070246219635,-0.2566944360733032,0.9999685287475586,0.6072570085525513,0.14777575433254242,-0.0834357813000679,0.9999831914901733,0.5808610916137695,0.1466801017522812,-0.259315550327301,0.9999673366546631,0.6250756978988647,0.18913370370864868,-0.19076743721961975,0.9999898672103882,0.6178329586982727,0.18927638232707977,-0.24154622852802277,0.9999853372573853,0.5939006209373474,0.2967652976512909,0.049156419932842255,0.9995645880699158,0.5195504426956177,0.3057253360748291,-0.3257838189601898,0.9998278021812439,0.6175061464309692,0.4882117509841919,-0.09402110427618027,0.30659452080726624,0.5547252893447876,0.5229116082191467,-0.3430894613265991,0.9636424779891968,0.6571251749992371,0.40907377004623413,-0.38790103793144226,0.3512076437473297,0.6444662809371948,0.42627063393592834,-0.20169922709465027,0.9559502005577087,0.6801791787147522,0.36749598383903503,-0.4290619492530823,0.3520936369895935,0.6646918058395386,0.4061196744441986,-0.21687977015972137,0.9307349920272827,0.6723141670227051,0.3394341468811035,-0.40863579511642456,0.35729697346687317,0.6587179899215698,0.384048193693161,-0.220478817820549,0.9278865456581116,0.6634325385093689,0.3551923930644989,-0.3902149796485901,0.34883514046669006,0.6501846313476562,0.3868948519229889,-0.1975771188735962,0.8990738391876221,0.48980021476745605,0.542377233505249,0.11350490897893906,0.9997476935386658,0.4292101263999939,0.5597093105316162,-0.11303672939538956,0.9999747276306152,0.6145471930503845,0.5031449198722839,0.07204575091600418,0.8428063988685608,0.5384108424186707,0.5960831642150879,-0.48468121886253357,0.9984806180000305,0.5517504215240479,0.7176169753074646,0.26683080196380615,0.8763538599014282,0.4805566370487213,0.8440337181091309,-0.39090579748153687,0.9982898831367493,0.526990532875061,0.7421137690544128,0.28644677996635437,0.8578382730484009,0.4529457688331604,0.8902571797370911,-0.38153350353240967,0.993741512298584,0.5928341150283813,0.7729443311691284,0.25335586071014404,0.924288272857666,0.5345354080200195,0.9326243996620178,-0.4696437418460846,0.9971088767051697
down,0.6266036033630371,0.16108885407447815,-0.22927935421466827,0.9999733567237854,0.6233594417572021,0.1367707997560501,-0.2044306993484497,0.9999861121177673,0.6243300437927246,0.13684919476509094,-0.2045428454875946,0.9999871253967285,0.6253291368484497,0.13681530952453613,-0.20464619994163513,0.9999873042106628,0.6162545084953308,0.13562168180942535,-0.24287816882133484,0.999977707862854,0.611856997013092,0.13469411432743073,-0.24303555488586426,0.999975860118866,0.6069720387458801,0.1340349018573761,-0.24302010238170624,0.9999760985374451,0.6069284677505493,0.14398600161075592,-0.07106811553239822,0.9999868869781494,0.5806116461753845,0.14300209283828735,-0.24022452533245087,0.9999759793281555,0.6223413348197937,0.1871567815542221,-0.1790086179971695,0.9999920129776001,0.6135712265968323,0.18703371286392212,-0.2279490977525711,0.9999884366989136,0.5960277318954468,0.2959723472595215,0.06613022834062576,0.9996340274810791,0.5184053182601929,0.3019808828830719,-0.30660825967788696,0.999869167804718,0.620833694934845,0.48764607310295105,-0.06418974697589874,0.3921651542186737,0.5541333556175232,0.521967887878418,-0.3123011291027069,0.9732829928398132,0.6574584245681763,0.4091183543205261,-0.3485129475593567,0.4042462706565857,0.6450380086898804,0.4280748665332794,-0.1641608029603958,0.964896023273468,0.6785517930984497,0.37619221210479736,-0.3878244161605835,0.39007842540740967,0.6650359630584717,0.41000598669052124,-0.17806188762187958,0.9419626593589783,0.6721032857894897,0.346444308757782,-0.37223726511001587,0.3940204679965973,0.6593448519706726,0.38774871826171875,-0.18434320390224457,0.9401417970657349,0.6608637571334839,0.361674427986145,-0.3514946699142456,0.384288489818573,0.6511475443840027,0.38986003398895264,-0.16091695427894592,0.9148003458976746,0.48974305391311646,0.5444480776786804,0.114985391497612,0.9997912645339966,0.42799997329711914,0.5597094893455505,-0.11448492109775543,0.9999794960021973,0.6093084216117859,0.5150122046470642,0.07613541185855865,0.8637410402297974,0.5367881655693054,0.5918872356414795,-0.48960208892822266,0.9987072944641113,0.5518146753311157,0.7207023501396179,0.26654261350631714,0.8903681635856628,0.4804661273956299,0.8448765277862549,-0.4004019796848297,0.9984885454177856,0.5269761681556702,0.7452036738395691,0.2852632701396942,0.8719269633293152,0.4531093239784241,0.8900381922721863,-0.39132118225097656,0.9941502809524536,0.6008281111717224,0.7781123518943787,0.25348350405693054,0.932513415813446,0.5364879369735718,0.9295687079429626,-0.47557759284973145,0.9974587559700012
down,0.6264408826828003,0.15982457995414734,-0.20257750153541565,0.9999784827232361,0.6231029629707336,0.13434144854545593,-0.1795339286327362,0.9999889731407166,0.6240900754928589,0.13427646458148956,-0.17961154878139496,0.999989926815033,0.6250970959663391,0.13418926298618317,-0.17968927323818207,0.9999898672103882,0.6159425973892212,0.13292959332466125,-0.2219141721725464,0.9999826550483704,0.6116710901260376,0.1320074498653412,-0.222050741314888,0.9999816417694092,0.6070341467857361,0.1315559446811676,-0.22202876210212708,0.9999815821647644,0.6051099300384521,0.1406889110803604,-0.054774075746536255,0.9999898076057434,0.5814553499221802,0.1404033899307251,-0.24321460723876953,0.9999820590019226,0.6220993995666504,0.18686281144618988,-0.15458258986473083,0.9999935626983643,0.6136752367019653,0.1863742172718048,-0.20897328853607178,0.999990701675415,0.5959144830703735,0.2975441515445709,0.07887717336416245,0.9996745586395264,0.5176283121109009,0.30217602849006653,-0.307902991771698,0.9998957514762878,0.6210705041885376,0.48604118824005127,-0.022613298147916794,0.46113285422325134,0.5538727641105652,0.5215119123458862,-0.29398518800735474,0.9800441861152649,0.6588553786277771,0.40847259759902954,-0.2975756525993347,0.45146897435188293,0.6450952291488647,0.4279400408267975,-0.13045582175254822,0.9714417457580566,0.6802047491073608,0.37073609232902527,-0.33331945538520813,0.4230465888977051,0.6651564836502075,0.41106706857681274,-0.14098341763019562,0.9501317143440247,0.6746100187301636,0.3430343270301819,-0.3155749440193176,0.42640015482902527,0.6595233082771301,0.3881568908691406,-0.14745968580245972,0.9489258527755737,0.6645910143852234,0.3536870777606964,-0.29998940229415894,0.4156036078929901,0.6515918374061584,0.38981175422668457,-0.12642987072467804,0.925962507724762,0.48955240845680237,0.5446895956993103,0.11812589317560196,0.9998134970664978,0.4277358651161194,0.5601503252983093,-0.1176023855805397,0.9999818205833435,0.6223454475402832,0.5071004033088684,0.08901035040616989,0.8803957104682922,0.5383093953132629,0.5919442772865295,-0.4861094355583191,0.998887836933136,0.5517725348472595,0.7204591631889343,0.2775166928768158,0.9011410474777222,0.4805116653442383,0.8460761308670044,-0.3974117040634155,0.9986441135406494,0.5268081426620483,0.7446228265762329,0.2965720295906067,0.883043110370636,0.45296138525009155,0.8904094099998474,-0.38795849680900574,0.9946232438087463,0.5991650819778442,0.7770853042602539,0.2710701525211334,0.9386193156242371,0.536542534828186,0.9302817583084106,-0.46486926078796387,0.9976938366889954
down,0.6264897584915161,0.15971365571022034,-0.2030114233493805,0.9999809861183167,0.6231776475906372,0.13428010046482086,-0.18034657835960388,0.9999903440475464,0.6241149306297302,0.1341327428817749,-0.1804540604352951,0.9999914169311523,0.6250612735748291,0.13392865657806396,-0.1805504560470581,0.9999911189079285,0.6160335540771484,0.13296876847743988,-0.22276313602924347,0.9999852776527405,0.6117533445358276,0.1320679932832718,-0.22290709614753723,0.9999848008155823,0.607138454914093,0.13161411881446838,-0.22289606928825378,0.9999846816062927,0.6032718420028687,0.14043362438678741,-0.057352133095264435,0.9999912977218628,0.5811848044395447,0.14049014449119568,-0.2449333369731903,0.9999854564666748,0.6221264600753784,0.1867540180683136,-0.15503807365894318,0.9999943375587463,0.6138959527015686,0.1862836480140686,-0.20940010249614716,0.9999918937683105,0.5955843925476074,0.2978070080280304,0.07537110894918442,0.9997044205665588,0.5167745351791382,0.30303117632865906,-0.3093639612197876,0.9999134540557861,0.6228962540626526,0.4863363802433014,-0.029599716886878014,0.4965974986553192,0.5536174178123474,0.5216653943061829,-0.2970822751522064,0.9840128421783447,0.6578540802001953,0.41189447045326233,-0.30919134616851807,0.46422380208969116,0.644557774066925,0.4274787902832031,-0.1427646428346634,0.9750640988349915,0.676310658454895,0.38465046882629395,-0.35030895471572876,0.428740918636322,0.6642622947692871,0.41059836745262146,-0.1585359424352646,0.9548177719116211,0.6702013611793518,0.35205596685409546,-0.33325958251953125,0.4324822425842285,0.6575521230697632,0.3869127631187439,-0.16870899498462677,0.9541944861412048,0.6602264642715454,0.3606916069984436,-0.31266242265701294,0.4211829602718353,0.6494045257568359,0.3880654573440552,-0.14039064943790436,0.9324327111244202,0.49009066820144653,0.5452572703361511,0.11890304088592529,0.9998295307159424,0.42751941084861755,0.5612878799438477,-0.11835430562496185,0.9999839663505554,0.6233091354370117,0.5026630163192749,0.09051187336444855,0.8871675133705139,0.5385144948959351,0.5925753712654114,-0.5037857294082642,0.9989669322967529,0.5519030094146729,0.7203881740570068,0.29781317710876465,0.904812753200531,0.48062267899513245,0.8458238244056702,-0.4070618748664856,0.9986913800239563,0.5269092917442322,0.7440601587295532,0.3187677562236786,0.8875053524971008,0.4529353976249695,0.8886477947235107,-0.3968963921070099,0.9947571158409119,0.601039707660675,0.7766609191894531,0.2914120852947235,0.940721333026886,0.5363656282424927,0.9306186437606812,-0.4789274334907532,0.9977920651435852
down,0.6267611980438232,0.15965338051319122,-0.1945088803768158,0.9999825954437256,0.623253345489502,0.1341840624809265,-0.17207422852516174,0.9999912977218628,0.6240891218185425,0.13395677506923676,-0.17217689752578735,0.9999924302101135,0.624911367893219,0.1336667537689209,-0.17226146161556244,0.9999918937683105,0.6162277460098267,0.13298246264457703,-0.2134082317352295,0.9999869465827942,0.6119624972343445,0.13208816945552826,-0.21355493366718292,0.9999869465827942,0.6074190139770508,0.1316223442554474,-0.21354763209819794,0.9999865293502808,0.6020714044570923,0.14036130905151367,-0.05075957626104355,0.999992311000824,0.5811960101127625,0.14054475724697113,-0.23455524444580078,0.9999877214431763,0.622191309928894,0.18680340051651,-0.14787299931049347,0.9999949336051941,0.6141047477722168,0.1863100230693817,-0.20079772174358368,0.9999927282333374,0.5951968431472778,0.29791247844696045,0.08094172179698944,0.9997296929359436,0.5167959928512573,0.3035208582878113,-0.29656440019607544,0.9999257326126099,0.6225952506065369,0.48754259943962097,-0.01783256232738495,0.5179409980773926,0.5529997944831848,0.5216538906097412,-0.282742977142334,0.9863642454147339,0.6568462252616882,0.4134717583656311,-0.29091575741767883,0.4773370623588562,0.6444931626319885,0.4270041882991791,-0.12653657793998718,0.9769203662872314,0.6749521493911743,0.38849225640296936,-0.32577210664749146,0.4357990026473999,0.6642351746559143,0.4090524911880493,-0.1369268000125885,0.9570003747940063,0.668196976184845,0.35487985610961914,-0.3072781264781952,0.43957826495170593,0.6568676233291626,0.3848048746585846,-0.14483623206615448,0.9567303657531738,0.6583243608474731,0.36309847235679626,-0.29274627566337585,0.42691829800605774,0.6482875347137451,0.38561511039733887,-0.1233101338148117,0.9355936050415039,0.4899417757987976,0.5468586683273315,0.118392214179039,0.9998351335525513,0.4273483157157898,0.5629672408103943,-0.1178303211927414,0.9999852180480957,0.6216946840286255,0.5022793412208557,0.11618194729089737,0.8892927169799805,0.5385228395462036,0.5926848649978638,-0.48797330260276794,0.999016523361206,0.5515106916427612,0.7197713255882263,0.31212273240089417,0.9061036705970764,0.48063644766807556,0.8452773094177246,-0.403743177652359,0.9987074136734009,0.526957631111145,0.7434663772583008,0.331667959690094,0.8891122341156006,0.45249706506729126,0.8875874876976013,-0.39456960558891296,0.9948546290397644,0.5995658040046692,0.7751707434654236,0.31009477376937866,0.9417202472686768,0.5363775491714478,0.9295889139175415,-0.47327929735183716,0.9978566765785217
down,0.6272302865982056,0.15983232855796814,-0.18814480304718018,0.9999832510948181,0.6236079931259155,0.1343434751033783,-0.16572190821170807,0.9999916553497314,0.6243637800216675,0.134035125374794,-0.16582265496253967,0.9999929070472717,0.6251112222671509,0.13369286060333252,-0.16590461134910583,0.9999922513961792,0.6167205572128296,0.13333000242710114,-0.20797857642173767,0.9999877214431763,0.6124411225318909,0.13241738080978394,-0.20812208950519562,0.9999880790710449,0.6079605221748352,0.13189096748828888,-0.20810942351818085,0.9999874830245972,0.602003812789917,0.14037302136421204,-0.0444033220410347,0.9999926686286926,0.5817098617553711,0.1405891478061676,-0.23322732746601105,0.999988853931427,0.6223757266998291,0.187017023563385,-0.1414259374141693,0.9999951124191284,0.6145747303962708,0.18653522431850433,-0.19559970498085022,0.9999929666519165,0.5939208269119263,0.2989813983440399,0.08825846016407013,0.9997339248657227,0.5169951915740967,0.30413419008255005,-0.29662519693374634,0.9999309182167053,0.6211506724357605,0.4880490303039551,-0.005869491957128048,0.5266973972320557,0.5527728796005249,0.5218127965927124,-0.2798023819923401,0.9878486394882202,0.656751811504364,0.4142445921897888,-0.27790185809135437,0.4819874167442322,0.6453725099563599,0.4269023537635803,-0.12225934118032455,0.9778887629508972,0.6751432418823242,0.38827604055404663,-0.31256648898124695,0.43700888752937317,0.6655188798904419,0.4083828330039978,-0.13319367170333862,0.9578690528869629,0.6688824892044067,0.35529857873916626,-0.296119749546051,0.44090595841407776,0.6582735180854797,0.3842695951461792,-0.14101514220237732,0.9577860832214355,0.6586335897445679,0.3640685975551605,-0.28063297271728516,0.4280624985694885,0.6494874358177185,0.38553911447525024,-0.11897999048233032,0.936618447303772,0.48931875824928284,0.5470983386039734,0.11958731710910797,0.9998340010643005,0.4267722964286804,0.5636231899261475,-0.11902167648077011,0.9999853372573853,0.6193047761917114,0.5053669214248657,0.10757999122142792,0.8903205990791321,0.5385729074478149,0.5928121209144592,-0.49606141448020935,0.9990577101707458,0.5516797304153442,0.7191328406333923,0.30465075373649597,0.9060288667678833,0.480639785528183,0.8456342816352844,-0.4079607129096985,0.9987139105796814,0.5274527668952942,0.7427825331687927,0.32402288913726807,0.889598548412323,0.4524909555912018,0.887760579586029,-0.39861851930618286,0.9948880672454834,0.5966750979423523,0.772696852684021,0.30060580372810364,0.9421083927154541,0.5516135692596436,0.921180784702301,-0.4770718216896057,0.9978905916213989
down,0.6272169351577759,0.1604606807231903,-0.2113807201385498,0.9999846816062927,0.6235820651054382,0.13551555573940277,-0.18784305453300476,0.9999924302101135,0.6243456602096558,0.1352073699235916,-0.18794623017311096,0.999993622303009,0.6250959634780884,0.13491347432136536,-0.18804557621479034,0.9999929070472717,0.6166231036186218,0.1343849003314972,-0.22824952006340027,0.9999889135360718,0.612299382686615,0.13329990208148956,-0.22840075194835663,0.99998939037323,0.6077703833580017,0.13254408538341522,-0.2283807247877121,0.9999887943267822,0.6019910573959351,0.1414540857076645,-0.06197752431035042,0.9999934434890747,0.5815688371658325,0.14098407328128815,-0.2420496642589569,0.9999901652336121,0.6223040819168091,0.18760736286640167,-0.16318878531455994,0.9999955892562866,0.6145147681236267,0.18695127964019775,-0.21489480137825012,0.9999935626983643,0.5929061770439148,0.29897236824035645,0.07084562629461288,0.9997485280036926,0.516977071762085,0.3044587969779968,-0.30491459369659424,0.9999355673789978,0.6213712692260742,0.48689016699790955,-0.03446431830525398,0.5446432828903198,0.5528160333633423,0.5218859314918518,-0.2967146039009094,0.9892693758010864,0.6571333408355713,0.4139957129955292,-0.30769413709640503,0.49672695994377136,0.6458739042282104,0.4267266094684601,-0.1463046371936798,0.9790811538696289,0.6772558689117432,0.3859231770038605,-0.3445439040660858,0.4486435055732727,0.6661809682846069,0.4082944095134735,-0.16047586500644684,0.9591696858406067,0.6706001162528992,0.3552878499031067,-0.32736706733703613,0.4526257812976837,0.6591587662696838,0.3842664361000061,-0.1663186252117157,0.9592492580413818,0.660112738609314,0.36417609453201294,-0.3102629780769348,0.4391214847564697,0.6503942012786865,0.38565072417259216,-0.14290766417980194,0.938534677028656,0.4890937805175781,0.5468519926071167,0.11877091228961945,0.999839186668396,0.4266327917575836,0.563724160194397,-0.118202343583107,0.9999856352806091,0.619890570640564,0.5053917169570923,0.09728440642356873,0.8931044340133667,0.5387296080589294,0.5929647088050842,-0.48576098680496216,0.9990869164466858,0.5520673394203186,0.7190061211585999,0.2949388325214386,0.9075450301170349,0.4806380271911621,0.845637321472168,-0.3923655152320862,0.9987220764160156,0.5281342267990112,0.7422369122505188,0.3146474361419678,0.8917598724365234,0.4524803161621094,0.8872568607330322,-0.3824436664581299,0.9949051737785339,0.5990757942199707,0.7747793197631836,0.29204225540161133,0.9427410960197449,0.5447767376899719,0.9202988743782043,-0.4583195745944977,0.9979011416435242
down,0.6271817684173584,0.1606559306383133,-0.22595088183879852,0.9999867677688599,0.6234958171844482,0.13594543933868408,-0.20218220353126526,0.9999935626983643,0.6242867708206177,0.13568590581417084,-0.2022772580385208,0.9999945163726807,0.625054657459259,0.135462686419487,-0.2023797482252121,0.9999939203262329,0.6163500547409058,0.13467440009117126,-0.2429714947938919,0.9999904632568359,0.6119445562362671,0.13353464007377625,-0.24312400817871094,0.9999909996986389,0.6073064208030701,0.13270404934883118,-0.24310877919197083,0.9999904036521912,0.6020389795303345,0.14223836362361908,-0.0736025869846344,0.9999944567680359,0.5811396837234497,0.14136533439159393,-0.254697322845459,0.999991774559021,0.6223263144493103,0.18794846534729004,-0.17661692202091217,0.9999962449073792,0.614431619644165,0.18720108270645142,-0.2287886142730713,0.9999944567680359,0.5924333333969116,0.2983602285385132,0.061579298228025436,0.9997723698616028,0.5170766115188599,0.30486807227134705,-0.31800204515457153,0.9999409317970276,0.6218535900115967,0.48722848296165466,-0.05514969304203987,0.574336051940918,0.5532028079032898,0.5229540467262268,-0.31346768140792847,0.9906855225563049,0.6582004427909851,0.4116526246070862,-0.3410903513431549,0.5245734453201294,0.6462588906288147,0.42653888463974,-0.16039283573627472,0.9806587100028992,0.6803929209709167,0.38032570481300354,-0.3802676498889923,0.47179341316223145,0.6667617559432983,0.4080803394317627,-0.1750422716140747,0.9611185789108276,0.6716293096542358,0.354256808757782,-0.3618704676628113,0.47560885548591614,0.6593076586723328,0.38424521684646606,-0.18190434575080872,0.9613668918609619,0.6610457897186279,0.3629777133464813,-0.3435986340045929,0.4616893529891968,0.6504884362220764,0.38570407032966614,-0.15727338194847107,0.9416875243186951,0.48890790343284607,0.54669189453125,0.11866427958011627,0.9998518228530884,0.42652004957199097,0.5638347864151001,-0.11810033023357391,0.9999862313270569,0.6207115054130554,0.5043175220489502,0.08644840121269226,0.897617518901825,0.5387650728225708,0.5931532382965088,-0.4841124415397644,0.9991246461868286,0.5527397394180298,0.7187598347663879,0.2873653173446655,0.909140408039093,0.4805576205253601,0.8458833694458008,-0.3854738175868988,0.9987421035766602,0.5287715196609497,0.7415814995765686,0.3076806962490082,0.8940182328224182,0.45226946473121643,0.8873513340950012,-0.3746694028377533,0.9949266314506531,0.5969148874282837,0.7723878026008606,0.2851262390613556,0.943231463432312,0.5368083715438843,0.9300625920295715,-0.4504951536655426,0.9978979229927063
down,0.627196729183197,0.16095586121082306,-0.22864219546318054,0.9999873638153076,0.6234574913978577,0.13650527596473694,-0.20514807105064392,0.9999939203262329,0.6242691278457642,0.13627435266971588,-0.2052435576915741,0.9999948740005493,0.6250613927841187,0.13609015941619873,-0.20534610748291016,0.9999942779541016,0.6162343621253967,0.13506236672401428,-0.24567651748657227,0.9999909400939941,0.6118036508560181,0.13384635746479034,-0.2458297461271286,0.9999915957450867,0.6071222424507141,0.13292168080806732,-0.24581527709960938,0.9999909996986389,0.6024128794670105,0.1427752822637558,-0.0775209590792656,0.9999948143959045,0.5809304714202881,0.14170652627944946,-0.2578432261943817,0.9999923706054688,0.6223875880241394,0.18833433091640472,-0.17965014278888702,0.9999964833259583,0.6144506931304932,0.1875007152557373,-0.23142926394939423,0.9999948143959045,0.5929014682769775,0.2988438606262207,0.057490747421979904,0.9997777938842773,0.5172127485275269,0.3050781190395355,-0.32036319375038147,0.9999419450759888,0.62166428565979,0.48901960253715515,-0.05478081852197647,0.5836329460144043,0.5535753965377808,0.5234408378601074,-0.31539076566696167,0.9912906289100647,0.6584680080413818,0.41191351413726807,-0.3337617516517639,0.5326975584030151,0.6467746496200562,0.42675521969795227,-0.15941591560840607,0.9811429381370544,0.6807748675346375,0.3798730969429016,-0.37075552344322205,0.47835713624954224,0.6668914556503296,0.4071617126464844,-0.17270641028881073,0.9615218639373779,0.6720229983329773,0.35441431403160095,-0.3529890775680542,0.48199695348739624,0.6592574715614319,0.38364309072494507,-0.17898806929588318,0.9618688225746155,0.6614164710044861,0.3632967174053192,-0.3363276720046997,0.46841222047805786,0.650497317314148,0.3855769634246826,-0.15586915612220764,0.9424447417259216,0.48877134919166565,0.5470680594444275,0.11896942555904388,0.9998540878295898,0.42649349570274353,0.563953697681427,-0.11840899288654327,0.999985933303833,0.6121758818626404,0.5085300803184509,0.08204898238182068,0.8989800810813904,0.5386461019515991,0.5939051508903503,-0.48028144240379333,0.9991380572319031,0.5530808568000793,0.7179316282272339,0.28114548325538635,0.90838623046875,0.48052436113357544,0.8468084335327148,-0.3789457678794861,0.9987349510192871,0.530053973197937,0.7382230162620544,0.30171841382980347,0.8932768106460571,0.45216289162635803,0.8882130980491638,-0.3679181933403015,0.9948605298995972,0.597356379032135,0.7697017192840576,0.28068286180496216,0.9425277709960938,0.53678959608078,0.9339613318443298,-0.4441652297973633,0.9978610873222351
down,0.6272299885749817,0.16102971136569977,-0.23292788863182068,0.9999859929084778,0.6234723925590515,0.1366489678621292,-0.2093021124601364,0.9999933242797852,0.6243625283241272,0.1364215761423111,-0.20940819382667542,0.9999943971633911,0.6252996325492859,0.1362331509590149,-0.20952291786670685,0.9999936819076538,0.6160045862197876,0.13512453436851501,-0.24895255267620087,0.9999898672103882,0.6114299893379211,0.13388332724571228,-0.24911129474639893,0.9999907612800598,0.6065101027488708,0.13290421664714813,-0.24910879135131836,0.9999901652336121,0.6036351323127747,0.1430680900812149,-0.08162171393632889,0.9999942183494568,0.580464243888855,0.14181214570999146,-0.2577016353607178,0.9999918937683105,0.6227992177009583,0.18851596117019653,-0.18380950391292572,0.9999961853027344,0.614517331123352,0.18766358494758606,-0.2343987673521042,0.9999943971633911,0.5946964621543884,0.298361599445343,0.05349434167146683,0.9997586011886597,0.517257809638977,0.3052002787590027,-0.3207342326641083,0.999940812587738,0.6215468645095825,0.48952120542526245,-0.0650169849395752,0.572043240070343,0.5535568594932556,0.52340167760849,-0.318645179271698,0.9915300607681274,0.6582059860229492,0.4139539897441864,-0.3505995273590088,0.5187875628471375,0.6467815637588501,0.4271737337112427,-0.1706589162349701,0.9812312722206116,0.6791039705276489,0.3836513161659241,-0.3891860246658325,0.467630535364151,0.6663990020751953,0.40747448801994324,-0.18528734147548676,0.9616023302078247,0.6709338426589966,0.3554837107658386,-0.37138670682907104,0.4712183475494385,0.6588400602340698,0.3842107653617859,-0.19074352085590363,0.9620153903961182,0.6603022813796997,0.3657858967781067,-0.35341137647628784,0.4580988585948944,0.6502028703689575,0.38628479838371277,-0.1671508252620697,0.9423052668571472,0.4894010126590729,0.5470575094223022,0.11808282136917114,0.999838650226593,0.42666205763816833,0.5638939738273621,-0.11750433593988419,0.9999849200248718,0.6067543029785156,0.5145722031593323,0.08520136773586273,0.89717036485672,0.5376977324485779,0.5943168997764587,-0.487945020198822,0.99913090467453,0.553436815738678,0.7174218893051147,0.2950882613658905,0.9057204127311707,0.48084768652915955,0.846998929977417,-0.388691246509552,0.9987185001373291,0.5307504534721375,0.7373514771461487,0.3162387013435364,0.8903887867927551,0.45302730798721313,0.8882392048835754,-0.3786258399486542,0.9947313070297241,0.6006210446357727,0.7705845236778259,0.29337629675865173,0.9404695630073547,0.5406892895698547,0.9328292012214661,-0.4608139097690582,0.9978468418121338
down,0.6273318529129028,0.16116729378700256,-0.2288946658372879,0.9999858140945435,0.6235979199409485,0.13686929643154144,-0.2048833817243576,0.9999932646751404,0.624545693397522,0.13664813339710236,-0.20497925579547882,0.9999943375587463,0.6255379915237427,0.1364610195159912,-0.20508010685443878,0.999993622303009,0.6159904599189758,0.1352723091840744,-0.24467208981513977,0.9999897480010986,0.6113718748092651,0.1339891254901886,-0.24482949078083038,0.999990701675415,0.6064049601554871,0.13295817375183105,-0.24482735991477966,0.9999901652336121,0.6041975021362305,0.14335042238235474,-0.07604637742042542,0.9999940991401672,0.5802988409996033,0.14194722473621368,-0.25194811820983887,0.9999920129776001,0.622959315776825,0.18868763744831085,-0.1794203668832779,0.9999961256980896,0.6145844459533691,0.1878587156534195,-0.23024480044841766,0.9999943375587463,0.5952460169792175,0.2987995445728302,0.06069536879658699,0.9997552037239075,0.5173840522766113,0.3054853081703186,-0.31719791889190674,0.9999423623085022,0.6214187741279602,0.48969024419784546,-0.05423711612820625,0.5731720924377441,0.5533449649810791,0.5231673717498779,-0.3122043013572693,0.9919337034225464,0.6583332419395447,0.4146408438682556,-0.3387606739997864,0.5244794487953186,0.6467333436012268,0.42748287320137024,-0.1549464613199234,0.9818841218948364,0.6782240867614746,0.3858738839626312,-0.3761443495750427,0.47416871786117554,0.6662365794181824,0.40866178274154663,-0.16743513941764832,0.962489128112793,0.6709070205688477,0.3573884665966034,-0.35756716132164,0.4779351055622101,0.6589046716690063,0.3861071765422821,-0.17387834191322327,0.9629473686218262,0.6608692407608032,0.368515282869339,-0.3410833477973938,0.46471694111824036,0.6503721475601196,0.38829731941223145,-0.15137678384780884,0.9435524940490723,0.4899180829524994,0.5476897954940796,0.11831299215555191,0.9998353719711304,0.4267614781856537,0.5639628171920776,-0.11774547398090363,0.9999849796295166,0.6066687107086182,0.5163252949714661,0.09840042889118195,0.8961512446403503,0.5370839834213257,0.5944395065307617,-0.4869700074195862,0.9991289377212524,0.5530940294265747,0.7166151404380798,0.2996521592140198,0.9037644267082214,0.4810752868652344,0.8468258380889893,-0.3886963725090027,0.9986874461174011,0.5305172801017761,0.7372318506240845,0.31963735818862915,0.8881146907806396,0.4536070227622986,0.8880553245544434,-0.3784635663032532,0.9945828318595886,0.5995547771453857,0.7697950005531311,0.2983325123786926,0.9389805793762207,0.5414525270462036,0.9310155510902405,-0.4567636549472809,0.9978203773498535
down,0.6273200511932373,0.16115880012512207,-0.2540685534477234,0.9999867677688599,0.6236122846603394,0.13690702617168427,-0.2294817715883255,0.999993622303009,0.6246020197868347,0.13669297099113464,-0.22958794236183167,0.999994695186615,0.6256288886070251,0.13648967444896698,-0.22971446812152863,0.9999940991401672,0.6158691644668579,0.13530145585536957,-0.2679787278175354,0.9999902248382568,0.6112486124038696,0.13402393460273743,-0.2681379020214081,0.9999911189079285,0.6062882542610168,0.13298016786575317,-0.2681312561035156,0.9999907612800598,0.6041489243507385,0.14330223202705383,-0.09784823656082153,0.9999943971633911,0.5803480744361877,0.14205951988697052,-0.2676556706428528,0.9999924302101135,0.6229889392852783,0.18863144516944885,-0.20373889803886414,0.9999964237213135,0.6145824193954468,0.18786293268203735,-0.25265753269195557,0.9999946355819702,0.5965718626976013,0.2979913353919983,0.03957847133278847,0.9997578263282776,0.5181300044059753,0.3053114712238312,-0.3337754011154175,0.9999443292617798,0.6218757033348083,0.49458032846450806,-0.09364594519138336,0.5883103013038635,0.5534566044807434,0.5231963396072388,-0.3406250774860382,0.9923991560935974,0.6590416431427002,0.4161735475063324,-0.3881250023841858,0.5363290309906006,0.647926926612854,0.4272341728210449,-0.19473706185817719,0.9826346635818481,0.6789129972457886,0.38813066482543945,-0.4288609027862549,0.48513519763946533,0.6667623519897461,0.4082791209220886,-0.21097972989082336,0.9636679887771606,0.6717902421951294,0.36050814390182495,-0.40963706374168396,0.48821398615837097,0.6595374345779419,0.38527098298072815,-0.2163756638765335,0.9641432166099548,0.6616276502609253,0.3707383871078491,-0.39079350233078003,0.4745294451713562,0.6513083577156067,0.38797110319137573,-0.19145117700099945,0.9454270005226135,0.4908704161643982,0.547614574432373,0.11757411807775497,0.9998428821563721,0.42727670073509216,0.5639740824699402,-0.11701498925685883,0.9999857544898987,0.6066430807113647,0.5189351439476013,0.07851614058017731,0.8978840112686157,0.5370799899101257,0.5947046875953674,-0.5058954954147339,0.9991490244865417,0.5514088869094849,0.7154629826545715,0.2976538836956024,0.9041965007781982,0.4806572496891022,0.8469808101654053,-0.38892853260040283,0.9986969232559204,0.5299013257026672,0.735958456993103,0.3201734125614166,0.8871293663978577,0.4531644284725189,0.888243556022644,-0.3768784999847412,0.9944945573806763,0.599041223526001,0.7680288553237915,0.2968881130218506,0.9387679696083069,0.5378631353378296,0.9336296319961548,-0.45800232887268066,0.9978440999984741
down,0.6275951266288757,0.16095377504825592,-0.2345469444990158,0.9999858736991882,0.6238235235214233,0.13648059964179993,-0.21100959181785583,0.9999932050704956,0.6247702836990356,0.13606637716293335,-0.21110764145851135,0.9999943971633911,0.6257451772689819,0.13555468618869781,-0.21121589839458466,0.9999937415122986,0.616230845451355,0.13514293730258942,-0.2509578764438629,0.9999895095825195,0.6118038892745972,0.13393834233283997,-0.25111865997314453,0.9999905228614807,0.6071515083312988,0.1329372674226761,-0.2511132061481476,0.9999900460243225,0.6035929322242737,0.14224480092525482,-0.08348722755908966,0.9999940395355225,0.5810787081718445,0.14199306070804596,-0.26154130697250366,0.9999918341636658,0.6232240796089172,0.18847325444221497,-0.18551291525363922,0.9999961853027344,0.614928662776947,0.18771041929721832,-0.2365155965089798,0.9999942183494568,0.5965179204940796,0.2972204089164734,0.05436332896351814,0.9997571706771851,0.51824951171875,0.3056745231151581,-0.32376372814178467,0.9999427199363708,0.6204605102539062,0.49564290046691895,-0.06197730824351311,0.5869072079658508,0.5534986257553101,0.5237373113632202,-0.31546321511268616,0.9921553730964661,0.6575968861579895,0.41857558488845825,-0.34923452138900757,0.5350828170776367,0.647820234298706,0.4275018870830536,-0.16210058331489563,0.9824053049087524,0.6778225898742676,0.3941267132759094,-0.38737785816192627,0.4845293164253235,0.666953444480896,0.40916240215301514,-0.1759851723909378,0.9635285139083862,0.6706005334854126,0.3647702634334564,-0.3692151606082916,0.4875594675540924,0.659538984298706,0.3852875530719757,-0.18300528824329376,0.9640724658966064,0.6608169674873352,0.37388312816619873,-0.35183626413345337,0.47287312150001526,0.6509705185890198,0.38779136538505554,-0.15896807610988617,0.9451515674591064,0.49113407731056213,0.5466591119766235,0.11832239478826523,0.9998441934585571,0.4278535842895508,0.5643213987350464,-0.11775083839893341,0.9999861121177673,0.6065912842750549,0.5206984877586365,0.09444969147443771,0.8976010084152222,0.5370818376541138,0.5951606035232544,-0.5027870535850525,0.9991629123687744,0.5492686033248901,0.715394914150238,0.30967190861701965,0.9038779735565186,0.4805017411708832,0.847224771976471,-0.394696980714798,0.9986857771873474,0.5288087129592896,0.7360548377037048,0.3312923312187195,0.8859813213348389,0.45266395807266235,0.8886154294013977,-0.38314080238342285,0.9944666624069214,0.5974572896957397,0.7682211399078369,0.3103249669075012,0.9386967420578003,0.5374255180358887,0.9334211349487305,-0.4595419764518738,0.9978442192077637
down,0.6277377009391785,0.16083092987537384,-0.22485873103141785,0.9999855756759644,0.6242009997367859,0.1363266408443451,-0.2012893408536911,0.9999930262565613,0.6251662969589233,0.13587839901447296,-0.20138731598854065,0.9999942779541016,0.6261252164840698,0.13531813025474548,-0.20148661732673645,0.9999935626983643,0.6165672540664673,0.13503383100032806,-0.2412164956331253,0.9999892711639404,0.6121733784675598,0.13385264575481415,-0.2413751184940338,0.9999903440475464,0.6075925827026367,0.1328723281621933,-0.24137024581432343,0.9999898076057434,0.6036497950553894,0.14166279137134552,-0.0740804523229599,0.9999939203262329,0.5813873410224915,0.14182734489440918,-0.2513861358165741,0.999991774559021,0.6233562231063843,0.18844076991081238,-0.17609944939613342,0.9999960660934448,0.6150113344192505,0.18762347102165222,-0.22708919644355774,0.9999940991401672,0.5964989066123962,0.2967604994773865,0.06266384571790695,0.9997598528862,0.5186145305633545,0.3056948184967041,-0.31456276774406433,0.9999422430992126,0.6203033328056335,0.4951929748058319,-0.04789576679468155,0.5837218165397644,0.5536147356033325,0.523818850517273,-0.3016311526298523,0.9919955730438232,0.6565171480178833,0.4198903441429138,-0.3356340527534485,0.5323521494865417,0.6472593545913696,0.4275614321231842,-0.14417989552021027,0.982083797454834,0.6772240996360779,0.39573174715042114,-0.37292352318763733,0.4823581278324127,0.6669356226921082,0.40976887941360474,-0.15634764730930328,0.9629749655723572,0.6694688200950623,0.3677135407924652,-0.35529446601867676,0.48564982414245605,0.6593815088272095,0.3853892982006073,-0.16429400444030762,0.9635891914367676,0.660091757774353,0.37463897466659546,-0.3382083475589752,0.4705483913421631,0.6503999829292297,0.38770294189453125,-0.14111045002937317,0.9445213079452515,0.4912485182285309,0.5454396605491638,0.11845631897449493,0.9998406767845154,0.4279661178588867,0.5643435120582581,-0.11788676679134369,0.9999859929084778,0.6065324544906616,0.5207860469818115,0.10342009365558624,0.8970493674278259,0.5370803475379944,0.5953612923622131,-0.5002648830413818,0.9991729259490967,0.5487989187240601,0.7152005434036255,0.3120787441730499,0.9035050868988037,0.48065099120140076,0.8472012281417847,-0.3948896527290344,0.998663604259491,0.5282984972000122,0.7360153794288635,0.33308130502700806,0.8849439024925232,0.45263999700546265,0.8887421488761902,-0.3835529685020447,0.9944543838500977,0.5972089171409607,0.76884526014328,0.3130612075328827,0.9382288455963135,0.5386645793914795,0.9329842329025269,-0.4589783251285553,0.9978222846984863
down,0.6278361082077026,0.15974415838718414,-0.22573785483837128,0.9999855756759644,0.6243487596511841,0.13534575700759888,-0.2017173022031784,0.9999930262565613,0.6252784132957458,0.13486967980861664,-0.20181579887866974,0.9999942183494568,0.6261991858482361,0.1342867612838745,-0.20191478729248047,0.9999935030937195,0.6168075799942017,0.13421720266342163,-0.2420913726091385,0.99998939037323,0.6125010251998901,0.13319623470306396,-0.24225151538848877,0.9999904632568359,0.6080206632614136,0.1323413997888565,-0.24224694073200226,0.9999898672103882,0.6036496758460999,0.14018559455871582,-0.07283073663711548,0.9999939203262329,0.5817009210586548,0.1411568820476532,-0.25165456533432007,0.9999918937683105,0.6234641671180725,0.18722613155841827,-0.1763719916343689,0.9999959468841553,0.6151055097579956,0.18666526675224304,-0.22794277966022491,0.999994158744812,0.5966188907623291,0.29704248905181885,0.06411547213792801,0.999762773513794,0.5186042189598083,0.30541303753852844,-0.31601813435554504,0.999944269657135,0.6195870637893677,0.4951324462890625,-0.04846175014972687,0.5722280144691467,0.5536322593688965,0.5233930349349976,-0.3049728274345398,0.9918851256370544,0.655669093132019,0.42066144943237305,-0.33850300312042236,0.521293580532074,0.6468862295150757,0.4270792305469513,-0.14742819964885712,0.9818651080131531,0.6768099069595337,0.3976186215877533,-0.37686887383461,0.47364506125450134,0.666958749294281,0.4099944531917572,-0.16013436019420624,0.9625771641731262,0.6691156625747681,0.3700273334980011,-0.35971975326538086,0.47737228870391846,0.6594778299331665,0.3854122459888458,-0.16783908009529114,0.9632152915000916,0.6598557233810425,0.37576204538345337,-0.34151491522789,0.4623235762119293,0.6502710580825806,0.38748297095298767,-0.1443183273077011,0.9439631700515747,0.4910410940647125,0.5454438328742981,0.11949743330478668,0.9998471140861511,0.42794519662857056,0.5643605589866638,-0.11894413083791733,0.9999867677688599,0.6150672435760498,0.5159655213356018,0.10708792507648468,0.896007239818573,0.5371177196502686,0.5954026579856873,-0.5019001960754395,0.999171793460846,0.5482355952262878,0.7163358926773071,0.3208593726158142,0.9033716320991516,0.48085618019104004,0.846905529499054,-0.39453715085983276,0.9986315965652466,0.5277902483940125,0.736720621585846,0.3422744572162628,0.8847940564155579,0.45263156294822693,0.888496458530426,-0.3831219971179962,0.9943826794624329,0.5971589088439941,0.7705909013748169,0.3210483193397522,0.9379285573959351,0.5397942066192627,0.9328510761260986,-0.4584892690181732,0.9977766275405884
down,0.627548098564148,0.15947845578193665,-0.24739141762256622,0.9999867081642151,0.6241689920425415,0.1351325660943985,-0.2221737653017044,0.9999935626983643,0.625106930732727,0.13466428220272064,-0.2222760021686554,0.999994695186615,0.6260045170783997,0.1341107338666916,-0.22239229083061218,0.9999940395355225,0.6166176199913025,0.13402466475963593,-0.2614399790763855,0.9999902844429016,0.6123759150505066,0.13304057717323303,-0.2616018056869507,0.9999911785125732,0.6078625321388245,0.1322050243616104,-0.2615880072116852,0.9999908208847046,0.603551983833313,0.13976730406284332,-0.0885571613907814,0.9999943971633911,0.5816972851753235,0.14086320996284485,-0.26243719458580017,0.9999926686286926,0.6232990026473999,0.18691202998161316,-0.19653961062431335,0.9999962449073792,0.6147585511207581,0.1864084005355835,-0.2465202361345291,0.9999946355819702,0.5966845154762268,0.2973826229572296,0.048759642988443375,0.9997720718383789,0.5185750126838684,0.3051222264766693,-0.3298962712287903,0.9999474883079529,0.6196514368057251,0.4957640469074249,-0.07913769036531448,0.5734320878982544,0.5536261200904846,0.5229288935661316,-0.3332524001598358,0.9921230673789978,0.6554884314537048,0.42084765434265137,-0.376380980014801,0.52330482006073,0.6467533111572266,0.42603251338005066,-0.18145498633384705,0.9821216464042664,0.6768295168876648,0.3991982340812683,-0.4173312187194824,0.4765981435775757,0.6669670939445496,0.41002655029296875,-0.1963748335838318,0.9628721475601196,0.6693631410598755,0.371682733297348,-0.3990727663040161,0.48054271936416626,0.6596443057060242,0.38539478182792664,-0.20266738533973694,0.9635083079338074,0.6601263284683228,0.3767487704753876,-0.37943321466445923,0.46522897481918335,0.6503042578697205,0.3871684968471527,-0.1781650185585022,0.944388210773468,0.49052101373672485,0.5458594560623169,0.12002632766962051,0.9998572468757629,0.4278823435306549,0.5644509792327881,-0.11947967112064362,0.9999878406524658,0.6177240610122681,0.5136694312095642,0.10603941977024078,0.8956761360168457,0.5372521877288818,0.595063328742981,-0.5016950368881226,0.9991824626922607,0.547712504863739,0.7173216342926025,0.3177609443664551,0.9032747149467468,0.48091912269592285,0.8468810319900513,-0.3937601149082184,0.9986557364463806,0.5261478424072266,0.7401299476623535,0.33883988857269287,0.884674608707428,0.4526349604129791,0.8884076476097107,-0.38238799571990967,0.9943933486938477,0.5955610871315002,0.7732172012329102,0.3173932731151581,0.9374974370002747,0.5400346517562866,0.9327581524848938,-0.4590865671634674,0.997793436050415
down,0.6273824572563171,0.15947288274765015,-0.24161526560783386,0.9999874830245972,0.6238769292831421,0.1351815164089203,-0.21672573685646057,0.9999939799308777,0.6248000860214233,0.13472038507461548,-0.21682849526405334,0.9999949336051941,0.6256539821624756,0.13419808447360992,-0.2169400453567505,0.9999944567680359,0.6164268255233765,0.13407832384109497,-0.2566114068031311,0.9999909400939941,0.6122773885726929,0.13312499225139618,-0.2567710876464844,0.9999918341636658,0.6078110337257385,0.13232477009296417,-0.25675898790359497,0.9999914765357971,0.6031619310379028,0.14033888280391693,-0.08490537106990814,0.9999948143959045,0.5817887187004089,0.14110969007015228,-0.26217857003211975,0.999993085861206,0.6232162714004517,0.1872495412826538,-0.19141390919685364,0.9999964833259583,0.6147097945213318,0.1866767257452011,-0.24229280650615692,0.9999948740005493,0.5958336591720581,0.29856422543525696,0.05059950798749924,0.9997784495353699,0.5182836055755615,0.3052504360675812,-0.3293166756629944,0.9999481439590454,0.6203327775001526,0.49666786193847656,-0.07279427349567413,0.5868685245513916,0.553707480430603,0.5227842926979065,-0.33274638652801514,0.9924214482307434,0.6555969715118408,0.42249810695648193,-0.364411324262619,0.5405712723731995,0.646196722984314,0.4258742332458496,-0.18673104047775269,0.9826299548149109,0.6769581437110901,0.39938804507255554,-0.4043828547000885,0.49134698510169983,0.6667249798774719,0.41008225083351135,-0.20345544815063477,0.9637047648429871,0.6697131395339966,0.37211138010025024,-0.3862498998641968,0.4951697587966919,0.6593384742736816,0.3852832019329071,-0.20914092659950256,0.9642786979675293,0.6606124639511108,0.3779171109199524,-0.3672622740268707,0.4783717095851898,0.6497998237609863,0.38690999150276184,-0.1835383176803589,0.9453718662261963,0.4902037978172302,0.5464073419570923,0.1198267936706543,0.9998624920845032,0.427784264087677,0.5646047592163086,-0.1192658543586731,0.9999885559082031,0.6179718971252441,0.5122411251068115,0.10894652456045151,0.8958920836448669,0.5373563170433044,0.5949555039405823,-0.5004025101661682,0.9991919994354248,0.5470845699310303,0.7186066508293152,0.31914374232292175,0.9036442637443542,0.4810605049133301,0.8469502925872803,-0.39722147583961487,0.9986791014671326,0.5252707600593567,0.743074893951416,0.34003689885139465,0.8847978711128235,0.45286455750465393,0.8884793519973755,-0.386593759059906,0.9943686127662659,0.5948882102966309,0.7743349671363831,0.31766873598098755,0.937622606754303,0.5416287183761597,0.9330392479896545,-0.4654318690299988,0.9978122711181641
down,0.6273894309997559,0.15937091410160065,-0.2362726628780365,0.9999883770942688,0.6237808465957642,0.13502688705921173,-0.21080441772937775,0.9999944567680359,0.6247270703315735,0.13461248576641083,-0.2109094113111496,0.9999953508377075,0.625599205493927,0.1341450959444046,-0.21101589500904083,0.9999948740005493,0.6162393689155579,0.1338968127965927,-0.2506076693534851,0.9999917149543762,0.6120766401290894,0.13300304114818573,-0.2507663667201996,0.9999923706054688,0.6075304746627808,0.13225652277469635,-0.25075066089630127,0.9999920129776001,0.6032577753067017,0.1406080275774002,-0.07918968796730042,0.9999953508377075,0.5816846489906311,0.14142778515815735,-0.25505512952804565,0.9999935626983643,0.6234828233718872,0.18745456635951996,-0.1865224987268448,0.9999968409538269,0.6148441433906555,0.18682408332824707,-0.23721447587013245,0.9999952912330627,0.5957647562026978,0.29849928617477417,0.05432974547147751,0.9997954368591309,0.5175853967666626,0.30527445673942566,-0.321807324886322,0.999946653842926,0.6240910291671753,0.49706751108169556,-0.06606937199831009,0.6122199892997742,0.5540658831596375,0.5237888693809509,-0.32039397954940796,0.9926393032073975,0.6564017534255981,0.42642590403556824,-0.3555140495300293,0.5634952187538147,0.6456206440925598,0.4284420907497406,-0.16855458915233612,0.9830313920974731,0.6766871213912964,0.4001106321811676,-0.39505431056022644,0.5088272094726562,0.6656701564788818,0.4106769859790802,-0.1832238882780075,0.9642683267593384,0.6694327592849731,0.37312567234039307,-0.3765791058540344,0.5126257538795471,0.658164381980896,0.386167049407959,-0.19001474976539612,0.9648405313491821,0.6608477830886841,0.37965139746665955,-0.3578985333442688,0.49456387758255005,0.6492489576339722,0.3877420127391815,-0.1655270755290985,0.94629967212677,0.4901586174964905,0.5469040870666504,0.11890386044979095,0.9998658895492554,0.4276565611362457,0.5646138787269592,-0.11832325160503387,0.999988317489624,0.6210600733757019,0.5118811130523682,0.0961284339427948,0.8974583148956299,0.5376861691474915,0.594963788986206,-0.485328733921051,0.9991715550422668,0.5470584630966187,0.7191144227981567,0.30201756954193115,0.9041090607643127,0.4810936450958252,0.8468990921974182,-0.38129571080207825,0.9986516237258911,0.5255180597305298,0.7431892156600952,0.3226487636566162,0.8858357667922974,0.4528919756412506,0.8883174657821655,-0.3704052269458771,0.9943061470985413,0.5944404602050781,0.7747713923454285,0.300812304019928,0.9373603463172913,0.5414583086967468,0.9331448078155518,-0.4455385208129883,0.9977489113807678
down,0.6272560358047485,0.15944397449493408,-0.23993995785713196,0.9999895095825195,0.6235514879226685,0.13469597697257996,-0.21412630379199982,0.9999950528144836,0.6245819330215454,0.1344785839319229,-0.214229553937912,0.9999958276748657,0.6255276203155518,0.1342485398054123,-0.2143307477235794,0.9999953508377075,0.6158444285392761,0.13317497074604034,-0.25241249799728394,0.9999924302101135,0.6116346120834351,0.1322353631258011,-0.2525745928287506,0.999993085861206,0.6069043278694153,0.1313844621181488,-0.2525601089000702,0.9999926090240479,0.6044922471046448,0.14099310338497162,-0.08099539577960968,0.9999958276748657,0.5810412168502808,0.14124982059001923,-0.25120824575424194,0.9999940991401672,0.6236025094985962,0.18797355890274048,-0.1897813379764557,0.9999971985816956,0.6148175597190857,0.18740692734718323,-0.23847651481628418,0.999995768070221,0.5962612628936768,0.2960473299026489,0.05405246093869209,0.9998168349266052,0.5172278881072998,0.3052252531051636,-0.316861093044281,0.9999480247497559,0.625775158405304,0.4956469237804413,-0.06753721088171005,0.6379300355911255,0.5541369318962097,0.5245485901832581,-0.31183677911758423,0.9929995536804199,0.6568118929862976,0.4273455739021301,-0.3585264980792999,0.5882139205932617,0.6454165577888489,0.42959848046302795,-0.16035103797912598,0.9839514493942261,0.6764955520629883,0.40221482515335083,-0.39814212918281555,0.5301473140716553,0.6655262112617493,0.41115978360176086,-0.1743467003107071,0.9658305048942566,0.66897052526474,0.37319156527519226,-0.3786836266517639,0.5338030457496643,0.6575196385383606,0.38631126284599304,-0.18184050917625427,0.9664613008499146,0.6606107354164124,0.37958845496177673,-0.3603825271129608,0.5150550007820129,0.6488515138626099,0.38785213232040405,-0.1575172394514084,0.9490758180618286,0.49076929688453674,0.5464372634887695,0.11812394857406616,0.9998711943626404,0.4276319444179535,0.5643736720085144,-0.1175464615225792,0.9999882578849792,0.6221928000450134,0.5105946063995361,0.08951780200004578,0.9010618925094604,0.5377957224845886,0.5952742099761963,-0.483892023563385,0.9991708397865295,0.547516405582428,0.7157536149024963,0.29591020941734314,0.9063766002655029,0.48112207651138306,0.8467431664466858,-0.3788570761680603,0.9986607432365417,0.5267425775527954,0.738460898399353,0.3165954351425171,0.8890352249145508,0.4529860019683838,0.8865355849266052,-0.3677462339401245,0.9944508075714111,0.5944832563400269,0.7746327519416809,0.29633015394210815,0.9379160404205322,0.5410234928131104,0.9330500960350037,-0.4398161470890045,0.9977537393569946
down,0.6262009143829346,0.15866230428218842,-0.2314075529575348,0.9999883770942688,0.6223649382591248,0.13421659171581268,-0.20588889718055725,0.9999945163726807,0.623494029045105,0.1341496855020523,-0.20598646998405457,0.9999954700469971,0.6245273351669312,0.1340635120868683,-0.20607659220695496,0.9999948740005493,0.6147837042808533,0.13249361515045166,-0.24470093846321106,0.9999916553497314,0.6106981635093689,0.1315467357635498,-0.24485930800437927,0.9999924302101135,0.605901837348938,0.13066676259040833,-0.24485723674297333,0.9999918341636658,0.6044813990592957,0.14112398028373718,-0.0722106546163559,0.9999954104423523,0.580436646938324,0.14112240076065063,-0.24637088179588318,0.9999935030937195,0.6228516697883606,0.18762728571891785,-0.18068304657936096,0.9999969005584717,0.6138147115707397,0.18692177534103394,-0.23019027709960938,0.9999953508377075,0.5977086424827576,0.2962072193622589,0.06524112820625305,0.9998153448104858,0.5167275071144104,0.3047046363353729,-0.31313902139663696,0.9999480247497559,0.6251053214073181,0.4950878918170929,-0.0589674711227417,0.6280763745307922,0.5539485216140747,0.5243661403656006,-0.30974632501602173,0.9928486347198486,0.6571865081787109,0.4253999590873718,-0.354478657245636,0.5866814851760864,0.6454644799232483,0.4296441376209259,-0.15141427516937256,0.9838536381721497,0.6761809587478638,0.4009760022163391,-0.3941155672073364,0.5298187136650085,0.6653338670730591,0.41110843420028687,-0.1635688692331314,0.9656527638435364,0.669107973575592,0.3729335367679596,-0.37503570318222046,0.5334298610687256,0.6574121713638306,0.38644808530807495,-0.1705358475446701,0.9662404656410217,0.6610718965530396,0.3787529766559601,-0.3566647171974182,0.5152008533477783,0.6489619016647339,0.38813120126724243,-0.14794281125068665,0.9489635825157166,0.4911413788795471,0.5485361814498901,0.11922551691532135,0.9998722076416016,0.4276672303676605,0.5651208162307739,-0.11866910755634308,0.9999882578849792,0.6257925033569336,0.5033200979232788,0.09358386695384979,0.9014813303947449,0.5385892391204834,0.5940465927124023,-0.49140048027038574,0.9991669058799744,0.5486394762992859,0.717850923538208,0.29086729884147644,0.9087513089179993,0.48115411400794983,0.8467616438865662,-0.3956814408302307,0.9986596703529358,0.5281063318252563,0.7396716475486755,0.31033846735954285,0.8918872475624084,0.4530251920223236,0.8860790729522705,-0.38546425104141235,0.9944887161254883,0.5953043699264526,0.7754641175270081,0.28519803285598755,0.9397448897361755,0.5406026244163513,0.9321773052215576,-0.4628385901451111,0.9977474808692932
down,0.6254342794418335,0.15811093151569366,-0.2329341173171997,0.9999892115592957,0.6215158700942993,0.13361060619354248,-0.2073163092136383,0.9999948740005493,0.622789740562439,0.13369052112102509,-0.20740821957588196,0.999995768070221,0.6239674091339111,0.1337297409772873,-0.20748722553253174,0.9999951720237732,0.6138103008270264,0.13160179555416107,-0.24482572078704834,0.9999921917915344,0.6096821427345276,0.1306411474943161,-0.24498717486858368,0.999992847442627,0.6046465635299683,0.12984126806259155,-0.24498441815376282,0.9999924302101135,0.6042134165763855,0.1412258744239807,-0.07391104102134705,0.9999957084655762,0.5792224407196045,0.1411287486553192,-0.2423529326915741,0.9999940395355225,0.6221712231636047,0.18792785704135895,-0.18270660936832428,0.9999971985816956,0.6127733588218689,0.18685096502304077,-0.23039786517620087,0.9999956488609314,0.5975756645202637,0.29567962884902954,0.0615178644657135,0.9998224973678589,0.5159174203872681,0.3047567903995514,-0.3086731731891632,0.9999511241912842,0.6250067949295044,0.4899161756038666,-0.057746998965740204,0.6311784386634827,0.5534986853599548,0.5249109268188477,-0.30419138073921204,0.9932044148445129,0.6574198603630066,0.421758770942688,-0.35007244348526,0.5958063006401062,0.645280659198761,0.429366797208786,-0.14704152941703796,0.9843464493751526,0.676754355430603,0.39851969480514526,-0.38873666524887085,0.5402970314025879,0.6648989319801331,0.4112013578414917,-0.15911567211151123,0.9662542939186096,0.6702345609664917,0.3676968812942505,-0.37052422761917114,0.544114887714386,0.6572534441947937,0.3866848051548004,-0.16626021265983582,0.966850757598877,0.6610653400421143,0.3761383593082428,-0.3522631824016571,0.526295006275177,0.6488246917724609,0.38818278908729553,-0.14374122023582458,0.9504309892654419,0.4917084276676178,0.5491953492164612,0.11743559688329697,0.9998645782470703,0.4278068542480469,0.5661237835884094,-0.11688157171010971,0.9999876022338867,0.6281147003173828,0.5034515261650085,0.09691473841667175,0.9032549858093262,0.5393797755241394,0.593747079372406,-0.47551536560058594,0.9991848468780518,0.549582839012146,0.7179888486862183,0.2837119698524475,0.9123935103416443,0.48117533326148987,0.8470213413238525,-0.38812750577926636,0.998705267906189,0.5283783674240112,0.7402703166007996,0.3023015260696411,0.8953210115432739,0.45308035612106323,0.886225700378418,-0.3786919414997101,0.9947193264961243,0.5970737338066101,0.7760543823242188,0.2797245681285858,0.9414832592010498,0.5408534407615662,0.9311878681182861,-0.45147180557250977,0.9978050589561462
down,0.6257419586181641,0.15817151963710785,-0.20917367935180664,0.9999899864196777,0.6217976808547974,0.13329605758190155,-0.18428254127502441,0.9999952912330627,0.6229215860366821,0.13333602249622345,-0.18437722325325012,0.9999961256980896,0.6239946484565735,0.1333509087562561,-0.18445606529712677,0.9999954700469971,0.6143200397491455,0.1311320811510086,-0.22429637610912323,0.999992847442627,0.6102496385574341,0.13005530834197998,-0.22444739937782288,0.9999933838844299,0.6055637001991272,0.12918305397033691,-0.22443707287311554,0.9999929070472717,0.6038299798965454,0.14035286009311676,-0.05507003515958786,0.9999960660934448,0.5793043375015259,0.13999362289905548,-0.23212501406669617,0.9999945759773254,0.6220401525497437,0.18781155347824097,-0.16013884544372559,0.9999973773956299,0.6128057241439819,0.18630480766296387,-0.211102694272995,0.9999960064888,0.5970383882522583,0.2955982983112335,0.07656975090503693,0.9998354911804199,0.515586256980896,0.3040564954280853,-0.29849714040756226,0.9999529123306274,0.6247997879981995,0.4862382709980011,-0.03755836561322212,0.6294030547142029,0.5533831715583801,0.5239865183830261,-0.29321837425231934,0.9931870698928833,0.6576551198959351,0.4207017719745636,-0.3275143504142761,0.5987006425857544,0.6451746225357056,0.4296685457229614,-0.1345609426498413,0.9842244982719421,0.6768187284469604,0.39861416816711426,-0.3653666377067566,0.5430700182914734,0.665023684501648,0.41201919317245483,-0.145772784948349,0.9658939242362976,0.6712168455123901,0.3659782111644745,-0.3469316065311432,0.5475035905838013,0.6575222611427307,0.38739073276519775,-0.15124352276325226,0.966387927532196,0.6620607972145081,0.37347620725631714,-0.32977837324142456,0.5288593173027039,0.6492789387702942,0.3883933126926422,-0.13051524758338928,0.9497088193893433,0.49193698167800903,0.5494610071182251,0.11763371527194977,0.9998599290847778,0.42778825759887695,0.5661670565605164,-0.11708758771419525,0.9999868273735046,0.6275830268859863,0.5066216588020325,0.10875210911035538,0.9041247963905334,0.5388048887252808,0.594635546207428,-0.47599872946739197,0.9991672039031982,0.5490038990974426,0.7184617519378662,0.29723596572875977,0.9137399196624756,0.48078784346580505,0.8475695252418518,-0.38834133744239807,0.9987016916275024,0.5282090902328491,0.7400063276290894,0.3158334791660309,0.8968205451965332,0.45309609174728394,0.888474702835083,-0.37900757789611816,0.9948210120201111,0.5975154638290405,0.7770261168479919,0.2925706207752228,0.9424915909767151,0.5404311418533325,0.9320430159568787,-0.45396333932876587,0.9978076815605164
down,0.6258051991462708,0.15639814734458923,-0.2026137411594391,0.9999880194664001,0.6217368841171265,0.13184256851673126,-0.17850187420845032,0.9999945163726807,0.622724175453186,0.1317717730998993,-0.17859303951263428,0.9999954700469971,0.6235436201095581,0.1316842883825302,-0.17867416143417358,0.9999948143959045,0.6143604516983032,0.13006040453910828,-0.22082901000976562,0.9999918937683105,0.6103476285934448,0.12907429039478302,-0.22097933292388916,0.9999924302101135,0.6057657599449158,0.12819677591323853,-0.22096891701221466,0.9999918937683105,0.6023114323616028,0.13881240785121918,-0.0521109476685524,0.9999955892562866,0.5793172121047974,0.1389220803976059,-0.238745778799057,0.9999936819076538,0.6220653653144836,0.18528567254543304,-0.15440858900547028,0.9999968409538269,0.6131033301353455,0.18447177112102509,-0.2084592580795288,0.999995231628418,0.5970916152000427,0.2982344329357147,0.08022309094667435,0.999805748462677,0.5154949426651001,0.3037409782409668,-0.30552512407302856,0.9999475479125977,0.6238119602203369,0.48909327387809753,-0.032615967094898224,0.5938113927841187,0.5531591773033142,0.523955225944519,-0.29811033606529236,0.9924280643463135,0.6589290499687195,0.4157617390155792,-0.322917640209198,0.5575475096702576,0.646074652671814,0.42840948700904846,-0.13334791362285614,0.9822571873664856,0.6782323122024536,0.39619383215904236,-0.35945892333984375,0.5071215629577637,0.6661385297775269,0.4120316803455353,-0.14330147206783295,0.9626869559288025,0.6715894937515259,0.36487266421318054,-0.3406584858894348,0.5117471218109131,0.6587526798248291,0.3874721825122833,-0.1491713970899582,0.96303790807724,0.6630412340164185,0.3707391619682312,-0.32512766122817993,0.4945046901702881,0.6508651971817017,0.3884267508983612,-0.12906979024410248,0.9444971680641174,0.4902116656303406,0.5509024858474731,0.11978374421596527,0.9998492002487183,0.4270876348018646,0.5661064386367798,-0.11922018229961395,0.9999855756759644,0.6244457960128784,0.507975697517395,0.10931827127933502,0.9004777073860168,0.5396812558174133,0.5907952189445496,-0.4721558690071106,0.9991470575332642,0.5483136177062988,0.7188383936882019,0.29541781544685364,0.9122194051742554,0.48044657707214355,0.848010778427124,-0.3901752233505249,0.9986787438392639,0.5268905758857727,0.7418503761291504,0.3139238953590393,0.8946526050567627,0.45286351442337036,0.8907225131988525,-0.38143467903137207,0.9947249293327332,0.5970925092697144,0.7775557041168213,0.2896760404109955,0.9422121047973633,0.5402137041091919,0.9326850175857544,-0.45786386728286743,0.9977417588233948
down,0.6258849501609802,0.15739181637763977,-0.22650781273841858,0.9999869465827942,0.621719241142273,0.13339565694332123,-0.20110127329826355,0.999994158744812,0.6226708889007568,0.13337062299251556,-0.20119905471801758,0.9999951720237732,0.6234819293022156,0.13331319391727448,-0.20129749178886414,0.9999945759773254,0.614352822303772,0.13108597695827484,-0.24060504138469696,0.9999914169311523,0.6103127598762512,0.1298287957906723,-0.24075722694396973,0.9999919533729553,0.6056588888168335,0.12885335087776184,-0.24073949456214905,0.9999914169311523,0.6019896268844604,0.13966505229473114,-0.07161127030849457,0.9999954700469971,0.5792832970619202,0.13924753665924072,-0.2457515448331833,0.9999933242797852,0.6222018003463745,0.18636371195316315,-0.17753008008003235,0.9999966025352478,0.6132710576057434,0.1851743906736374,-0.22760601341724396,0.9999949932098389,0.5964061617851257,0.29967552423477173,0.05770464614033699,0.99978107213974,0.5154726505279541,0.30366721749305725,-0.31400996446609497,0.9999406337738037,0.6241743564605713,0.49260228872299194,-0.07173364609479904,0.5821636319160461,0.5526031255722046,0.5234909653663635,-0.32263126969337463,0.9923763275146484,0.6587821245193481,0.4212883412837982,-0.36144283413887024,0.5439285039901733,0.6459525227546692,0.42862191796302795,-0.1697896420955658,0.9815469980239868,0.6789803504943848,0.3979654908180237,-0.3993520140647888,0.4955271780490875,0.6661339998245239,0.4122196137905121,-0.18272118270397186,0.9612249135971069,0.6727191209793091,0.36701735854148865,-0.3800196647644043,0.5001878142356873,0.6588171720504761,0.3875829577445984,-0.18533222377300262,0.9613963961601257,0.6643548011779785,0.37072455883026123,-0.36340945959091187,0.48341813683509827,0.6508280634880066,0.38848352432250977,-0.16502518951892853,0.9418978691101074,0.48947057127952576,0.5515297651290894,0.11834849417209625,0.9998342394828796,0.42658334970474243,0.5663505792617798,-0.11775501817464828,0.9999837279319763,0.6244497299194336,0.5080683827400208,0.10231064260005951,0.8981449604034424,0.5398857593536377,0.5903598070144653,-0.45369753241539,0.9991536736488342,0.5475175380706787,0.7183274030685425,0.2818377614021301,0.9108904600143433,0.47972241044044495,0.8481248617172241,-0.3715363144874573,0.9986714720726013,0.5256893038749695,0.740552544593811,0.2996838688850403,0.892206072807312,0.45268210768699646,0.8932619690895081,-0.3630271553993225,0.994691789150238,0.5966843366622925,0.7775394916534424,0.2765081822872162,0.9412031769752502,0.5396015048027039,0.932409942150116,-0.4381878972053528,0.9976827502250671
down,0.6259769201278687,0.15823699533939362,-0.21192924678325653,0.9999870657920837,0.6218389868736267,0.13450878858566284,-0.1872146725654602,0.9999942183494568,0.6227997541427612,0.13449956476688385,-0.18729586899280548,0.999995231628418,0.6236502528190613,0.13446259498596191,-0.18737423419952393,0.9999947547912598,0.6144129037857056,0.131979301571846,-0.2268831431865692,0.9999914765357971,0.6103139519691467,0.13055339455604553,-0.2270302027463913,0.9999920725822449,0.6055926084518433,0.12948544323444366,-0.22701573371887207,0.9999914169311523,0.6020256876945496,0.1404551863670349,-0.06086108833551407,0.9999957084655762,0.5793219804763794,0.1393684595823288,-0.23604492843151093,0.9999935030937195,0.622277021408081,0.18742302060127258,-0.1642490029335022,0.9999966621398926,0.6133278012275696,0.18575869500637054,-0.2147349864244461,0.9999950528144836,0.596363365650177,0.30180609226226807,0.06891998648643494,0.9997678995132446,0.5154815912246704,0.3037647604942322,-0.30366021394729614,0.9999384880065918,0.6246875524520874,0.49412497878074646,-0.044117521494627,0.5783945322036743,0.5525367856025696,0.5233108401298523,-0.29646557569503784,0.9925462603569031,0.6595208048820496,0.4214688539505005,-0.3214779496192932,0.5389806628227234,0.6460610032081604,0.4287620186805725,-0.1319066882133484,0.9814339876174927,0.6795005202293396,0.39844411611557007,-0.35558727383613586,0.48904111981391907,0.6663049459457397,0.4123850166797638,-0.1408786028623581,0.9604047536849976,0.6748508214950562,0.36522701382637024,-0.33578211069107056,0.49359655380249023,0.6590696573257446,0.38774821162223816,-0.14514011144638062,0.9604353308677673,0.6652708649635315,0.3708021938800812,-0.3227463960647583,0.47743961215019226,0.651013195514679,0.3885844051837921,-0.1272551715373993,0.9406160712242126,0.4898172914981842,0.5525045990943909,0.11751148849725723,0.999825119972229,0.4267774224281311,0.5678022503852844,-0.11691925674676895,0.9999826550483704,0.6245971322059631,0.5076724290847778,0.11369794607162476,0.8973606824874878,0.5401018857955933,0.5904503464698792,-0.45281291007995605,0.9991545677185059,0.5475126504898071,0.717952311038971,0.28819501399993896,0.9114826917648315,0.4795728623867035,0.8484755754470825,-0.3700939118862152,0.9986554980278015,0.5262026786804199,0.7397366166114807,0.30577531456947327,0.8922005891799927,0.4526227116584778,0.8939831852912903,-0.36152786016464233,0.9946839213371277,0.5948496460914612,0.7762125730514526,0.2836560606956482,0.9411738514900208,0.5401929616928101,0.9325884580612183,-0.4353713095188141,0.9976264834403992
down,0.6259660720825195,0.1572926789522171,-0.21420586109161377,0.9999883770942688,0.6216362714767456,0.13339707255363464,-0.18923094868659973,0.9999946355819702,0.6225593090057373,0.1334024965763092,-0.1893003284931183,0.9999956488609314,0.6233624815940857,0.13340257108211517,-0.18937136232852936,0.9999951720237732,0.6142724752426147,0.13129906356334686,-0.2316790521144867,0.999992311000824,0.6102048754692078,0.13008452951908112,-0.23183345794677734,0.9999929070472717,0.6055132746696472,0.12909182906150818,-0.231814906001091,0.9999922513961792,0.6017497777938843,0.14035335183143616,-0.05979756638407707,0.9999960660934448,0.5794193148612976,0.13933724164962769,-0.24655301868915558,0.999994158744812,0.6223008632659912,0.18646080791950226,-0.16486021876335144,0.9999969005584717,0.6133930683135986,0.1850021630525589,-0.21907834708690643,0.9999954104423523,0.5963373780250549,0.3030471205711365,0.07369492948055267,0.9997823238372803,0.5154288411140442,0.3041251003742218,-0.312698632478714,0.9999445080757141,0.6269086003303528,0.4927212595939636,-0.0376540869474411,0.5894114971160889,0.5525096654891968,0.5234791040420532,-0.2960765063762665,0.9926927089691162,0.6599077582359314,0.41959348320961,-0.325164258480072,0.540080189704895,0.6457315683364868,0.42945683002471924,-0.13353794813156128,0.9815724492073059,0.6791185140609741,0.39928266406059265,-0.36141374707221985,0.4868175685405731,0.6661074161529541,0.4141591787338257,-0.14394396543502808,0.9602588415145874,0.6745244264602661,0.36512213945388794,-0.34215572476387024,0.491585373878479,0.6590260863304138,0.3898858428001404,-0.1485486924648285,0.9602925777435303,0.6653250455856323,0.3712576925754547,-0.3270384669303894,0.4762187898159027,0.6509445905685425,0.3899906575679779,-0.1291808933019638,0.9401978850364685,0.491168349981308,0.55326908826828,0.12043541669845581,0.9998411536216736,0.4273872375488281,0.5688044428825378,-0.11987950652837753,0.999984622001648,0.6247978806495667,0.5071065425872803,0.11599941551685333,0.8989967703819275,0.5403441190719604,0.5904342532157898,-0.4849214553833008,0.9991874694824219,0.5473902821540833,0.7180235981941223,0.316211074590683,0.9133485555648804,0.4795897603034973,0.8485397100448608,-0.3849028944969177,0.9986768364906311,0.5265337228775024,0.7396246194839478,0.3361257314682007,0.8946717977523804,0.45252618193626404,0.894060492515564,-0.3745741546154022,0.9947693943977356,0.598213791847229,0.776200532913208,0.31321337819099426,0.9426508545875549,0.5406877994537354,0.9331416487693787,-0.44939789175987244,0.9976790547370911
down,0.6260539293289185,0.15720973908901215,-0.21155782043933868,0.9999875426292419,0.6216551065444946,0.1332719773054123,-0.18712608516216278,0.9999940395355225,0.6225365400314331,0.1332889050245285,-0.18721017241477966,0.9999951124191284,0.6233104467391968,0.13330784440040588,-0.18728981912136078,0.9999946355819702,0.6144170165061951,0.13119187951087952,-0.23081238567829132,0.999991774559021,0.6103907227516174,0.12999029457569122,-0.2309681922197342,0.9999923706054688,0.6058152914047241,0.12899146974086761,-0.2309536188840866,0.9999918937683105,0.6017272472381592,0.14034217596054077,-0.05882186442613602,0.9999954700469971,0.5801019668579102,0.1392102688550949,-0.2506929337978363,0.9999936819076538,0.6223440766334534,0.18638542294502258,-0.16253063082695007,0.9999964237213135,0.6135295629501343,0.18485544621944427,-0.21840307116508484,0.9999948740005493,0.5962066054344177,0.3034636378288269,0.0772751122713089,0.9997647404670715,0.5155156850814819,0.30476611852645874,-0.31752943992614746,0.9999447464942932,0.6264051198959351,0.49086880683898926,-0.025822218507528305,0.5691137313842773,0.5525235533714294,0.5235477685928345,-0.30231398344039917,0.9923765659332275,0.6601009964942932,0.41870298981666565,-0.31284818053245544,0.5161599516868591,0.6459147930145264,0.43001386523246765,-0.13690420985221863,0.9809914827346802,0.6791252493858337,0.3994736969470978,-0.3500763773918152,0.46644139289855957,0.6662172079086304,0.41451266407966614,-0.1489901840686798,0.9595219492912292,0.6733924150466919,0.36945101618766785,-0.3342588245868683,0.47164610028266907,0.6594085097312927,0.3907625377178192,-0.15523867309093475,0.9595771431922913,0.6653956174850464,0.3728565573692322,-0.31627917289733887,0.45719316601753235,0.651441752910614,0.3909621834754944,-0.13280649483203888,0.9384853839874268,0.4914613664150238,0.5536905527114868,0.1232604831457138,0.9998455047607422,0.42772969603538513,0.5692221522331238,-0.12271376699209213,0.9999856352806091,0.6120373606681824,0.5169975161552429,0.12290309369564056,0.8961149454116821,0.5404660701751709,0.5904721021652222,-0.4940595030784607,0.9991788864135742,0.5471228361129761,0.7187499403953552,0.3256051540374756,0.9123181700706482,0.47955089807510376,0.848738968372345,-0.3941885530948639,0.9986511468887329,0.5264814496040344,0.740038275718689,0.3455899953842163,0.8930339813232422,0.45242446660995483,0.8944278359413147,-0.38361892104148865,0.9946261048316956,0.5985413193702698,0.7764955163002014,0.32238584756851196,0.9425886273384094,0.5391080975532532,0.9333361387252808,-0.45906275510787964,0.9976649284362793
down,0.6264169812202454,0.15685102343559265,-0.2024572342634201,0.9999880194664001,0.6219867467880249,0.1332700252532959,-0.17881521582603455,0.999994158744812,0.6228439807891846,0.1332871913909912,-0.17889432609081268,0.9999951720237732,0.6235947608947754,0.13331086933612823,-0.17897184193134308,0.999994695186615,0.6148476004600525,0.1311827301979065,-0.22263579070568085,0.9999920129776001,0.6108722686767578,0.12996946275234222,-0.22279313206672668,0.9999926090240479,0.6063848733901978,0.12895914912223816,-0.22278539836406708,0.9999921917915344,0.6028062105178833,0.14056049287319183,-0.05527710169553757,0.9999954700469971,0.5805110931396484,0.13920480012893677,-0.2486509084701538,0.9999938607215881,0.6229081153869629,0.18575090169906616,-0.15446384251117706,0.9999964833259583,0.6141626238822937,0.18430940806865692,-0.21016807854175568,0.9999949932098389,0.5972835421562195,0.30335733294487,0.0808039978146553,0.9997711777687073,0.5155764818191528,0.30512839555740356,-0.31202882528305054,0.9999474287033081,0.6250280141830444,0.4910408854484558,-0.019958455115556717,0.5561985373497009,0.5520365834236145,0.5229199528694153,-0.29107335209846497,0.9920127391815186,0.6586672067642212,0.4198440611362457,-0.30659645795822144,0.5054550766944885,0.6459270715713501,0.43039780855178833,-0.12512774765491486,0.9806835651397705,0.6776188611984253,0.39979150891304016,-0.34306013584136963,0.4572485685348511,0.6661461591720581,0.41475027799606323,-0.13685601949691772,0.959279477596283,0.6710332036018372,0.37297943234443665,-0.3261868357658386,0.463169127702713,0.6593308448791504,0.39102232456207275,-0.14445511996746063,0.9593727588653564,0.6624932885169983,0.37824490666389465,-0.309381365776062,0.4481315016746521,0.6512835025787354,0.3912051320075989,-0.12156800925731659,0.93766850233078,0.49229735136032104,0.554044246673584,0.12328026443719864,0.9998424649238586,0.42818179726600647,0.569469690322876,-0.12273827940225601,0.9999858736991882,0.61074298620224,0.5224099159240723,0.126750186085701,0.8924015164375305,0.5405377745628357,0.591101348400116,-0.4874143600463867,0.9991509914398193,0.5467296838760376,0.7199928164482117,0.32727694511413574,0.9094367027282715,0.4798217713832855,0.8486902117729187,-0.3878254294395447,0.9985921382904053,0.5264140367507935,0.7407820820808411,0.3471740782260895,0.8903499841690063,0.4529557228088379,0.8933278322219849,-0.3769896626472473,0.9944826364517212,0.5989883542060852,0.7770456671714783,0.32657164335250854,0.9411186575889587,0.5390525460243225,0.9333901405334473,-0.449258029460907,0.9976109862327576
down,0.6265836954116821,0.1577083319425583,-0.22930438816547394,0.9999886751174927,0.6221450567245483,0.1343737691640854,-0.20539112389087677,0.9999945163726807,0.6230398416519165,0.13440082967281342,-0.20546463131904602,0.9999954104423523,0.623855710029602,0.13439641892910004,-0.20555154979228973,0.9999949932098389,0.6149428486824036,0.13196751475334167,-0.24780218303203583,0.9999923706054688,0.6109239459037781,0.1306089162826538,-0.24796143174171448,0.9999929666519165,0.6063779592514038,0.12956306338310242,-0.24794650077819824,0.9999925494194031,0.6031653881072998,0.1411670744419098,-0.07649721205234528,0.9999957084655762,0.5805306434631348,0.1397840529680252,-0.26489201188087463,0.9999942183494568,0.6231515407562256,0.18701684474945068,-0.17983488738536835,0.9999966621398926,0.6143699884414673,0.18540166318416595,-0.2340848445892334,0.9999952912330627,0.5983169078826904,0.3028412461280823,0.06084855645895004,0.9997830390930176,0.5156881809234619,0.30524757504463196,-0.3270835280418396,0.9999491572380066,0.6228551268577576,0.49412643909454346,-0.04993169754743576,0.5594510436058044,0.551288366317749,0.5229376554489136,-0.3146609365940094,0.9921196699142456,0.6587033867835999,0.42175745964050293,-0.3422595262527466,0.5200753211975098,0.6461011171340942,0.4314952492713928,-0.1484951227903366,0.9813117384910583,0.6762512922286987,0.40318307280540466,-0.3804473876953125,0.47020223736763,0.666179895401001,0.41628435254096985,-0.1598002016544342,0.9602997303009033,0.6702657341957092,0.37385910749435425,-0.36234983801841736,0.4759487211704254,0.6592713594436646,0.39143994450569153,-0.16590338945388794,0.9603822827339172,0.6624993085861206,0.3773670494556427,-0.3447338044643402,0.45998549461364746,0.6509460210800171,0.3914600908756256,-0.14424654841423035,0.9390743970870972,0.4929947853088379,0.5540347099304199,0.12276722490787506,0.999842643737793,0.4283457398414612,0.5695720911026001,-0.12223340570926666,0.999985933303833,0.6106473803520203,0.5247634649276733,0.12204279750585556,0.8904462456703186,0.5405699014663696,0.5912073850631714,-0.4779065251350403,0.9991350769996643,0.545898973941803,0.7202549576759338,0.3164960443973541,0.9073987603187561,0.479898601770401,0.8487328290939331,-0.3802998960018158,0.9985877275466919,0.5263220071792603,0.7416045069694519,0.3359116017818451,0.8884676694869995,0.45303916931152344,0.8927231431007385,-0.3697725832462311,0.9944435358047485,0.5991436243057251,0.7782179117202759,0.31512489914894104,0.9398748278617859,0.538747251033783,0.9335027933120728,-0.4430556297302246,0.9975861310958862
down,0.6268327236175537,0.15842615067958832,-0.21203164756298065,0.9999869465827942,0.6221913695335388,0.13482080399990082,-0.18791234493255615,0.9999936819076538,0.6230431795120239,0.13481010496616364,-0.18799680471420288,0.999994695186615,0.6238139271736145,0.13475888967514038,-0.18807847797870636,0.9999942779541016,0.6151307225227356,0.13232319056987762,-0.23238947987556458,0.9999912977218628,0.6111420392990112,0.13090677559375763,-0.23254673182964325,0.9999918937683105,0.6066758632659912,0.12988436222076416,-0.2325468361377716,0.9999914169311523,0.6023587584495544,0.14121970534324646,-0.06090652942657471,0.9999951124191284,0.5807424783706665,0.14018256962299347,-0.2578769326210022,0.9999933242797852,0.6232267618179321,0.1880185902118683,-0.1632266342639923,0.9999960660934448,0.614676833152771,0.18629461526870728,-0.22011801600456238,0.9999946355819702,0.5986075401306152,0.3029041290283203,0.07368812710046768,0.9997618198394775,0.5157879590988159,0.30546653270721436,-0.3238205909729004,0.9999457001686096,0.6208188533782959,0.49465373158454895,-0.03687518462538719,0.5326826572418213,0.5511019825935364,0.5229448676109314,-0.31379756331443787,0.9917291402816772,0.6571046710014343,0.4241926372051239,-0.33454400300979614,0.5066248774528503,0.6455831527709961,0.43303942680358887,-0.14903821051120758,0.9810457229614258,0.6760506629943848,0.4053516089916229,-0.3734753131866455,0.4632738530635834,0.6661649942398071,0.4174484312534332,-0.16050326824188232,0.9603257775306702,0.6696837544441223,0.37793412804603577,-0.35713303089141846,0.4695816934108734,0.6590613126754761,0.39275744557380676,-0.16640521585941315,0.9603504538536072,0.6609019041061401,0.3829406797885895,-0.3381442427635193,0.4533557891845703,0.6504062414169312,0.392863005399704,-0.14482560753822327,0.9385484457015991,0.4930935800075531,0.5539841651916504,0.1237337738275528,0.9998332262039185,0.4284030497074127,0.5696234703063965,-0.12318314611911774,0.9999852776527405,0.6227003931999207,0.5067475438117981,0.12287221103906631,0.8862926959991455,0.5406827330589294,0.5911398530006409,-0.4782453179359436,0.9991099238395691,0.5446789264678955,0.7201606035232544,0.325092613697052,0.9048293232917786,0.4800236225128174,0.8485577702522278,-0.3787231743335724,0.9985619187355042,0.5249847769737244,0.7407457828521729,0.3454878628253937,0.8857073187828064,0.45310863852500916,0.8919013738632202,-0.36815279722213745,0.9943158626556396,0.5982818007469177,0.778592586517334,0.32395273447036743,0.9383087754249573,0.5385138392448425,0.9337331056594849,-0.44279566407203674,0.9975186586380005
down,0.6270857453346252,0.15839678049087524,-0.20488205552101135,0.9999838471412659,0.6221805810928345,0.13477176427841187,-0.1809455156326294,0.9999921321868896,0.6229112148284912,0.13474135100841522,-0.18103300034999847,0.9999934434890747,0.6234551668167114,0.13466408848762512,-0.18111655116081238,0.9999930262565613,0.6153153777122498,0.13236355781555176,-0.2256675660610199,0.99998939037323,0.6114277839660645,0.13098415732383728,-0.22582563757896423,0.999989926815033,0.6071668863296509,0.13000985980033875,-0.225826233625412,0.9999894499778748,0.6010116338729858,0.1412750631570816,-0.054716091603040695,0.9999939203262329,0.5809671878814697,0.14063206315040588,-0.25341618061065674,0.9999917149543762,0.623299777507782,0.1878991276025772,-0.1563081443309784,0.9999951124191284,0.615245521068573,0.1862541139125824,-0.21350912749767303,0.9999934434890747,0.5985985398292542,0.30343925952911377,0.08084871619939804,0.9997334480285645,0.5155465006828308,0.30644547939300537,-0.31895333528518677,0.9999405145645142,0.6209022402763367,0.49450504779815674,-0.026267286390066147,0.5038281679153442,0.5512467622756958,0.5234348177909851,-0.30503591895103455,0.9910985827445984,0.6562010049819946,0.4239841401576996,-0.3231368958950043,0.48260971903800964,0.6452792286872864,0.43294474482536316,-0.14213162660598755,0.9803966879844666,0.6758498549461365,0.40484997630119324,-0.36201930046081543,0.44625043869018555,0.6661853790283203,0.4173034727573395,-0.1546429544687271,0.9599160552024841,0.6696571707725525,0.37788060307502747,-0.345853716135025,0.45302602648735046,0.659079909324646,0.39296862483024597,-0.1607384979724884,0.959954559803009,0.6606042385101318,0.3831707835197449,-0.32677337527275085,0.4372868537902832,0.6504157781600952,0.3931829631328583,-0.13805660605430603,0.9374706149101257,0.49327149987220764,0.5540878772735596,0.1248789057135582,0.9998260140419006,0.42856478691101074,0.5696761012077332,-0.12431444972753525,0.9999846816062927,0.622999370098114,0.5055031776428223,0.1198865994811058,0.8823437690734863,0.540735125541687,0.5909802913665771,-0.4856986999511719,0.9990712404251099,0.5442188382148743,0.7200971841812134,0.3341723084449768,0.9019426703453064,0.4800514280796051,0.8478831052780151,-0.37748461961746216,0.9985223412513733,0.5243589282035828,0.7404953837394714,0.3558628261089325,0.8832428455352783,0.45308718085289,0.8909494876861572,-0.3660603165626526,0.9941474199295044,0.592788577079773,0.7770798802375793,0.3353021740913391,0.9367138743400574,0.5378929376602173,0.9335490465164185,-0.44026702642440796,0.9974579811096191
down,0.6271421313285828,0.15843608975410461,-0.21139605343341827,0.999984860420227,0.6221469640731812,0.13471418619155884,-0.1880895495414734,0.9999926090240479,0.6227763295173645,0.13463662564754486,-0.1881577968597412,0.9999938011169434,0.6231705546379089,0.13447242975234985,-0.18824069201946259,0.9999933242797852,0.6154307126998901,0.1323944479227066,-0.23250219225883484,0.999989926815033,0.6115900874137878,0.13105027377605438,-0.23266136646270752,0.9999904036521912,0.6073995232582092,0.13011421263217926,-0.23264649510383606,0.999989926815033,0.6004489064216614,0.1411180943250656,-0.06212608888745308,0.9999942779541016,0.5809376835823059,0.14079782366752625,-0.2597389817237854,0.9999920129776001,0.6231971979141235,0.18797814846038818,-0.16273926198482513,0.9999954104423523,0.615327000617981,0.18645372986793518,-0.21962842345237732,0.9999938011169434,0.5980559587478638,0.30231156945228577,0.07382063567638397,0.9997552037239075,0.5153724551200867,0.30802515149116516,-0.32041773200035095,0.999941885471344,0.6207876205444336,0.4932307004928589,-0.02692960761487484,0.5075821280479431,0.5515866875648499,0.5247967839241028,-0.30035844445228577,0.990902841091156,0.6554215550422668,0.42198508977890015,-0.325002521276474,0.48532190918922424,0.6451680660247803,0.43270745873451233,-0.13354849815368652,0.9803224205970764,0.6746996641159058,0.4039308726787567,-0.36391741037368774,0.4495468735694885,0.6661862134933472,0.41727414727211,-0.14521071314811707,0.9600540399551392,0.6685221195220947,0.3777509033679962,-0.3484531342983246,0.45692747831344604,0.6591852903366089,0.3932286202907562,-0.15336664021015167,0.960250973701477,0.6593851447105408,0.3833947479724884,-0.3287425637245178,0.4412824809551239,0.6505595445632935,0.39340320229530334,-0.13006731867790222,0.9380173683166504,0.49329057335853577,0.5534975528717041,0.1250995695590973,0.9998323917388916,0.4288467764854431,0.5698384642601013,-0.12454278767108917,0.999984622001648,0.6227895021438599,0.5045973658561707,0.11487297713756561,0.8832175135612488,0.5420737266540527,0.5913466811180115,-0.4840046763420105,0.9990668892860413,0.5449003577232361,0.7148561477661133,0.3330290913581848,0.9006227254867554,0.4798722267150879,0.8473504781723022,-0.3673553764820099,0.9984982013702393,0.5240041613578796,0.7377488017082214,0.35506919026374817,0.882628321647644,0.45280689001083374,0.889403223991394,-0.3545506000518799,0.9941614866256714,0.589260458946228,0.7688640356063843,0.33561378717422485,0.935726523399353,0.5376384258270264,0.9336193799972534,-0.4215715527534485,0.9974090456962585
down,0.6269779801368713,0.159079447388649,-0.19846224784851074,0.9999879002571106,0.6220343708992004,0.13503164052963257,-0.17531663179397583,0.9999940395355225,0.6226087808609009,0.13491874933242798,-0.17538610100746155,0.9999949932098389,0.6229712963104248,0.13469034433364868,-0.17546413838863373,0.9999945759773254,0.6155142784118652,0.13273286819458008,-0.2189231812953949,0.9999918341636658,0.6116816401481628,0.13138753175735474,-0.2190772294998169,0.9999922513961792,0.6074627637863159,0.13044413924217224,-0.21905751526355743,0.999991774559021,0.6005191206932068,0.14111420512199402,-0.05146508663892746,0.9999953508377075,0.5808011293411255,0.141089528799057,-0.2448514997959137,0.9999935030937195,0.6228638291358948,0.1889418661594391,-0.1507701575756073,0.9999963045120239,0.6151595115661621,0.18759852647781372,-0.2066154032945633,0.9999949336051941,0.5962993502616882,0.30238813161849976,0.0815734714269638,0.9997993111610413,0.515227198600769,0.30869877338409424,-0.3069222569465637,0.9999495148658752,0.6203422546386719,0.48786190152168274,-0.007856432348489761,0.5263085961341858,0.5513380169868469,0.5246971845626831,-0.28305521607398987,0.9913816452026367,0.6551235318183899,0.42212262749671936,-0.2925053834915161,0.5062558650970459,0.6451916098594666,0.4326452612876892,-0.11550875008106232,0.9812682867050171,0.6729653477668762,0.40521931648254395,-0.3291807472705841,0.4669572114944458,0.6659970879554749,0.41712090373039246,-0.1261429339647293,0.961478054523468,0.6670307517051697,0.37870317697525024,-0.31554681062698364,0.4749603271484375,0.6589488387107849,0.3934570252895355,-0.13404902815818787,0.9617474675178528,0.6584525108337402,0.3850850760936737,-0.2964622378349304,0.45951464772224426,0.6505836844444275,0.39371180534362793,-0.11192972958087921,0.9407883286476135,0.4923458695411682,0.5534554123878479,0.12381845712661743,0.9998466372489929,0.42867058515548706,0.5700659155845642,-0.1233007088303566,0.9999854564666748,0.6229110360145569,0.5033408403396606,0.1150009036064148,0.8863571286201477,0.5395830273628235,0.5949842929840088,-0.48194393515586853,0.9990770220756531,0.5453916788101196,0.7122186422348022,0.3251684606075287,0.9021536111831665,0.4797086715698242,0.8472896218299866,-0.3756457269191742,0.998481035232544,0.5238565802574158,0.7363116145133972,0.346054345369339,0.8855013847351074,0.45274215936660767,0.8889635801315308,-0.3637668192386627,0.9943023920059204,0.5895683765411377,0.7678108811378479,0.33020704984664917,0.9362515211105347,0.5380039215087891,0.9336756467819214,-0.4285670220851898,0.997402012348175
down,0.626754879951477,0.15918514132499695,-0.18757264316082,0.9999898672103882,0.6218156814575195,0.13509131968021393,-0.16479435563087463,0.9999949336051941,0.6223167181015015,0.13498184084892273,-0.16486702859401703,0.9999957084655762,0.6226435303688049,0.13473956286907196,-0.16494207084178925,0.9999953508377075,0.6154401898384094,0.13291719555854797,-0.2081698477268219,0.9999931454658508,0.6115990877151489,0.13169565796852112,-0.20832303166389465,0.9999934434890747,0.6073093414306641,0.13089251518249512,-0.20830325782299042,0.999993085861206,0.6005502343177795,0.14139880239963531,-0.04307139292359352,0.9999960660934448,0.5805978775024414,0.14191406965255737,-0.23485156893730164,0.9999945163726807,0.6224328279495239,0.189046248793602,-0.1406777799129486,0.9999968409538269,0.6147674918174744,0.1879265308380127,-0.19624187052249908,0.9999955892562866,0.5953987240791321,0.30043235421180725,0.08897800743579865,0.9998250603675842,0.514759361743927,0.30910900235176086,-0.29753240942955017,0.9999538064002991,0.6223841905593872,0.4796321988105774,0.005708751268684864,0.536314070224762,0.5511086583137512,0.5246455073356628,-0.269871324300766,0.9915130734443665,0.6557936072349548,0.42202284932136536,-0.27448558807373047,0.5096102952957153,0.645287811756134,0.43328502774238586,-0.10025672614574432,0.9810941219329834,0.673072338104248,0.40524953603744507,-0.31000518798828125,0.46918895840644836,0.6655296683311462,0.41743457317352295,-0.11115904152393341,0.9610924124717712,0.6666151285171509,0.3767794668674469,-0.29768437147140503,0.4776759445667267,0.6581854224205017,0.3935377299785614,-0.11855252832174301,0.9614242315292358,0.6579577326774597,0.38379284739494324,-0.27871817350387573,0.46251583099365234,0.650377631187439,0.39379358291625977,-0.09669777005910873,0.9407930374145508,0.49103134870529175,0.5520142316818237,0.12269364297389984,0.9998512268066406,0.4286116063594818,0.5701773762702942,-0.12218104302883148,0.9999855160713196,0.6236139535903931,0.5021290183067322,0.11085448414087296,0.8895530700683594,0.5383944511413574,0.5969990491867065,-0.4852147102355957,0.9990845322608948,0.5457865595817566,0.7109724283218384,0.3135838210582733,0.9046134948730469,0.4798782467842102,0.8471308946609497,-0.38623377680778503,0.9984822273254395,0.5237402319908142,0.7354674339294434,0.33364078402519226,0.8879157304763794,0.452828586101532,0.888288140296936,-0.37517276406288147,0.99444580078125,0.5953956246376038,0.7711286544799805,0.31519147753715515,0.9375790357589722,0.5382820963859558,0.9332732558250427,-0.44332751631736755,0.997452974319458
down,0.6254464983940125,0.16068848967552185,-0.23842410743236542,0.9999903440475464,0.6215400099754333,0.13627475500106812,-0.21375791728496552,0.999995231628418,0.6221953630447388,0.1364545077085495,-0.21384172141551971,0.9999959468841553,0.622606635093689,0.1364460587501526,-0.21393533051013947,0.9999955892562866,0.6143859624862671,0.13357284665107727,-0.25237467885017395,0.9999932646751404,0.609910249710083,0.1323917657136917,-0.2525408864021301,0.999993622303009,0.604687511920929,0.13149629533290863,-0.2525252103805542,0.9999932050704956,0.6009650826454163,0.14208614826202393,-0.08477145433425903,0.9999963641166687,0.5777508616447449,0.14211520552635193,-0.25547653436660767,0.9999947547912598,0.6203474402427673,0.1926637887954712,-0.18933476507663727,0.9999971985816956,0.6108601689338684,0.19026491045951843,-0.23833505809307098,0.9999959468841553,0.59539395570755,0.2998875379562378,0.04770629107952118,0.9998420476913452,0.5128930807113647,0.3090018928050995,-0.31705766916275024,0.9999545812606812,0.6250250935554504,0.48370641469955444,-0.06260969489812851,0.5724595785140991,0.5498131513595581,0.5250633955001831,-0.30994799733161926,0.9924066662788391,0.6576483845710754,0.42364609241485596,-0.3487829864025116,0.5426691174507141,0.6446813344955444,0.4330725073814392,-0.15605321526527405,0.982068657875061,0.6757820844650269,0.4092451333999634,-0.38671571016311646,0.4988504648208618,0.6649485230445862,0.41775622963905334,-0.16914692521095276,0.962247371673584,0.6689817309379578,0.3759251832962036,-0.37101808190345764,0.5067213773727417,0.6576095223426819,0.39322471618652344,-0.17302711308002472,0.9625702500343323,0.6586127281188965,0.3824178874492645,-0.35165172815322876,0.49019384384155273,0.6496871113777161,0.3933935761451721,-0.1516854465007782,0.9428076148033142,0.4911355972290039,0.5519683957099915,0.1170446127653122,0.9998524785041809,0.42836540937423706,0.5701970458030701,-0.11646416038274765,0.9999853372573853,0.623890221118927,0.5030509233474731,0.10077210515737534,0.8926572799682617,0.5379834771156311,0.5972764492034912,-0.46144819259643555,0.9991101622581482,0.5459367632865906,0.7106004357337952,0.3030916750431061,0.9069285988807678,0.4805251657962799,0.8477457761764526,-0.35983842611312866,0.9985525608062744,0.5237210392951965,0.7350711226463318,0.323294460773468,0.8904586434364319,0.45349064469337463,0.8883526921272278,-0.3491193354129791,0.9946146607398987,0.5988435745239258,0.773413360118866,0.30510157346725464,0.9379223585128784,0.5543023943901062,0.9302157163619995,-0.41970157623291016,0.9975354671478271
down,0.6244301199913025,0.16070657968521118,-0.23747380077838898,0.9999904632568359,0.6207567453384399,0.1362638920545578,-0.2122618854045868,0.9999953508377075,0.6214654445648193,0.13647741079330444,-0.21235191822052002,0.9999961256980896,0.6219836473464966,0.1364915370941162,-0.2124505341053009,0.999995768070221,0.613253116607666,0.13356342911720276,-0.2512620985507965,0.9999932646751404,0.6086241602897644,0.13243573904037476,-0.25142818689346313,0.9999936819076538,0.60323166847229,0.1315762996673584,-0.25140947103500366,0.9999932646751404,0.6002354025840759,0.14219263195991516,-0.08284752815961838,0.999996542930603,0.5763553977012634,0.14242015779018402,-0.25524574518203735,0.9999948143959045,0.6191523671150208,0.19296425580978394,-0.18839189410209656,0.9999974370002747,0.6096187829971313,0.19046667218208313,-0.23726849257946014,0.9999961256980896,0.5951752662658691,0.299747496843338,0.050420768558979034,0.9998537302017212,0.5117199420928955,0.3086126446723938,-0.3176932632923126,0.9999547004699707,0.6252437829971313,0.48793932795524597,-0.05990779399871826,0.6021764278411865,0.549070417881012,0.5249167680740356,-0.3100900948047638,0.9929617643356323,0.6577943563461304,0.4231887459754944,-0.3399195075035095,0.574271559715271,0.643356442451477,0.4330883026123047,-0.15400299429893494,0.9828706383705139,0.6772933006286621,0.4088776111602783,-0.3761298656463623,0.5272124409675598,0.6643847227096558,0.417892187833786,-0.16662153601646423,0.9632609486579895,0.6712169647216797,0.3733927309513092,-0.3592209219932556,0.5342403054237366,0.6570753455162048,0.39258646965026855,-0.1704232543706894,0.9635325074195862,0.6599039435386658,0.37908363342285156,-0.3421687185764313,0.5159509778022766,0.648913562297821,0.3925126791000366,-0.14947831630706787,0.9443917274475098,0.49087342619895935,0.5524629354476929,0.11671428382396698,0.9998639225959778,0.4274980425834656,0.5703149437904358,-0.11613595485687256,0.9999861717224121,0.6239228248596191,0.5040130019187927,0.1011294275522232,0.8964424729347229,0.5378174185752869,0.597195029258728,-0.46390500664711,0.9991096258163452,0.5460756421089172,0.7105376124382019,0.30715104937553406,0.9096760749816895,0.48038893938064575,0.8478772640228271,-0.35849428176879883,0.9985703825950623,0.5236740708351135,0.7349957823753357,0.32759198546409607,0.8930203318595886,0.45292454957962036,0.8887385725975037,-0.3473742604255676,0.9945652484893799,0.5948526859283447,0.7718055844306946,0.30940625071525574,0.9388124346733093,0.5417206883430481,0.9316642880439758,-0.4190756678581238,0.9975489377975464
down,0.6238427758216858,0.16069108247756958,-0.23790696263313293,0.9999895095825195,0.6197996139526367,0.13604120910167694,-0.21303865313529968,0.9999949932098389,0.6204593777656555,0.13625304400920868,-0.2131306678056717,0.999995768070221,0.6209978461265564,0.1362520307302475,-0.21323034167289734,0.9999954104423523,0.612406313419342,0.13352322578430176,-0.25270432233810425,0.9999925494194031,0.607803225517273,0.13251787424087524,-0.25287070870399475,0.9999929666519165,0.602462887763977,0.13172702491283417,-0.252857506275177,0.9999924898147583,0.5993276834487915,0.1425071358680725,-0.08301395177841187,0.9999962449073792,0.5757131576538086,0.1430024653673172,-0.25768202543258667,0.9999942779541016,0.618742823600769,0.19304688274860382,-0.1884138584136963,0.9999973773956299,0.6094926595687866,0.19068452715873718,-0.23870158195495605,0.9999958276748657,0.5951591730117798,0.2993920147418976,0.05067627876996994,0.9998514652252197,0.5113989114761353,0.308289110660553,-0.3203370273113251,0.999951958656311,0.6252946853637695,0.4903564453125,-0.06304565072059631,0.608765721321106,0.5489637851715088,0.5249829888343811,-0.31415486335754395,0.9929503798484802,0.6580253839492798,0.4238176643848419,-0.35050326585769653,0.580779492855072,0.6434141397476196,0.4330054819583893,-0.15657378733158112,0.9827979803085327,0.6779760718345642,0.40774989128112793,-0.3885563015937805,0.531937301158905,0.6644042730331421,0.41664040088653564,-0.16903088986873627,0.9628815650939941,0.6711355447769165,0.3721167743206024,-0.37108200788497925,0.5379452705383301,0.6567432284355164,0.39136287569999695,-0.17307163774967194,0.9631001353263855,0.6598989963531494,0.37831053137779236,-0.3528929054737091,0.5197200775146484,0.6485129594802856,0.3914833962917328,-0.15209288895130157,0.9439641833305359,0.49044322967529297,0.5534780025482178,0.11683748662471771,0.9998709559440613,0.42692631483078003,0.5705923438072205,-0.11626122146844864,0.999986469745636,0.6233450770378113,0.5040814876556396,0.09505130350589752,0.8980885148048401,0.5378296971321106,0.5970908403396606,-0.46682724356651306,0.9990925192832947,0.5464224219322205,0.7107118368148804,0.3010554015636444,0.9105813503265381,0.479846715927124,0.847751259803772,-0.36249056458473206,0.9985700249671936,0.5238173604011536,0.734843373298645,0.32175421714782715,0.8938239216804504,0.4519268572330475,0.8888875246047974,-0.35171496868133545,0.9944583773612976,0.5987688302993774,0.773996889591217,0.3012937605381012,0.9393731951713562,0.537101686000824,0.9310909509658813,-0.4272989332675934,0.9975295662879944
down,0.4819321036338806,0.22746777534484863,-0.27220726013183594,0.9999994039535522,0.49071836471557617,0.20353859663009644,-0.24502727389335632,0.9999988079071045,0.4953804612159729,0.2029266357421875,-0.2450629025697708,0.9999988079071045,0.4994139075279236,0.20253770053386688,-0.245204359292984,0.9999973773956299,0.472775399684906,0.20453737676143646,-0.24427266418933868,0.9999983310699463,0.4679700434207916,0.2042894959449768,-0.24428510665893555,0.9999984502792358,0.46414050459861755,0.20409950613975525,-0.24420218169689178,0.9999973773956299,0.5061371326446533,0.2084437906742096,-0.09558788686990738,0.9999988079071045,0.45929065346717834,0.21121202409267426,-0.09087899327278137,0.9999990463256836,0.4922357201576233,0.25050681829452515,-0.21753378212451935,0.9999997615814209,0.47168904542922974,0.25346648693084717,-0.2165452539920807,0.9999997615814209,0.5472565293312073,0.3349406123161316,-0.0225702915340662,0.9999823570251465,0.4232763648033142,0.3445618152618408,0.005807856563478708,0.9999624490737915,0.5898576378822327,0.5001013875007629,-0.22598683834075928,0.9855484366416931,0.4064602851867676,0.5450679659843445,-0.1457112431526184,0.9855347871780396,0.574018120765686,0.4331122636795044,-0.5513492226600647,0.9883283972740173,0.3865656852722168,0.43897873163223267,-0.449894517660141,0.9903028607368469,0.5740838646888733,0.4215306043624878,-0.6130922436714172,0.9798509478569031,0.3838934302330017,0.42032986879348755,-0.5037378072738647,0.9854051470756531,0.5715587139129639,0.40218958258628845,-0.6044113636016846,0.9761402606964111,0.3876814544200897,0.3959102928638458,-0.5018976330757141,0.9819307923316956,0.5682730078697205,0.40538322925567627,-0.5544384121894836,0.9498795866966248,0.3893422782421112,0.397344708442688,-0.45507287979125977,0.9649650454521179,0.5267112255096436,0.579291045665741,-0.01232470665127039,0.9999105930328369,0.4534033238887787,0.5832622051239014,0.012472052127122879,0.9999369382858276,0.6082829236984253,0.6040674448013306,-0.49375349283218384,0.9979991316795349,0.3539808392524719,0.6068260669708252,-0.41215571761131287,0.9984517097473145,0.579562783241272,0.8193798661231995,-0.24382932484149933,0.9942768216133118,0.38286900520324707,0.826659619808197,-0.1588619500398636,0.9985364675521851,0.5650102496147156,0.8564207553863525,-0.22634932398796082,0.9871538281440735,0.40064316987991333,0.8609017133712769,-0.14121928811073303,0.9934433698654175,0.6011744141578674,0.911765992641449,-0.38914433121681213,0.9876288175582886,0.34916043281555176,0.9111964106559753,-0.2911442816257477,0.992968738079071
down,0.4852844178676605,0.22533732652664185,-0.5030267238616943,0.9999975562095642,0.4928057789802551,0.20210029184818268,-0.4738102853298187,0.9999947547912598,0.49714770913124084,0.20165599882602692,-0.4738667905330658,0.9999957084655762,0.5011555552482605,0.2011984884738922,-0.47401660680770874,0.9999904036521912,0.47574347257614136,0.20318391919136047,-0.4752431809902191,0.9999921917915344,0.4691261351108551,0.20327800512313843,-0.47531944513320923,0.9999940395355225,0.4642485976219177,0.20333676040172577,-0.4752839207649231,0.9999885559082031,0.5086228251457214,0.20751376450061798,-0.3007186949253082,0.9999951720237732,0.45852479338645935,0.21103954315185547,-0.3057507872581482,0.9999955296516418,0.4938051700592041,0.24812890589237213,-0.43889251351356506,0.9999990463256836,0.47329944372177124,0.2515305280685425,-0.44063395261764526,0.9999988675117493,0.5516759157180786,0.3355749249458313,-0.19682618975639343,0.9999604225158691,0.4230407178401947,0.34285783767700195,-0.18249906599521637,0.9999154210090637,0.5770128965377808,0.5273371338844299,-0.4229746460914612,0.9843977093696594,0.4090598523616791,0.5452694892883301,-0.36748820543289185,0.9837791323661804,0.5752426385879517,0.4305291771888733,-0.7827712893486023,0.9872933030128479,0.38756662607192993,0.44000154733657837,-0.7139236330986023,0.9883564710617065,0.5745932459831238,0.41733571887016296,-0.8530985116958618,0.978365957736969,0.3838842809200287,0.41861090064048767,-0.7775359153747559,0.9825906753540039,0.570968747138977,0.39625105261802673,-0.8442806005477905,0.9744722843170166,0.3869335949420929,0.39531999826431274,-0.7776722311973572,0.9784891605377197,0.5690491199493408,0.3997827172279358,-0.7873170375823975,0.9452760219573975,0.38916200399398804,0.3973429799079895,-0.7214207053184509,0.9578492045402527,0.5288821458816528,0.5882501602172852,-0.00631288904696703,0.9998338222503662,0.45290493965148926,0.5950603485107422,0.006448123604059219,0.9998833537101746,0.6089535355567932,0.6043292284011841,-0.5334509015083313,0.9977763891220093,0.3544218838214874,0.607170581817627,-0.4905582070350647,0.9982472658157349,0.581385612487793,0.8217976093292236,-0.2133151739835739,0.9939957857131958,0.38288694620132446,0.8261537551879883,-0.18404556810855865,0.9983846545219421,0.5666077136993408,0.8574574589729309,-0.19209611415863037,0.9845476150512695,0.4042677879333496,0.8600561618804932,-0.16365757584571838,0.9927271604537964,0.6029175519943237,0.9133021831512451,-0.37592989206314087,0.9867473244667053,0.3534680902957916,0.909083366394043,-0.3369165062904358,0.9928004741668701
down,0.48549884557724,0.22502952814102173,-0.4993109107017517,0.9999943971633911,0.4929559826850891,0.20152494311332703,-0.47060427069664,0.999988317489624,0.4974379539489746,0.20111289620399475,-0.4706631600856781,0.9999904632568359,0.5013757944107056,0.20090197026729584,-0.4708244800567627,0.9999799132347107,0.4760567545890808,0.2025485783815384,-0.4721236824989319,0.9999833703041077,0.46935534477233887,0.20268893241882324,-0.4722064137458801,0.9999872446060181,0.46424612402915955,0.20287905633449554,-0.47218647599220276,0.9999762773513794,0.5091924667358398,0.20762237906455994,-0.29826295375823975,0.9999891519546509,0.4580312669277191,0.2109464704990387,-0.30345648527145386,0.999989926815033,0.4939538836479187,0.24800565838813782,-0.4351797103881836,0.999997615814209,0.47362518310546875,0.2510761618614197,-0.43700528144836426,0.9999973177909851,0.5513587594032288,0.3367723822593689,-0.19143365323543549,0.9999154210090637,0.422201007604599,0.34194621443748474,-0.18204355239868164,0.9998604655265808,0.5806400775909424,0.5209287405014038,-0.4143598675727844,0.9768706560134888,0.41099920868873596,0.5463534593582153,-0.36059778928756714,0.9742346405982971,0.5759029388427734,0.4283842444419861,-0.7748132348060608,0.9790345430374146,0.39022207260131836,0.4483775198459625,-0.7009286284446716,0.9787540435791016,0.5752687454223633,0.41341617703437805,-0.8445659875869751,0.9680179357528687,0.38515740633010864,0.42203399538993835,-0.7638893723487854,0.9709665775299072,0.5716475248336792,0.3939182162284851,-0.834441065788269,0.9628923535346985,0.3867986500263214,0.3960697650909424,-0.7653558254241943,0.9652756452560425,0.5696154236793518,0.3974442780017853,-0.7790027856826782,0.9223654866218567,0.39011693000793457,0.40106910467147827,-0.7089526057243347,0.934512197971344,0.5296337604522705,0.5898626446723938,-0.007044109515845776,0.999740481376648,0.45274797081947327,0.5970885157585144,0.007239405065774918,0.9998272061347961,0.6090084314346313,0.6029307842254639,-0.5389741659164429,0.9975927472114563,0.3548271059989929,0.6073085069656372,-0.49872350692749023,0.9979815483093262,0.5820657014846802,0.8223638534545898,-0.2079111784696579,0.9936573505401611,0.3829403221607208,0.8259206414222717,-0.18623848259449005,0.9982599020004272,0.5672975778579712,0.8570005893707275,-0.18484440445899963,0.9815698266029358,0.40517282485961914,0.8596920371055603,-0.1606197953224182,0.9922118782997131,0.6031189560890198,0.9112743139266968,-0.36973026394844055,0.9854813814163208,0.3538762629032135,0.9095182418823242,-0.337189644575119,0.9925585389137268
down,0.485110342502594,0.22492939233779907,-0.5271366834640503,0.9999916553497314,0.49280571937561035,0.2011730968952179,-0.49806419014930725,0.9999815225601196,0.4973694384098053,0.2007681280374527,-0.49811655282974243,0.99998539686203,0.5013145208358765,0.20069368183612823,-0.49826711416244507,0.9999683499336243,0.47592225670814514,0.20218142867088318,-0.498971551656723,0.9999743103981018,0.4692491888999939,0.20225580036640167,-0.49906057119369507,0.9999812245368958,0.4640933871269226,0.20245660841464996,-0.4990459978580475,0.9999647736549377,0.5091575384140015,0.2074737399816513,-0.3229988217353821,0.9999822378158569,0.4578699469566345,0.21073904633522034,-0.32602113485336304,0.9999850392341614,0.49375876784324646,0.24796850979328156,-0.4621325433254242,0.9999961853027344,0.47325319051742554,0.2507781684398651,-0.46331578493118286,0.9999959468841553,0.5514733791351318,0.33759886026382446,-0.2150014340877533,0.9998752474784851,0.42222118377685547,0.34001651406288147,-0.20105986297130585,0.9998220205307007,0.5821728110313416,0.5162652730941772,-0.44999948143959045,0.9719981551170349,0.41084471344947815,0.546563446521759,-0.39235740900039673,0.9716076254844666,0.5744578242301941,0.4277641773223877,-0.8253775835037231,0.973804771900177,0.3906150460243225,0.4481838643550873,-0.7461918592453003,0.9754392504692078,0.575090765953064,0.4138680398464203,-0.8978980183601379,0.9614995121955872,0.38612276315689087,0.42414674162864685,-0.8114122152328491,0.9663156867027283,0.5714306235313416,0.3942142128944397,-0.8886208534240723,0.9554609060287476,0.3872613310813904,0.39634835720062256,-0.8095571398735046,0.9598175287246704,0.569275438785553,0.3985394239425659,-0.8303583860397339,0.9068061709403992,0.39078015089035034,0.40161454677581787,-0.7530502080917358,0.9237223267555237,0.5308807492256165,0.5893393754959106,-0.007320693228393793,0.999638557434082,0.452808141708374,0.5962235331535339,0.007512272335588932,0.999768078327179,0.6090847253799438,0.6022400856018066,-0.5455052256584167,0.9972985982894897,0.35546284914016724,0.6077989935874939,-0.5076949596405029,0.9975693821907043,0.5822122097015381,0.8219568729400635,-0.20040841400623322,0.9928560853004456,0.3828086853027344,0.8253957033157349,-0.17034180462360382,0.997992217540741,0.5674813389778137,0.8549574017524719,-0.1772918850183487,0.9765141606330872,0.40550941228866577,0.8598971962928772,-0.14660383760929108,0.9910402297973633,0.6030794382095337,0.9125093221664429,-0.3611483573913574,0.9830686450004578,0.35389280319213867,0.9095650315284729,-0.3279908001422882,0.9917628765106201
down,0.48493045568466187,0.22510816156864166,-0.544099748134613,0.9999898672103882,0.49277248978614807,0.20119747519493103,-0.5159181952476501,0.9999766945838928,0.4973587095737457,0.20080354809761047,-0.515968918800354,0.9999818801879883,0.5013140439987183,0.20075733959674835,-0.5161231160163879,0.9999597668647766,0.4758838713169098,0.20225022733211517,-0.5168517827987671,0.9999678134918213,0.46927785873413086,0.20233489573001862,-0.516943097114563,0.9999769926071167,0.4641227722167969,0.20259766280651093,-0.5169378519058228,0.9999563694000244,0.5091294050216675,0.20764632523059845,-0.34143322706222534,0.9999768137931824,0.4578391909599304,0.21093854308128357,-0.34468382596969604,0.9999818205833435,0.49368032813072205,0.248442143201828,-0.4789186120033264,0.999995231628418,0.4731983244419098,0.25081267952919006,-0.4801461100578308,0.9999951124191284,0.5520434379577637,0.33865463733673096,-0.22980599105358124,0.9998581409454346,0.42218440771102905,0.3398335874080658,-0.21861138939857483,0.9998105764389038,0.5688709020614624,0.522523820400238,-0.4569912850856781,0.9696485996246338,0.4103570878505707,0.5464871525764465,-0.4114936292171478,0.9718008637428284,0.5736018419265747,0.42720523476600647,-0.8251417875289917,0.9732232689857483,0.3905934989452362,0.447313517332077,-0.7633283734321594,0.9752475023269653,0.574892520904541,0.41265344619750977,-0.8964937925338745,0.9609256386756897,0.38631677627563477,0.42334774136543274,-0.8279121518135071,0.9656711220741272,0.571280837059021,0.3936796486377716,-0.8867962956428528,0.9548073410987854,0.3877229392528534,0.39639198780059814,-0.8255245089530945,0.9589952826499939,0.5691433548927307,0.3982049226760864,-0.8297023773193359,0.904369056224823,0.39112943410873413,0.4016598165035248,-0.7698861360549927,0.9214047789573669,0.5311058759689331,0.5894182324409485,-0.006949744187295437,0.9995970129966736,0.45280569791793823,0.5960445404052734,0.007136251777410507,0.9997442960739136,0.6092369556427002,0.6022253036499023,-0.5514628887176514,0.9970784187316895,0.3555937111377716,0.6080567240715027,-0.5117895007133484,0.99732506275177,0.5822029709815979,0.8219646215438843,-0.20292827486991882,0.9923884868621826,0.3824806213378906,0.8249600529670715,-0.17338451743125916,0.9978161454200745,0.5669742822647095,0.8555668592453003,-0.17986546456813812,0.9743174314498901,0.4048881530761719,0.8595012426376343,-0.14893898367881775,0.9903242588043213,0.603279709815979,0.9124857783317566,-0.3632987439632416,0.9819566607475281,0.35387203097343445,0.9095599055290222,-0.33207178115844727,0.9913115501403809
down,0.48470884561538696,0.22480247914791107,-0.5374382138252258,0.9999884963035583,0.492697149515152,0.2008189707994461,-0.5091640949249268,0.999972939491272,0.4973086416721344,0.20042766630649567,-0.5092147588729858,0.9999791979789734,0.5012842416763306,0.20042835175991058,-0.5093685388565063,0.9999536275863647,0.4757649004459381,0.20216751098632812,-0.5103403329849243,0.9999626874923706,0.469254732131958,0.20232044160366058,-0.5104268789291382,0.999973475933075,0.4640927314758301,0.20266373455524445,-0.5104155540466309,0.9999493360519409,0.5090321898460388,0.20753738284111023,-0.3354971706867218,0.9999727606773376,0.457721084356308,0.21104386448860168,-0.3397439122200012,0.99997878074646,0.49363166093826294,0.24830663204193115,-0.47268563508987427,0.9999945759773254,0.47312480211257935,0.25054141879081726,-0.4741910398006439,0.9999943971633911,0.5520886778831482,0.33853307366371155,-0.2248433530330658,0.9998486042022705,0.4221116900444031,0.3392335772514343,-0.21556274592876434,0.9997979998588562,0.5692896842956543,0.524773359298706,-0.45039159059524536,0.9684419631958008,0.4102911949157715,0.5489411950111389,-0.4054025113582611,0.9723274111747742,0.5736826658248901,0.42727771401405334,-0.8170026540756226,0.9741819500923157,0.3906336724758148,0.4476131498813629,-0.7542830109596252,0.9759007692337036,0.57503741979599,0.41401976346969604,-0.8879662752151489,0.9622361063957214,0.3864978849887848,0.4243823289871216,-0.818160355091095,0.9661892056465149,0.5714747905731201,0.39370137453079224,-0.8781207203865051,0.9563474059104919,0.38774925470352173,0.39706942439079285,-0.8170048594474792,0.9595722556114197,0.5693784356117249,0.39824092388153076,-0.8213794827461243,0.906516432762146,0.39114999771118164,0.40238919854164124,-0.7612854242324829,0.9217308163642883,0.5311849117279053,0.589468240737915,-0.006412310991436243,0.9995584487915039,0.4527530074119568,0.5961004495620728,0.00658991327509284,0.9997193813323975,0.6096783876419067,0.602230429649353,-0.5506673455238342,0.9969181418418884,0.35561317205429077,0.6083403825759888,-0.5092131495475769,0.9971325397491455,0.5822569131851196,0.8217418193817139,-0.20394179224967957,0.9920722246170044,0.3823912441730499,0.8251436948776245,-0.1753913164138794,0.9976781606674194,0.5670030117034912,0.855675995349884,-0.18036320805549622,0.9729015827178955,0.4047166705131531,0.8593159914016724,-0.1518937349319458,0.9896866679191589,0.6038893461227417,0.9116000533103943,-0.36503565311431885,0.9813269972801208,0.3538426458835602,0.9104090929031372,-0.33250692486763,0.9910094141960144
down,0.48456889390945435,0.22436492145061493,-0.5465055108070374,0.9999871253967285,0.4926227033138275,0.2004692107439041,-0.5182693004608154,0.9999697208404541,0.4972420632839203,0.20004798471927643,-0.5183203220367432,0.9999768733978271,0.5012361407279968,0.20003408193588257,-0.5184749364852905,0.9999485611915588,0.4756150245666504,0.20205090939998627,-0.5193303823471069,0.9999580979347229,0.46924060583114624,0.20226433873176575,-0.5194207429885864,0.9999703168869019,0.46406155824661255,0.20267480611801147,-0.5194109678268433,0.9999434947967529,0.5089115500450134,0.20719501376152039,-0.34440451860427856,0.9999691247940063,0.4575970768928528,0.2110712081193924,-0.34815090894699097,0.9999755620956421,0.4936390519142151,0.2478145956993103,-0.48169565200805664,0.9999936819076538,0.4730536937713623,0.2501761019229889,-0.48304295539855957,0.9999935030937195,0.5517871975898743,0.3382958769798279,-0.23210370540618896,0.9998365640640259,0.4220898151397705,0.33877667784690857,-0.22228682041168213,0.9997801184654236,0.569165825843811,0.5269933938980103,-0.4552629590034485,0.9680464267730713,0.4102855324745178,0.5508360266685486,-0.40989750623703003,0.972669780254364,0.5743934512138367,0.4279387593269348,-0.8196936845779419,0.9752864837646484,0.390625536441803,0.4480346739292145,-0.7572930455207825,0.9771404266357422,0.5753297209739685,0.41441527009010315,-0.8903123736381531,0.963508665561676,0.3865521550178528,0.424848347902298,-0.8210037350654602,0.9675561189651489,0.5718972682952881,0.3936772346496582,-0.8806753158569336,0.9578732252120972,0.3877406120300293,0.39746543765068054,-0.8199172019958496,0.9612188339233398,0.5699776411056519,0.3982662260532379,-0.8240854144096375,0.9090343117713928,0.3911189138889313,0.4028220772743225,-0.7642872929573059,0.9243789315223694,0.5310446619987488,0.5892099738121033,-0.00619970727711916,0.9995162487030029,0.4526331424713135,0.5958958268165588,0.006374961230903864,0.9996889233589172,0.6101128458976746,0.6026486754417419,-0.5490357875823975,0.9968195557594299,0.35560452938079834,0.6094802021980286,-0.5078133940696716,0.9970011711120605,0.5822657346725464,0.8221291303634644,-0.2036840170621872,0.9919477105140686,0.38241052627563477,0.8256704807281494,-0.17535045742988586,0.9976023435592651,0.5670248866081238,0.8560441732406616,-0.1800878345966339,0.9723149538040161,0.40477925539016724,0.8595293760299683,-0.15228918194770813,0.9893093109130859,0.6041721701622009,0.9113783240318298,-0.3643207550048828,0.9810432195663452,0.354179710149765,0.9112029075622559,-0.331302285194397,0.990834653377533
down,0.48394903540611267,0.2242715209722519,-0.5153728723526001,0.99998539686203,0.49226316809654236,0.20042932033538818,-0.48765262961387634,0.9999657273292542,0.49693989753723145,0.2000122219324112,-0.48770561814308167,0.9999739527702332,0.5010008215904236,0.1999981701374054,-0.48786526918411255,0.9999426007270813,0.4749191403388977,0.20209082961082458,-0.48820462822914124,0.9999521970748901,0.46876344084739685,0.20238415896892548,-0.48828116059303284,0.9999658465385437,0.46358656883239746,0.2028784453868866,-0.4882640838623047,0.9999353289604187,0.5087341666221619,0.20718806982040405,-0.3169230818748474,0.9999653697013855,0.4573500156402588,0.21119984984397888,-0.31777387857437134,0.999971330165863,0.4933985769748688,0.24770496785640717,-0.4515848755836487,0.999992847442627,0.4724826216697693,0.2500843107700348,-0.45211711525917053,0.9999924898147583,0.5517880320549011,0.33846133947372437,-0.20798683166503906,0.9998288750648499,0.42207425832748413,0.33855965733528137,-0.19656768441200256,0.9997681975364685,0.5690183639526367,0.5283392667770386,-0.4267067313194275,0.9671680331230164,0.41041287779808044,0.5496019124984741,-0.3817412257194519,0.9719997644424438,0.5745802521705627,0.4295174777507782,-0.7854868173599243,0.9751417636871338,0.3906288743019104,0.4481962323188782,-0.7261468172073364,0.9768624305725098,0.5754073262214661,0.4146929383277893,-0.8560503125190735,0.9632884860038757,0.386441707611084,0.4246250092983246,-0.790014922618866,0.9670286774635315,0.5722335577011108,0.3939351439476013,-0.8474453091621399,0.9577426910400391,0.38767749071121216,0.39763668179512024,-0.7904792428016663,0.9606673121452332,0.570166289806366,0.3986833393573761,-0.7902956008911133,0.9088099598884583,0.391064316034317,0.40292468667030334,-0.7339377999305725,0.9235710501670837,0.5308632850646973,0.5892617702484131,-0.006260274443775415,0.9994993805885315,0.45236510038375854,0.5960289835929871,0.006446921266615391,0.9996742010116577,0.6102104783058167,0.6027623414993286,-0.5456737875938416,0.9967721104621887,0.35540899634361267,0.6099401116371155,-0.5031298995018005,0.9969469308853149,0.5822585225105286,0.822878360748291,-0.21228809654712677,0.9919724464416504,0.3823998272418976,0.8258094191551208,-0.17899088561534882,0.9975504875183105,0.5669858455657959,0.8573381900787354,-0.18978376686573029,0.9723440408706665,0.4047512412071228,0.8596693873405457,-0.15665015578269958,0.9891687631607056,0.6044813394546509,0.9116899967193604,-0.3746156096458435,0.9810380935668945,0.3544510006904602,0.9116545915603638,-0.3351234793663025,0.9907087683677673
down,0.4830886721611023,0.22403757274150848,-0.5086966753005981,0.999984085559845,0.4918047785758972,0.20017509162425995,-0.48056596517562866,0.9999632835388184,0.49652212858200073,0.19975852966308594,-0.4806253910064697,0.9999719262123108,0.5006517767906189,0.1997387558221817,-0.48078975081443787,0.9999395608901978,0.47419843077659607,0.20205938816070557,-0.4822820723056793,0.9999479651451111,0.46816539764404297,0.2023935168981552,-0.48236408829689026,0.9999622106552124,0.4630068838596344,0.20290890336036682,-0.48234739899635315,0.9999290704727173,0.508457362651825,0.20703637599945068,-0.3091464638710022,0.9999637603759766,0.4570991098880768,0.2112271785736084,-0.31348222494125366,0.9999678134918213,0.492938756942749,0.24742893874645233,-0.4443952143192291,0.9999924302101135,0.47174200415611267,0.2499311864376068,-0.44650131464004517,0.9999918937683105,0.5518642663955688,0.33862629532814026,-0.20072205364704132,0.9998315572738647,0.421997606754303,0.33839982748031616,-0.1914607733488083,0.999764621257782,0.5691136121749878,0.5299075841903687,-0.42215412855148315,0.9660096168518066,0.4106019139289856,0.5481017231941223,-0.3738637864589691,0.9707468152046204,0.5748205780982971,0.43203020095825195,-0.782962441444397,0.9739835858345032,0.39066317677497864,0.44952666759490967,-0.7222404479980469,0.9754737615585327,0.575452446937561,0.41640856862068176,-0.8532674908638,0.9617282748222351,0.3864206373691559,0.42598405480384827,-0.7859833836555481,0.965104341506958,0.5726779699325562,0.3952537477016449,-0.8436762094497681,0.9561429023742676,0.3876517415046692,0.39850103855133057,-0.786100447177887,0.9585810899734497,0.570473313331604,0.4001922607421875,-0.7872693538665771,0.906043291091919,0.3910154700279236,0.40361377596855164,-0.7299376726150513,0.9202963709831238,0.5308387875556946,0.5896567106246948,-0.006554116494953632,0.9995075464248657,0.45219603180885315,0.5964859127998352,0.0067563047632575035,0.999673068523407,0.6102337837219238,0.6026669144630432,-0.550419807434082,0.9968394637107849,0.35519081354141235,0.6100954413414001,-0.4995437264442444,0.9969697594642639,0.5822479128837585,0.8229691982269287,-0.21631772816181183,0.9922652244567871,0.38239723443984985,0.8257327675819397,-0.17643137276172638,0.9975508451461792,0.5669757723808289,0.8577714562416077,-0.1935211718082428,0.9729148745536804,0.40472322702407837,0.8603442907333374,-0.1540696918964386,0.9891951084136963,0.6047080159187317,0.9117746353149414,-0.37932509183883667,0.9816908836364746,0.35446634888648987,0.9118928909301758,-0.33157527446746826,0.9907417893409729
down,0.4827415347099304,0.22377166152000427,-0.5090036392211914,0.9999839663505554,0.4915331304073334,0.1998976618051529,-0.4807017743587494,0.9999634027481079,0.4962438642978668,0.1994749754667282,-0.4807407259941101,0.999971866607666,0.5003933906555176,0.19943436980247498,-0.48090043663978577,0.9999403357505798,0.47384172677993774,0.20200158655643463,-0.4817676544189453,0.9999480247497559,0.467810720205307,0.20238831639289856,-0.48184698820114136,0.9999619722366333,0.4626295566558838,0.20292387902736664,-0.48184046149253845,0.9999293088912964,0.5081169605255127,0.20673762261867523,-0.309855580329895,0.9999644160270691,0.45682698488235474,0.2112395167350769,-0.3123486638069153,0.999967634677887,0.49264073371887207,0.24704115092754364,-0.44530147314071655,0.9999925494194031,0.47138532996177673,0.249714195728302,-0.4464203417301178,0.9999918937683105,0.5517175793647766,0.3386774957180023,-0.2017851322889328,0.9998311996459961,0.42170771956443787,0.3387306034564972,-0.19351109862327576,0.9997647404670715,0.5691975355148315,0.5298733711242676,-0.42476195096969604,0.9650779962539673,0.41071486473083496,0.5473790764808655,-0.38153284788131714,0.970732569694519,0.5748811960220337,0.43234533071517944,-0.7852715253829956,0.9721469283103943,0.39069488644599915,0.45009052753448486,-0.724651038646698,0.9748270511627197,0.575364887714386,0.4166111946105957,-0.8547295331954956,0.9591374397277832,0.3864326477050781,0.42674416303634644,-0.7873810529708862,0.9640005826950073,0.5726297497749329,0.3955162763595581,-0.8449586033821106,0.9532429575920105,0.387647807598114,0.3989916443824768,-0.7875537276268005,0.9573569297790527,0.5704807043075562,0.40053126215934753,-0.7887321710586548,0.9007653594017029,0.3909858167171478,0.4039914309978485,-0.7322410345077515,0.918303370475769,0.5308948159217834,0.590140163898468,-0.007027177605777979,0.9995152354240417,0.4521833062171936,0.5968921780586243,0.007224781904369593,0.9996737241744995,0.6101604700088501,0.6023886203765869,-0.5525745153427124,0.9969659447669983,0.35513851046562195,0.6101802587509155,-0.4882590174674988,0.9970144033432007,0.5822661519050598,0.8224007487297058,-0.21345040202140808,0.992591381072998,0.38240888714790344,0.825797975063324,-0.15712381899356842,0.9975696802139282,0.5670985579490662,0.8566880226135254,-0.18980702757835388,0.9731768369674683,0.4047204554080963,0.8608438968658447,-0.13402865827083588,0.9892329573631287,0.6046437621116638,0.9119401574134827,-0.3750358521938324,0.9823623895645142,0.35456258058547974,0.911919891834259,-0.3093806505203247,0.9907903075218201
down,0.48265963792800903,0.2236030548810959,-0.5341590046882629,0.9999837875366211,0.49133363366127014,0.1997196227312088,-0.5060109496116638,0.9999630451202393,0.4960153102874756,0.19925865530967712,-0.5060549974441528,0.9999716281890869,0.5001653432846069,0.19917713105678558,-0.5062116980552673,0.9999401569366455,0.4736848771572113,0.20198391377925873,-0.5069381594657898,0.9999475479125977,0.46766239404678345,0.2024025321006775,-0.5070247650146484,0.9999618530273438,0.4624713957309723,0.2029663771390915,-0.5070186257362366,0.9999292492866516,0.5077350735664368,0.20644161105155945,-0.33370205760002136,0.99996417760849,0.45663270354270935,0.21127383410930634,-0.33623504638671875,0.9999672174453735,0.49249395728111267,0.2467254251241684,-0.4699214994907379,0.9999926686286926,0.47133469581604004,0.2495247721672058,-0.470941960811615,0.9999918937683105,0.5515101552009583,0.33882299065589905,-0.22228939831256866,0.999826967716217,0.4214181900024414,0.3395248055458069,-0.21358148753643036,0.9997566938400269,0.569226086139679,0.5298075079917908,-0.4464111328125,0.9655331373214722,0.41064897179603577,0.5490769147872925,-0.4020339548587799,0.9713215827941895,0.5749713182449341,0.4324999451637268,-0.8087257146835327,0.9714660048484802,0.39071887731552124,0.4500707983970642,-0.7471956610679626,0.9750785231590271,0.57530677318573,0.41683459281921387,-0.8784843683242798,0.9578339457511902,0.38641971349716187,0.42657390236854553,-0.8102563619613647,0.9641644358634949,0.5725915431976318,0.3957577645778656,-0.867368221282959,0.9516454935073853,0.3875981867313385,0.3988184630870819,-0.8094527125358582,0.9574877619743347,0.5704872608184814,0.4007933437824249,-0.8123859167098999,0.8977645039558411,0.39095523953437805,0.4040105938911438,-0.7543227672576904,0.9183297157287598,0.5308915376663208,0.5902150273323059,-0.0070388964377343655,0.9994994401931763,0.4521070420742035,0.5971748232841492,0.007230138871818781,0.9996607899665833,0.6100512146949768,0.6022289395332336,-0.5502046346664429,0.9970267415046692,0.3551144599914551,0.6102172136306763,-0.49031203985214233,0.9969791173934937,0.5823522806167603,0.8214930295944214,-0.20496945083141327,0.992651104927063,0.3823953866958618,0.8260393738746643,-0.1577925831079483,0.9975094795227051,0.5674005150794983,0.854949414730072,-0.1807943880558014,0.9722644686698914,0.4047113358974457,0.8609015345573425,-0.1345193088054657,0.9888572096824646,0.6043136715888977,0.9121654033660889,-0.3657360374927521,0.9824334383010864,0.35512468218803406,0.9118819236755371,-0.3108208179473877,0.9906229376792908
down,0.4826383590698242,0.2235482782125473,-0.5390077233314514,0.9999828338623047,0.4912661612033844,0.19967515766620636,-0.5109356641769409,0.999960720539093,0.495943158864975,0.19920776784420013,-0.5109797120094299,0.9999697804450989,0.5000743269920349,0.1991199254989624,-0.5111366510391235,0.9999366998672485,0.4736192226409912,0.20203785598278046,-0.5117415189743042,0.9999446868896484,0.4675949215888977,0.20255450904369354,-0.5118303894996643,0.9999598264694214,0.4624003767967224,0.20316776633262634,-0.511825680732727,0.9999259114265442,0.507570743560791,0.20639392733573914,-0.33865734934806824,0.9999616146087646,0.4565208852291107,0.21148928999900818,-0.34078913927078247,0.999965250492096,0.4924607276916504,0.24667087197303772,-0.4746739864349365,0.9999922513961792,0.47131863236427307,0.24947568774223328,-0.4755555987358093,0.9999914169311523,0.5514628887176514,0.3392219841480255,-0.22693148255348206,0.9998151063919067,0.42132607102394104,0.3400256931781769,-0.21711905300617218,0.9997457265853882,0.5692649483680725,0.5301045179367065,-0.4503999352455139,0.9649674892425537,0.4105318486690521,0.5494023561477661,-0.40529632568359375,0.9709616899490356,0.5750649571418762,0.4327830374240875,-0.8107258081436157,0.9698593020439148,0.3906460702419281,0.4502817690372467,-0.7508505582809448,0.9742308855056763,0.5752500295639038,0.4169433116912842,-0.8793635368347168,0.9555988311767578,0.3864575922489166,0.42681851983070374,-0.8139325380325317,0.9630075693130493,0.5725768208503723,0.3958309590816498,-0.8678780794143677,0.9489949345588684,0.3875737488269806,0.3988347053527832,-0.8133217692375183,0.9560938477516174,0.5705147385597229,0.4009130597114563,-0.8141090273857117,0.8928477168083191,0.3909018635749817,0.4040093421936035,-0.7581052184104919,0.9157576560974121,0.5308875441551208,0.5903114080429077,-0.00708517711609602,0.9994633197784424,0.45206865668296814,0.5974337458610535,0.007272261194884777,0.9996380805969238,0.6100025773048401,0.6021167039871216,-0.5473396182060242,0.9969927668571472,0.35509440302848816,0.6102484464645386,-0.4931609034538269,0.9968864321708679,0.582472562789917,0.8209048509597778,-0.20249196887016296,0.9924918413162231,0.3823665976524353,0.8260205388069153,-0.1578899621963501,0.997414231300354,0.5677458047866821,0.854164719581604,-0.1783667355775833,0.970737099647522,0.40469828248023987,0.8606809973716736,-0.13474933803081512,0.988423228263855,0.604102373123169,0.9126690626144409,-0.3635272979736328,0.9819653630256653,0.3555373549461365,0.911706268787384,-0.31107187271118164,0.9903411269187927
down,0.482722669839859,0.2235008180141449,-0.5388964414596558,0.9999817609786987,0.49123987555503845,0.19966289401054382,-0.5108047723770142,0.9999580383300781,0.4959164261817932,0.19918806850910187,-0.5108535289764404,0.9999677538871765,0.5000383853912354,0.19908808171749115,-0.5110129714012146,0.9999327063560486,0.4736007750034332,0.20211122930049896,-0.5119155645370483,0.9999409317970276,0.46757403016090393,0.20268219709396362,-0.5120070576667786,0.9999571442604065,0.46236976981163025,0.20331788063049316,-0.5120042562484741,0.9999213814735413,0.507506787776947,0.20635797083377838,-0.3381216824054718,0.9999585747718811,0.4564662575721741,0.21165725588798523,-0.34156376123428345,0.9999626278877258,0.49245429039001465,0.24664781987667084,-0.4744463860988617,0.9999917149543762,0.4713459014892578,0.24947252869606018,-0.4757644534111023,0.9999908208847046,0.5514847040176392,0.3399682641029358,-0.22608470916748047,0.9998063445091248,0.4212768077850342,0.340031236410141,-0.21766337752342224,0.9997351169586182,0.5694049596786499,0.5309388637542725,-0.4495055079460144,0.9643895030021667,0.41045236587524414,0.549592912197113,-0.4040326178073883,0.9700431823730469,0.5754780173301697,0.43306803703308105,-0.8114439845085144,0.9687291979789734,0.3904932141304016,0.45046064257621765,-0.7491952180862427,0.9729007482528687,0.5753122568130493,0.4170769453048706,-0.88066565990448,0.9539320468902588,0.3864494860172272,0.42711400985717773,-0.8122904896736145,0.9612624049186707,0.572759747505188,0.3958836495876312,-0.8690978288650513,0.9470618963241577,0.3874962627887726,0.3989834189414978,-0.8119403123855591,0.9540402293205261,0.5708929300308228,0.4009653329849243,-0.8149517774581909,0.8890612125396729,0.3907430171966553,0.40407219529151917,-0.7565858364105225,0.9120514392852783,0.5308830738067627,0.590593695640564,-0.006944392807781696,0.9994402527809143,0.45201340317726135,0.5978005528450012,0.007129407022148371,0.9996235370635986,0.6099824905395508,0.6020921468734741,-0.5477352738380432,0.9968656301498413,0.35507863759994507,0.610237717628479,-0.5060242414474487,0.996748685836792,0.5825081467628479,0.8208630084991455,-0.20348814129829407,0.9921879172325134,0.38225772976875305,0.8256397843360901,-0.16933158040046692,0.9972989559173584,0.5678051710128784,0.8543528318405151,-0.17953088879585266,0.9693276882171631,0.4045811593532562,0.8596737384796143,-0.14584727585315704,0.9879776239395142,0.6040316820144653,0.9129736423492432,-0.36578238010406494,0.9813719987869263,0.3557417690753937,0.9116361737251282,-0.3251502811908722,0.9900478720664978
down,0.4828631281852722,0.22334548830986023,-0.5797370672225952,0.9999827146530151,0.49123579263687134,0.1995934098958969,-0.550936758518219,0.9999593496322632,0.49591317772865295,0.1991402506828308,-0.5509800910949707,0.9999693036079407,0.5000292062759399,0.19904479384422302,-0.5511369705200195,0.9999340772628784,0.473602294921875,0.20199616253376007,-0.5518906116485596,0.9999420046806335,0.46756649017333984,0.2026066929101944,-0.5519876480102539,0.9999588131904602,0.46234387159347534,0.20329971611499786,-0.5519775748252869,0.9999231100082397,0.5075152516365051,0.20633214712142944,-0.37274986505508423,0.9999598264694214,0.4563267230987549,0.21168941259384155,-0.3761691451072693,0.9999640583992004,0.49251317977905273,0.24660968780517578,-0.5134280920028687,0.9999921321868896,0.4713960289955139,0.24940896034240723,-0.5146845579147339,0.999991238117218,0.5516130328178406,0.3406032919883728,-0.25586220622062683,0.9998177289962769,0.4211564064025879,0.3399718105792999,-0.2458810806274414,0.9997376799583435,0.5702335238456726,0.54075026512146,-0.4892975687980652,0.9670172929763794,0.41029590368270874,0.5497651696205139,-0.442523717880249,0.9708523154258728,0.5764871835708618,0.43321338295936584,-0.858763575553894,0.9715625047683716,0.39041072130203247,0.4512644112110138,-0.7980481386184692,0.973971426486969,0.5761071443557739,0.41745033860206604,-0.9296959638595581,0.9572926163673401,0.3864654302597046,0.42855504155158997,-0.8625691533088684,0.9626408219337463,0.5736876130104065,0.39601215720176697,-0.9163556098937988,0.9507430791854858,0.3874066472053528,0.3999328911304474,-0.8597985506057739,0.9554473757743835,0.5720883011817932,0.40101101994514465,-0.8617372512817383,0.8951902389526367,0.39056292176246643,0.40463024377822876,-0.8045966029167175,0.9138155579566956,0.5308784246444702,0.5908884406089783,-0.0067110382951796055,0.9994494318962097,0.4519808888435364,0.5981568098068237,0.006886661052703857,0.9996271729469299,0.6099745035171509,0.6021625995635986,-0.5660958290100098,0.9968032836914062,0.35506364703178406,0.6102453470230103,-0.5258985757827759,0.9966508150100708,0.5825425386428833,0.8208940029144287,-0.20228204131126404,0.9920799732208252,0.3822190463542938,0.825198769569397,-0.1703673005104065,0.9972752332687378,0.5678079128265381,0.8548376560211182,-0.17743656039237976,0.9688162803649902,0.4044719636440277,0.8586990237236023,-0.14601671695709229,0.9878549575805664,0.6037584543228149,0.9130545854568481,-0.3665286898612976,0.981292724609375,0.3557417094707489,0.911617636680603,-0.32890546321868896,0.9901155829429626
down,0.48297199606895447,0.22317233681678772,-0.6093882322311401,0.9999840259552002,0.49124258756637573,0.1994740217924118,-0.5798041224479675,0.9999614953994751,0.4959282875061035,0.19906823337078094,-0.5798476934432983,0.9999716877937317,0.5000478625297546,0.19899237155914307,-0.5800060629844666,0.9999361634254456,0.47360315918922424,0.20168134570121765,-0.5805538296699524,0.9999435544013977,0.4675404131412506,0.2022964507341385,-0.5806517004966736,0.9999611973762512,0.4622654318809509,0.20307782292366028,-0.5806364417076111,0.9999250173568726,0.5076006650924683,0.2063191533088684,-0.39716243743896484,0.9999622106552124,0.4560778737068176,0.21164999902248383,-0.4002332091331482,0.9999663233757019,0.49257928133010864,0.2465769499540329,-0.5416315197944641,0.9999927878379822,0.47140970826148987,0.24935421347618103,-0.5427590608596802,0.9999918937683105,0.5519980192184448,0.34226253628730774,-0.2772631049156189,0.9998344779014587,0.4208407998085022,0.3399578630924225,-0.26403480768203735,0.9997449517250061,0.5713104009628296,0.5499778389930725,-0.5182478427886963,0.9703357815742493,0.41005533933639526,0.5504610538482666,-0.4690934121608734,0.9722145795822144,0.5769487619400024,0.43347230553627014,-0.8928323984146118,0.9758487343788147,0.39024946093559265,0.4518720805644989,-0.8340507745742798,0.9760808348655701,0.5773297548294067,0.41806137561798096,-0.9650236368179321,0.9628572463989258,0.3864482045173645,0.4293239116668701,-0.8993860483169556,0.9653630256652832,0.5753193497657776,0.3963409960269928,-0.950777530670166,0.9569369554519653,0.38735759258270264,0.40067002177238464,-0.8953779935836792,0.9583055973052979,0.5734344720840454,0.4011075794696808,-0.8955893516540527,0.9060364365577698,0.390449583530426,0.40514886379241943,-0.8402899503707886,0.9180951118469238,0.5309089422225952,0.5918933749198914,-0.006721979472786188,0.9994694590568542,0.4519611895084381,0.5986194014549255,0.006892431527376175,0.9996393322944641,0.6099475622177124,0.602219820022583,-0.5889157056808472,0.9968580007553101,0.3550582826137543,0.6103072762489319,-0.5447227954864502,0.9966510534286499,0.5825799107551575,0.820885956287384,-0.21613630652427673,0.9923538565635681,0.3823220133781433,0.825122594833374,-0.18029610812664032,0.9973788261413574,0.5677153468132019,0.8552087545394897,-0.19087012112140656,0.9696311950683594,0.404484361410141,0.8586879968643188,-0.15535801649093628,0.98828125,0.6034475564956665,0.9131590127944946,-0.3883870542049408,0.9820279479026794,0.35506027936935425,0.911726713180542,-0.34490877389907837,0.9906287789344788
down,0.4831663966178894,0.222792387008667,-0.6045869588851929,0.9999849796295166,0.49129241704940796,0.19916464388370514,-0.5752860307693481,0.9999631643295288,0.49599647521972656,0.198828786611557,-0.5753291845321655,0.999973475933075,0.5001105070114136,0.19881513714790344,-0.5754880905151367,0.9999376535415649,0.47367364168167114,0.2011745721101761,-0.5761510133743286,0.9999449253082275,0.4675620198249817,0.2017662078142166,-0.5762478113174438,0.999963104724884,0.46225208044052124,0.2026132345199585,-0.5762332677841187,0.9999269843101501,0.5076874494552612,0.20627786219120026,-0.39409297704696655,0.9999638795852661,0.4560036063194275,0.21146754920482635,-0.3976646065711975,0.9999682903289795,0.4926814138889313,0.24642446637153625,-0.5373414158821106,0.9999932646751404,0.47147148847579956,0.24917247891426086,-0.5385891199111938,0.9999924898147583,0.5523685216903687,0.34301504492759705,-0.2752265930175781,0.999847948551178,0.4204850196838379,0.34002500772476196,-0.2633706331253052,0.9997560381889343,0.5715019106864929,0.550594687461853,-0.5143114924430847,0.9725450873374939,0.40997806191444397,0.5506695508956909,-0.4659075140953064,0.9735820889472961,0.5773934125900269,0.43379753828048706,-0.8885378837585449,0.9789561629295349,0.3899293839931488,0.4522824287414551,-0.827828586101532,0.9779251217842102,0.5780791640281677,0.41855311393737793,-0.9605366587638855,0.9669243693351746,0.38638171553611755,0.4298083484172821,-0.8927499055862427,0.9677801728248596,0.5762221217155457,0.3965710997581482,-0.9463850855827332,0.9614624381065369,0.3872959315776825,0.4012084901332855,-0.8888648152351379,0.9609212875366211,0.5743138194084167,0.4011984169483185,-0.8913620710372925,0.9140008091926575,0.39027294516563416,0.4055832326412201,-0.834010124206543,0.9221652150154114,0.530929446220398,0.5932475328445435,-0.006580635905265808,0.9994882345199585,0.4519554078578949,0.5989630222320557,0.006744393613189459,0.9996523261070251,0.6099528074264526,0.6022409796714783,-0.5842968225479126,0.99681556224823,0.35507968068122864,0.6105595827102661,-0.5408795475959778,0.996566891670227,0.5825953483581543,0.820801854133606,-0.21325942873954773,0.9924032688140869,0.3823716640472412,0.8250731825828552,-0.17490488290786743,0.9973991513252258,0.5675457119941711,0.855368971824646,-0.1878964751958847,0.9700956344604492,0.40448182821273804,0.8586762547492981,-0.149519145488739,0.9884450435638428,0.603305459022522,0.9132391214370728,-0.3833244740962982,0.9823074340820312,0.3548784852027893,0.911293625831604,-0.3364206552505493,0.9908751249313354
down,0.4833628535270691,0.22254706919193268,-0.5921993255615234,0.9999859929084778,0.49140897393226624,0.19892001152038574,-0.5631025433540344,0.999965250492096,0.4961274266242981,0.1986110955476761,-0.5631446838378906,0.999975323677063,0.5002167224884033,0.19863764941692352,-0.5632987022399902,0.9999406337738037,0.473836749792099,0.20086051523685455,-0.5639714002609253,0.9999474287033081,0.46768003702163696,0.20144030451774597,-0.5640653371810913,0.9999651908874512,0.4623180031776428,0.202302947640419,-0.5640509724617004,0.9999302625656128,0.507764458656311,0.20619332790374756,-0.38392704725265503,0.9999658465385437,0.4559630751609802,0.21128720045089722,-0.38752108812332153,0.9999701976776123,0.4927974343299866,0.24629752337932587,-0.5257450342178345,0.9999936819076538,0.4716135859489441,0.24901501834392548,-0.526999831199646,0.9999929070472717,0.5525137186050415,0.34310686588287354,-0.2673642039299011,0.9998604655265808,0.42038780450820923,0.3401432931423187,-0.2554621994495392,0.9997661113739014,0.5713774561882019,0.5505920648574829,-0.5017887353897095,0.9739159941673279,0.40985003113746643,0.550857663154602,-0.4535391926765442,0.9747408628463745,0.5777480602264404,0.4341121315956116,-0.8745074272155762,0.98130863904953,0.38932374119758606,0.4521421194076538,-0.8112969398498535,0.9796352982521057,0.5784251093864441,0.4188443422317505,-0.9462885856628418,0.9701758623123169,0.38614416122436523,0.4297407865524292,-0.8753608465194702,0.9700759053230286,0.5765877962112427,0.39700400829315186,-0.9333182573318481,0.9651672840118408,0.3869502544403076,0.40127432346343994,-0.8723729848861694,0.9635711312294006,0.5747465491294861,0.401428759098053,-0.8777326345443726,0.9210004806518555,0.38986775279045105,0.40569257736206055,-0.8176687359809875,0.9268239140510559,0.5309315919876099,0.5940605401992798,-0.006578461732715368,0.9995087385177612,0.4519501328468323,0.5990186333656311,0.006739814765751362,0.9996615052223206,0.6099575757980347,0.6022151708602905,-0.583679735660553,0.9968324899673462,0.35510706901550293,0.6109170913696289,-0.5287381410598755,0.9965268969535828,0.5826016664505005,0.820686936378479,-0.21351882815361023,0.9925798177719116,0.38239437341690063,0.8250354528427124,-0.1665433943271637,0.9974192380905151,0.5674251317977905,0.8551900386810303,-0.18836504220962524,0.9707770943641663,0.4045378565788269,0.8587068319320679,-0.141453355550766,0.9886321425437927,0.6032540798187256,0.9133700728416443,-0.38218653202056885,0.9828154444694519,0.3548116087913513,0.9107916355133057,-0.3246380388736725,0.991059422492981
down,0.4838268756866455,0.22248229384422302,-0.5677711963653564,0.9999867081642151,0.491661012172699,0.19886775314807892,-0.5390012860298157,0.9999670386314392,0.4963866174221039,0.19856417179107666,-0.5390452742576599,0.999976634979248,0.5004388689994812,0.19859665632247925,-0.5391987562179565,0.9999433755874634,0.4742353856563568,0.20078788697719574,-0.5402058362960815,0.9999500513076782,0.46799436211586,0.2013557404279709,-0.5402992367744446,0.9999669790267944,0.4625619947910309,0.2021825760602951,-0.5402882695198059,0.9999334812164307,0.5079526305198669,0.20616185665130615,-0.3624125123023987,0.9999671578407288,0.4559660851955414,0.21114817261695862,-0.3674304187297821,0.9999719262123108,0.4930478632450104,0.24625754356384277,-0.5021888017654419,0.9999939203262329,0.4720250964164734,0.248960942029953,-0.5038731694221497,0.9999931454658508,0.5527440905570984,0.3429917097091675,-0.24921567738056183,0.9998655915260315,0.42034387588500977,0.340175986289978,-0.23928558826446533,0.9997735023498535,0.5712621212005615,0.5500865578651428,-0.4783861041069031,0.9738379716873169,0.40947121381759644,0.5517724752426147,-0.4345911145210266,0.9752947688102722,0.5775845646858215,0.4348335564136505,-0.8471808433532715,0.9828303456306458,0.38913628458976746,0.4519394040107727,-0.7884589433670044,0.9810007214546204,0.5784631967544556,0.4192795157432556,-0.9183312654495239,0.9726287126541138,0.3861447870731354,0.42979228496551514,-0.8519408106803894,0.9721130132675171,0.5766773223876953,0.39779120683670044,-0.906703770160675,0.968050479888916,0.3868403434753418,0.40127241611480713,-0.8501245379447937,0.9660763740539551,0.5747004747390747,0.40201646089553833,-0.8509066700935364,0.9269464612007141,0.3897382318973541,0.4057456851005554,-0.7952314019203186,0.9316728711128235,0.5309709310531616,0.5946086645126343,-0.006625790148973465,0.9995086789131165,0.4519437253475189,0.5991120934486389,0.006785697303712368,0.9996609687805176,0.6100043058395386,0.6020798683166504,-0.5760064721107483,0.9968783259391785,0.3551480770111084,0.6111990213394165,-0.521945595741272,0.9965506792068481,0.5825397968292236,0.8205156922340393,-0.2216511070728302,0.9927123188972473,0.38245028257369995,0.8250425457954407,-0.17330406606197357,0.9974170923233032,0.5671700835227966,0.8548510074615479,-0.19807372987270355,0.9715138673782349,0.4046538770198822,0.8588310480117798,-0.14973288774490356,0.9888479709625244,0.6032297611236572,0.9134247899055481,-0.3877061605453491,0.98307204246521,0.35475265979766846,0.9105684757232666,-0.3297531008720398,0.9911330342292786
down,0.484436571598053,0.2224106639623642,-0.562579333782196,0.9999870657920837,0.49209779500961304,0.19878968596458435,-0.5333369970321655,0.9999682903289795,0.4967431426048279,0.19846539199352264,-0.5333858728408813,0.999977707862854,0.5007461309432983,0.19849228858947754,-0.5335392951965332,0.9999455809593201,0.47477078437805176,0.20073209702968597,-0.5345438718795776,0.9999515414237976,0.4684223532676697,0.20130620896816254,-0.534635066986084,0.9999681711196899,0.4628795087337494,0.20213235914707184,-0.5346201062202454,0.9999356865882874,0.5082159638404846,0.20605282485485077,-0.3561437726020813,0.9999684691429138,0.456000953912735,0.21113274991512299,-0.3609849512577057,0.999972939491272,0.4934370517730713,0.2462025135755539,-0.4969925284385681,0.9999940991401672,0.4725259840488434,0.2489527314901352,-0.49863991141319275,0.9999933242797852,0.5533064603805542,0.34360456466674805,-0.24390003085136414,0.9998706579208374,0.42043033242225647,0.3401254117488861,-0.23275300860404968,0.9997733235359192,0.5716413259506226,0.5500151515007019,-0.47485002875328064,0.9752310514450073,0.4094327986240387,0.5520378351211548,-0.4245840609073639,0.975429117679596,0.5780187249183655,0.4348125755786896,-0.843225359916687,0.9843599200248718,0.3888436257839203,0.45081108808517456,-0.777184784412384,0.982049286365509,0.5783892869949341,0.4196626543998718,-0.9143939018249512,0.9747757315635681,0.38587096333503723,0.4273901581764221,-0.840732216835022,0.9736973643302917,0.5762709975242615,0.3985558748245239,-0.9021394848823547,0.9705401062965393,0.3868555724620819,0.4008156359195709,-0.8392934799194336,0.9680178165435791,0.5745931267738342,0.40246570110321045,-0.8465484380722046,0.932203471660614,0.38969290256500244,0.40542635321617126,-0.7840446829795837,0.9354632496833801,0.5310852527618408,0.595573365688324,-0.006826319731771946,0.999512791633606,0.4519628882408142,0.599291205406189,0.0069864047691226006,0.9996630549430847,0.6100047826766968,0.6019066572189331,-0.5765368938446045,0.996934711933136,0.35520297288894653,0.6113247871398926,-0.5251415371894836,0.9965687990188599,0.5824748277664185,0.82049959897995,-0.22535133361816406,0.992790937423706,0.3824946880340576,0.8251312971115112,-0.1836104691028595,0.9974194765090942,0.5670941472053528,0.854878306388855,-0.2016618251800537,0.9719427824020386,0.40475839376449585,0.8589724898338318,-0.16040048003196716,0.9889419078826904,0.6031293272972107,0.9131672978401184,-0.3931272625923157,0.9832985401153564,0.3547101616859436,0.9099050164222717,-0.34182554483413696,0.9912367463111877
down,0.48490047454833984,0.22236524522304535,-0.5458333492279053,0.999987006187439,0.49241748452186584,0.1987205445766449,-0.5167298316955566,0.9999688267707825,0.49701589345932007,0.19838327169418335,-0.516781210899353,0.9999780058860779,0.5009894371032715,0.19841289520263672,-0.5169350504875183,0.999947190284729,0.4752369821071625,0.20066247880458832,-0.518196702003479,0.9999521970748901,0.46883219480514526,0.20123787224292755,-0.5182844400405884,0.999968409538269,0.46325111389160156,0.2020447999238968,-0.5182679891586304,0.999936580657959,0.508357048034668,0.20600096881389618,-0.34026068449020386,0.9999690651893616,0.45608940720558167,0.21107693016529083,-0.346255898475647,0.9999728202819824,0.4937061667442322,0.24617999792099,-0.4803904891014099,0.9999942183494568,0.4729047417640686,0.24895581603050232,-0.4823843538761139,0.9999933242797852,0.5532750487327576,0.34297388792037964,-0.22917728126049042,0.9998753666877747,0.4205281138420105,0.34014809131622314,-0.21982386708259583,0.999768853187561,0.5716901421546936,0.5489680171012878,-0.45817965269088745,0.9765628576278687,0.4095732271671295,0.5502763986587524,-0.40884000062942505,0.9746267199516296,0.5785290598869324,0.434662789106369,-0.8261621594429016,0.9854071140289307,0.38849860429763794,0.44982075691223145,-0.7589775919914246,0.9821473956108093,0.5781375765800476,0.42011329531669617,-0.8974820375442505,0.9762021899223328,0.3857104778289795,0.4269537627696991,-0.8223158121109009,0.9740539193153381,0.5754238367080688,0.39926066994667053,-0.885328471660614,0.9722409844398499,0.38688331842422485,0.4004811644554138,-0.8219068646430969,0.9685894250869751,0.5743076801300049,0.40298935770988464,-0.829465389251709,0.9360562562942505,0.3895706832408905,0.40506190061569214,-0.7662233710289001,0.9368022084236145,0.5310401320457458,0.5958069562911987,-0.006747892592102289,0.9995073676109314,0.45186418294906616,0.5993884801864624,0.006914735771715641,0.9996567964553833,0.6100789904594421,0.6017748117446899,-0.5677402019500732,0.996925413608551,0.3552228808403015,0.6112876534461975,-0.524416446685791,0.9965303540229797,0.5824452042579651,0.8205010294914246,-0.22511720657348633,0.9926216006278992,0.3825094401836395,0.8252592086791992,-0.1899780035018921,0.9973563551902771,0.5670915842056274,0.8549081683158875,-0.2018565833568573,0.9718608856201172,0.40480247139930725,0.8590097427368164,-0.16716226935386658,0.9887690544128418,0.6030942797660828,0.9128538966178894,-0.39180928468704224,0.9830246567726135,0.3547087013721466,0.9091995358467102,-0.34793275594711304,0.9911112189292908
down,0.4851268231868744,0.22250796854496002,-0.5383278131484985,0.999986469745636,0.49264389276504517,0.1987892985343933,-0.5093305110931396,0.9999682903289795,0.4972399175167084,0.1984504759311676,-0.509382426738739,0.9999772310256958,0.5012360215187073,0.19849346578121185,-0.5095373392105103,0.999947190284729,0.4755968153476715,0.20064127445220947,-0.5108741521835327,0.9999515414237976,0.4692046642303467,0.2012113630771637,-0.5109623670578003,0.9999669790267944,0.46362176537513733,0.2020028829574585,-0.5109490156173706,0.9999344944953918,0.5085426568984985,0.20607109367847443,-0.33336928486824036,0.9999684691429138,0.4561457633972168,0.21097354590892792,-0.33977940678596497,0.9999713897705078,0.49383869767189026,0.24635575711727142,-0.473003089427948,0.9999939799308777,0.47303518652915955,0.24909934401512146,-0.4751608967781067,0.9999931454658508,0.5533132553100586,0.34292933344841003,-0.2218494713306427,0.9998733997344971,0.4206920564174652,0.3390820324420929,-0.21433444321155548,0.9997611045837402,0.5717238187789917,0.5490801930427551,-0.4475850462913513,0.97641921043396,0.4102720320224762,0.5459257960319519,-0.40149617195129395,0.9716446399688721,0.5788355469703674,0.43493151664733887,-0.8152494430541992,0.9855649471282959,0.38913998007774353,0.4498646557331085,-0.7498154640197754,0.9797990918159485,0.5782024264335632,0.4202880859375,-0.8864420652389526,0.9765477180480957,0.3860512673854828,0.4281802177429199,-0.8130784034729004,0.9713256359100342,0.575569748878479,0.39934778213500977,-0.8749098777770996,0.9727712273597717,0.3870355486869812,0.40052884817123413,-0.8132613301277161,0.9656590223312378,0.5744365453720093,0.4030492901802063,-0.8188789486885071,0.9374396800994873,0.3898636996746063,0.4052809774875641,-0.7573531866073608,0.9319339394569397,0.5310652256011963,0.5952759385108948,-0.005691367667168379,0.999480664730072,0.4517994821071625,0.5993736386299133,0.005894927773624659,0.9996427893638611,0.610202431678772,0.6017354130744934,-0.5580453276634216,0.9968514442443848,0.3552165925502777,0.6110072135925293,-0.5272270441055298,0.9964829683303833,0.5823365449905396,0.8204852342605591,-0.21937520802021027,0.9921644330024719,0.3824915587902069,0.8255653381347656,-0.19343750178813934,0.997249960899353,0.5670247077941895,0.8549101948738098,-0.19651129841804504,0.9711440801620483,0.40485382080078125,0.8591873049736023,-0.17057570815086365,0.9884635210037231,0.6033069491386414,0.9128999710083008,-0.383053183555603,0.9820390939712524,0.3545094430446625,0.9087578058242798,-0.3527326285839081,0.9907637238502502
down,0.4851507246494293,0.2225518375635147,-0.5534896850585938,0.9999861121177673,0.4926806390285492,0.19880074262619019,-0.5245481729507446,0.9999675750732422,0.4972793459892273,0.1984688639640808,-0.5246058702468872,0.9999766945838928,0.5012758374214172,0.19852057099342346,-0.5247700810432434,0.9999464750289917,0.4756283164024353,0.20060846209526062,-0.5263679623603821,0.9999505281448364,0.46923956274986267,0.20115943253040314,-0.526457667350769,0.999966025352478,0.46365681290626526,0.20193259418010712,-0.5264439582824707,0.9999322295188904,0.5085746049880981,0.20611265301704407,-0.346252977848053,0.9999681115150452,0.45616039633750916,0.210899218916893,-0.3539981245994568,0.9999707341194153,0.4938758909702301,0.2464255690574646,-0.48700180649757385,0.9999937415122986,0.47303906083106995,0.24914349615573883,-0.48950037360191345,0.9999930262565613,0.5533862113952637,0.3432570695877075,-0.23016436398029327,0.9998722076416016,0.4207126200199127,0.33871546387672424,-0.22623498737812042,0.9997591376304626,0.5718236565589905,0.5500082969665527,-0.4595779776573181,0.9766939878463745,0.41040515899658203,0.5462304949760437,-0.4157184958457947,0.9708041548728943,0.5790289640426636,0.43565380573272705,-0.8316423296928406,0.9857326149940491,0.38970065116882324,0.450028657913208,-0.7651193141937256,0.9790083765983582,0.5783529877662659,0.4209418296813965,-0.9031887054443359,0.976691722869873,0.38622599840164185,0.42843353748321533,-0.8286940455436707,0.9703168869018555,0.5759543180465698,0.3995664715766907,-0.8915613889694214,0.9729880094528198,0.3871118426322937,0.4005020260810852,-0.8279962539672852,0.9644942283630371,0.5746785402297974,0.4033496379852295,-0.8353215456008911,0.9378519654273987,0.39009708166122437,0.4054933190345764,-0.7722456455230713,0.9296661019325256,0.5310680866241455,0.5949316024780273,-0.0049963900819420815,0.9994713068008423,0.4516458511352539,0.5993536710739136,0.0052026500925421715,0.9996436834335327,0.6103329658508301,0.6017700433731079,-0.5603080987930298,0.9967987537384033,0.35518157482147217,0.6107772588729858,-0.5346449017524719,0.9964748620986938,0.5822315216064453,0.8206666707992554,-0.2184104025363922,0.9919021129608154,0.38245493173599243,0.8258546590805054,-0.195991650223732,0.9972280263900757,0.5668051242828369,0.8552110195159912,-0.19527778029441833,0.9710994362831116,0.40482020378112793,0.8593010902404785,-0.172845721244812,0.9883630871772766,0.6034380197525024,0.912997841835022,-0.38393765687942505,0.9814784526824951,0.3542918264865875,0.9086159467697144,-0.3571780323982239,0.9906584620475769
down,0.4851657450199127,0.2225612998008728,-0.5188608169555664,0.9999858140945435,0.49271026253700256,0.1987852156162262,-0.49010294675827026,0.9999679923057556,0.49731341004371643,0.19845585525035858,-0.490162193775177,0.9999766945838928,0.5013198852539062,0.19851301610469818,-0.4903257489204407,0.9999480843544006,0.47565197944641113,0.20057155191898346,-0.49200043082237244,0.999951183795929,0.46926718950271606,0.20111878216266632,-0.4920770227909088,0.9999656677246094,0.46369320154190063,0.2018904983997345,-0.4920613169670105,0.9999322891235352,0.5086208581924438,0.2061162143945694,-0.3150332272052765,0.9999688267707825,0.456206738948822,0.21086658537387848,-0.3226813077926636,0.9999706745147705,0.49390262365341187,0.24645580351352692,-0.4535754323005676,0.9999938607215881,0.47304749488830566,0.24916298687458038,-0.4560700058937073,0.9999931454658508,0.5533873438835144,0.3432730436325073,-0.2045542299747467,0.999872624874115,0.4207542836666107,0.3385193645954132,-0.2015339881181717,0.9997633695602417,0.5718866586685181,0.5493072867393494,-0.4301726818084717,0.9764828085899353,0.4103854298591614,0.5455096364021301,-0.38637644052505493,0.9700990915298462,0.5790782570838928,0.4357331693172455,-0.7989784479141235,0.9854862689971924,0.3899639844894409,0.4501115083694458,-0.7302583456039429,0.9780813455581665,0.5783607363700867,0.4212144613265991,-0.8704997301101685,0.9763714075088501,0.3864593803882599,0.42885416746139526,-0.7935281991958618,0.9691429138183594,0.5759822726249695,0.39976492524147034,-0.8594257235527039,0.9727146029472351,0.3874388635158539,0.400862455368042,-0.7946385741233826,0.9633058309555054,0.5746913552284241,0.4035642743110657,-0.8028750419616699,0.9376934170722961,0.3904187083244324,0.40573829412460327,-0.7381234765052795,0.9278681874275208,0.5310660004615784,0.5948717594146729,-0.004611829295754433,0.9994711875915527,0.45154839754104614,0.5994842052459717,0.004833429120481014,0.9996459484100342,0.6104429364204407,0.6017807126045227,-0.5507146716117859,0.9967703223228455,0.3551289439201355,0.6107043623924255,-0.526231050491333,0.9965071082115173,0.5821962952613831,0.8210869431495667,-0.22089925408363342,0.9916673302650452,0.3824511468410492,0.8260653018951416,-0.19935348629951477,0.9971590638160706,0.5666328072547913,0.8559920191764832,-0.19853851199150085,0.9709351658821106,0.4048057198524475,0.8593406081199646,-0.17701539397239685,0.9881278276443481,0.603471040725708,0.9131017327308655,-0.3853071928024292,0.9810366630554199,0.3542742133140564,0.9085667133331299,-0.3588096499443054,0.990460991859436
down,0.4851612150669098,0.22257685661315918,-0.5152889490127563,0.9999855160713196,0.4927317202091217,0.1987919956445694,-0.4865010380744934,0.9999682903289795,0.4973362982273102,0.19846273958683014,-0.4865586757659912,0.9999766945838928,0.5013481974601746,0.19852085411548615,-0.48672348260879517,0.9999490976333618,0.4756438136100769,0.2005608230829239,-0.48846226930618286,0.9999512434005737,0.4692642092704773,0.2011002004146576,-0.48853835463523865,0.9999650716781616,0.4636996388435364,0.20186589658260345,-0.4885195791721344,0.9999315738677979,0.5086765289306641,0.20613299310207367,-0.31181496381759644,0.9999694228172302,0.45622333884239197,0.2108454555273056,-0.3197363317012787,0.9999703764915466,0.49392420053482056,0.24649012088775635,-0.4503151774406433,0.9999939203262329,0.4730278551578522,0.24918942153453827,-0.4528469145298004,0.9999931454658508,0.5534115433692932,0.3433142900466919,-0.2018413096666336,0.9998734593391418,0.42078885436058044,0.3384818732738495,-0.19869710505008698,0.9997606873512268,0.5719780325889587,0.5489488244056702,-0.4284858703613281,0.9760650992393494,0.4103667140007019,0.5454590916633606,-0.3878525495529175,0.9690432548522949,0.5790669322013855,0.43570706248283386,-0.7993168234825134,0.9852714538574219,0.3901243805885315,0.45013776421546936,-0.7333272695541382,0.9770143628120422,0.5783189535140991,0.42128294706344604,-0.8706071972846985,0.9760551452636719,0.3866485059261322,0.4291660785675049,-0.7962901592254639,0.9677804708480835,0.5759903192520142,0.39982542395591736,-0.8588393330574036,0.9724199771881104,0.3875970244407654,0.40082260966300964,-0.7965489625930786,0.9617979526519775,0.5746798515319824,0.4036269783973694,-0.8030301928520203,0.9374006986618042,0.3905944228172302,0.40585678815841675,-0.7409380674362183,0.9254074692726135,0.5310381650924683,0.5949424505233765,-0.004413202870637178,0.9994797110557556,0.45144349336624146,0.6001040935516357,0.004640138708055019,0.9996486306190491,0.6104966998100281,0.601800262928009,-0.5540715456008911,0.9967759847640991,0.3551076352596283,0.610683023929596,-0.5269834399223328,0.9965442419052124,0.582181990146637,0.8216300010681152,-0.22585232555866241,0.9916273951530457,0.38248613476753235,0.8261685967445374,-0.20152978599071503,0.9971352815628052,0.5665674209594727,0.8568549156188965,-0.20354025065898895,0.9712889194488525,0.4048415720462799,0.859286904335022,-0.17920735478401184,0.9880273342132568,0.6034854650497437,0.9128062725067139,-0.3911304473876953,0.9810593128204346,0.3544040620326996,0.9087012410163879,-0.36173418164253235,0.9904104471206665
down,0.4851904809474945,0.2225990742444992,-0.5178472995758057,0.9999850988388062,0.4927828907966614,0.1988241970539093,-0.4885522723197937,0.9999680519104004,0.4973899722099304,0.19849209487438202,-0.48861727118492126,0.9999764561653137,0.5014275312423706,0.19854702055454254,-0.4887819290161133,0.9999492168426514,0.4756392538547516,0.20057468116283417,-0.4907827377319336,0.9999507069587708,0.4692600667476654,0.20110416412353516,-0.49086228013038635,0.9999644160270691,0.4636978209018707,0.20187291502952576,-0.4908501207828522,0.9999304413795471,0.5087711811065674,0.20615853369235992,-0.3120066821575165,0.9999694228172302,0.4562392830848694,0.2108604460954666,-0.3213145136833191,0.9999699592590332,0.4939730763435364,0.24653689563274384,-0.45221251249313354,0.9999938607215881,0.4730406403541565,0.24922291934490204,-0.4551851749420166,0.9999930262565613,0.5534409284591675,0.34348127245903015,-0.202741339802742,0.9998684525489807,0.4207920432090759,0.33874210715293884,-0.20091000199317932,0.9997487664222717,0.5720571279525757,0.5476033687591553,-0.4314144551753998,0.97507643699646,0.410309374332428,0.545357346534729,-0.38956740498542786,0.9671899080276489,0.5786997675895691,0.4358973503112793,-0.8025387525558472,0.9844604134559631,0.39034202694892883,0.45092400908470154,-0.734897792339325,0.9751783609390259,0.5778952836990356,0.42146238684654236,-0.8740725517272949,0.974911093711853,0.3867097496986389,0.4304804801940918,-0.7980312705039978,0.9655600190162659,0.5757099390029907,0.40005695819854736,-0.8624566793441772,0.9711780548095703,0.38761764764785767,0.4012252390384674,-0.7987328767776489,0.9592719078063965,0.5744203329086304,0.4039422869682312,-0.8063750267028809,0.9350103735923767,0.39062997698783875,0.4063083231449127,-0.7426905035972595,0.9209856390953064,0.5310057997703552,0.5952045321464539,-0.00433367257937789,0.9994766116142273,0.45138412714004517,0.600906252861023,0.004562028683722019,0.9996452927589417,0.6105996370315552,0.6018224358558655,-0.5528795719146729,0.9967658519744873,0.35509324073791504,0.6108490228652954,-0.5273226499557495,0.9965317249298096,0.5822104811668396,0.8219493627548218,-0.22388045489788055,0.9915743470191956,0.3825942575931549,0.8263500928878784,-0.19981800019741058,0.9970876574516296,0.5665556788444519,0.856988787651062,-0.20154348015785217,0.9713042378425598,0.40498432517051697,0.8592295050621033,-0.1774132400751114,0.9877645969390869,0.6034985780715942,0.9127811193466187,-0.38874635100364685,0.9809514284133911,0.35500001907348633,0.9093766212463379,-0.3595077395439148,0.9902763366699219
down,0.48517459630966187,0.2226732224225998,-0.5574299097061157,0.9999839663505554,0.4928115904331207,0.1988881379365921,-0.5279262661933899,0.9999653100967407,0.49742478132247925,0.19852131605148315,-0.5279863476753235,0.9999749660491943,0.5014779567718506,0.19855554401874542,-0.5281468629837036,0.9999444484710693,0.4755675792694092,0.2008356750011444,-0.5296496152877808,0.9999459981918335,0.46920791268348694,0.20141977071762085,-0.5297407507896423,0.9999619126319885,0.4636515974998474,0.20221947133541107,-0.5297337174415588,0.9999246597290039,0.5088229775428772,0.206153005361557,-0.3480567932128906,0.9999669194221497,0.4562467038631439,0.21116197109222412,-0.3553553521633148,0.9999681711196899,0.4939979016780853,0.24663151800632477,-0.49063700437545776,0.9999932646751404,0.4730251431465149,0.2494477778673172,-0.49300211668014526,0.999992311000824,0.5535071492195129,0.3438556492328644,-0.23329076170921326,0.9998583197593689,0.4207780361175537,0.3396182060241699,-0.22832417488098145,0.9997297525405884,0.5719529390335083,0.5472093820571899,-0.46599531173706055,0.9738786220550537,0.41024351119995117,0.551246702671051,-0.4226917624473572,0.9672761559486389,0.5780965685844421,0.43605169653892517,-0.8391693234443665,0.9839280843734741,0.39038294553756714,0.45118072628974915,-0.7736691236495972,0.9758430123329163,0.5776418447494507,0.42157265543937683,-0.9102165102958679,0.9741176962852478,0.3865557909011841,0.42833632230758667,-0.8367217183113098,0.9663729667663574,0.575571596622467,0.400297075510025,-0.8985399007797241,0.9702779650688171,0.38758596777915955,0.4013146758079529,-0.8349045515060425,0.9600851535797119,0.5741485953330994,0.40421268343925476,-0.8428808450698853,0.933072566986084,0.3905734121799469,0.4064350128173828,-0.7803670763969421,0.922129213809967,0.5309240818023682,0.5953052043914795,-0.004301509819924831,0.9994696974754333,0.45130807161331177,0.6008644104003906,0.0045274002477526665,0.9996410608291626,0.6107684373855591,0.60194331407547,-0.5632697343826294,0.9967392086982727,0.35503843426704407,0.6114116907119751,-0.5313358902931213,0.9965102672576904,0.5821883678436279,0.8221648335456848,-0.21860265731811523,0.9916220903396606,0.3827056884765625,0.8266663551330566,-0.18976984918117523,0.9971105456352234,0.5664411783218384,0.8570132851600647,-0.1952461153268814,0.9714368581771851,0.40510234236717224,0.8592326045036316,-0.16624578833580017,0.9877154231071472,0.6035267114639282,0.9128184914588928,-0.3841797709465027,0.9809529781341553,0.35539159178733826,0.9102314710617065,-0.35035568475723267,0.990297257900238
down,0.4851582944393158,0.22271455824375153,-0.5664068460464478,0.9999837279319763,0.4928179681301117,0.19895291328430176,-0.537063717842102,0.9999642372131348,0.4974299371242523,0.19855239987373352,-0.5371197462081909,0.9999745488166809,0.5014919638633728,0.19856484234333038,-0.5372776985168457,0.9999421238899231,0.4754936695098877,0.20111742615699768,-0.5385569334030151,0.9999439716339111,0.46916812658309937,0.2017635554075241,-0.5386504530906677,0.9999611973762512,0.46362170577049255,0.20260071754455566,-0.5386424660682678,0.9999226927757263,0.5088329315185547,0.20616351068019867,-0.35716432332992554,0.9999658465385437,0.45625433325767517,0.21162167191505432,-0.3634820580482483,0.9999678730964661,0.4940091669559479,0.24668170511722565,-0.4995960295200348,0.999993085861206,0.4730239510536194,0.24960897862911224,-0.501654863357544,0.9999920725822449,0.5535579323768616,0.34394532442092896,-0.24162407219409943,0.9998564720153809,0.420781672000885,0.34005486965179443,-0.23507702350616455,0.999725878238678,0.5719298124313354,0.5471814870834351,-0.4753902852535248,0.9736055731773376,0.4100419878959656,0.5530905723571777,-0.43154996633529663,0.9689004421234131,0.5776484608650208,0.43630677461624146,-0.8492795825004578,0.9840124845504761,0.39018163084983826,0.45117658376693726,-0.7852739691734314,0.9775301814079285,0.5774286985397339,0.42195892333984375,-0.9207792282104492,0.9741933345794678,0.3866036832332611,0.43016019463539124,-0.8488296270370483,0.9684063196182251,0.5754276514053345,0.40076375007629395,-0.9085782170295715,0.9703433513641357,0.387510746717453,0.40154701471328735,-0.8465085029602051,0.9623475670814514,0.5739238262176514,0.4046781659126282,-0.8527568578720093,0.9330641031265259,0.3904516100883484,0.40660956501960754,-0.7917726635932922,0.9259024858474731,0.5308975577354431,0.5957450270652771,-0.0042879292741417885,0.9994783997535706,0.45126184821128845,0.6009368300437927,0.004509203135967255,0.9996448159217834,0.6108093857765198,0.6020516157150269,-0.5700323581695557,0.9967231750488281,0.3549979627132416,0.6116635799407959,-0.5332626104354858,0.9964704513549805,0.5821690559387207,0.8223296999931335,-0.21815642714500427,0.9917206764221191,0.3827129006385803,0.8267697095870972,-0.18761305510997772,0.9971222877502441,0.5664077997207642,0.8570067286491394,-0.19465231895446777,0.9716543555259705,0.4050818979740143,0.859159529209137,-0.1637815237045288,0.987608015537262,0.6036030054092407,0.9128407835960388,-0.3838120996952057,0.9811474084854126,0.35557815432548523,0.910854697227478,-0.3479683995246887,0.9903181791305542
down,0.48509615659713745,0.22297079861164093,-0.5761529803276062,0.9999845623970032,0.49279123544692993,0.1993139088153839,-0.5467517375946045,0.9999653100967407,0.4973977208137512,0.1988341510295868,-0.5467996001243591,0.9999756217002869,0.501468300819397,0.19876089692115784,-0.5469540357589722,0.9999433159828186,0.4754163324832916,0.2017512172460556,-0.5481649041175842,0.999945342540741,0.4691486358642578,0.20243313908576965,-0.5482577681541443,0.9999628663063049,0.4636163115501404,0.20321066677570343,-0.5482468008995056,0.9999254941940308,0.5088071823120117,0.20634973049163818,-0.36627230048179626,0.9999668598175049,0.4563041627407074,0.21222440898418427,-0.37217921018600464,0.9999695420265198,0.4940083920955658,0.24693383276462555,-0.5091851949691772,0.9999934434890747,0.4730166494846344,0.249977245926857,-0.5111238956451416,0.9999923706054688,0.5535695552825928,0.34431660175323486,-0.2504286468029022,0.9998630285263062,0.42078644037246704,0.34063395857810974,-0.24298587441444397,0.9997344613075256,0.5719927549362183,0.5472071766853333,-0.48840251564979553,0.9746472239494324,0.40977615118026733,0.5539408326148987,-0.44266295433044434,0.9712101817131042,0.5775778889656067,0.436423122882843,-0.8639551997184753,0.9847978949546814,0.3900449872016907,0.4511517882347107,-0.7978204488754272,0.979637622833252,0.5774036645889282,0.42215585708618164,-0.9357814788818359,0.9751850962638855,0.3865509629249573,0.43025118112564087,-0.8615501523017883,0.9709938168525696,0.5753294825553894,0.4011245667934418,-0.9227571487426758,0.9714108109474182,0.3874806761741638,0.40172135829925537,-0.8585449457168579,0.965255856513977,0.5737918615341187,0.40488865971565247,-0.8671187162399292,0.9350655674934387,0.3903964161872864,0.40668785572052,-0.8040516972541809,0.9309352040290833,0.5309495329856873,0.5965216159820557,-0.004416882060468197,0.9994975924491882,0.45123982429504395,0.6012358665466309,0.004620379768311977,0.9996567964553833,0.6108382344245911,0.6020829677581787,-0.5701432228088379,0.9967791438102722,0.35492268204689026,0.6117759943008423,-0.5320756435394287,0.9964917898178101,0.5821231007575989,0.8224561214447021,-0.2125225067138672,0.9919860363006592,0.38277068734169006,0.8268930912017822,-0.1779002547264099,0.9971993565559387,0.5663858652114868,0.8569200038909912,-0.18798847496509552,0.97198486328125,0.4050930142402649,0.8590598106384277,-0.15348102152347565,0.9877184629440308,0.6036582589149475,0.9129897952079773,-0.3780527710914612,0.9817132949829102,0.35573264956474304,0.9113057255744934,-0.3369562029838562,0.9905726313591003
down,0.48491382598876953,0.22328950464725494,-0.5768419504165649,0.9999858140945435,0.49269166588783264,0.19971993565559387,-0.5476219654083252,0.9999675750732422,0.4973088800907135,0.1991501897573471,-0.5476640462875366,0.9999773502349854,0.5013907551765442,0.19899480044841766,-0.5478152632713318,0.9999467134475708,0.475273072719574,0.2022850066423416,-0.5491565465927124,0.9999492168426514,0.4690930247306824,0.2029239386320114,-0.5492498278617859,0.9999658465385437,0.46360263228416443,0.20360486209392548,-0.5492371320724487,0.9999313950538635,0.5087295770645142,0.20655769109725952,-0.36758744716644287,0.9999688863754272,0.45635852217674255,0.21249017119407654,-0.37397411465644836,0.9999722242355347,0.49393948912620544,0.24720774590969086,-0.5100438594818115,0.9999939203262329,0.4729580283164978,0.250227153301239,-0.5120692849159241,0.9999929666519165,0.5531805753707886,0.34363406896591187,-0.25150445103645325,0.9998714923858643,0.4208002984523773,0.34073424339294434,-0.24486592411994934,0.9997503757476807,0.5720185041427612,0.5461612939834595,-0.48710888624191284,0.9762049317359924,0.4094886779785156,0.5539557337760925,-0.441281259059906,0.973665177822113,0.5775733590126038,0.4355686604976654,-0.8626080751419067,0.9857847690582275,0.3898611068725586,0.4510892629623413,-0.7930606007575989,0.9817272424697876,0.5774654150009155,0.42224952578544617,-0.9343972206115723,0.9765297174453735,0.38655799627304077,0.43140482902526855,-0.8568965196609497,0.9736135601997375,0.5752564668655396,0.40155670046806335,-0.9217260479927063,0.9729222059249878,0.38746902346611023,0.4020516276359558,-0.8547565340995789,0.9683002829551697,0.5736311674118042,0.4049890637397766,-0.8660086393356323,0.9381192922592163,0.39037200808525085,0.4068306088447571,-0.7995182275772095,0.936442494392395,0.5309556722640991,0.5964412093162537,-0.004476606380194426,0.999504029750824,0.4512103199958801,0.6012447476387024,0.00467288214713335,0.9996638894081116,0.6108740568161011,0.6021057963371277,-0.5613847374916077,0.9968500137329102,0.354847252368927,0.6120479702949524,-0.5259371995925903,0.9965774416923523,0.5820570588111877,0.8224112391471863,-0.2011442631483078,0.9922005534172058,0.3830304443836212,0.8271639347076416,-0.17196914553642273,0.9972894787788391,0.5663546323776245,0.856633186340332,-0.1765294224023819,0.9722652435302734,0.4051753580570221,0.8590630292892456,-0.14748375117778778,0.9879541993141174,0.6037591695785522,0.9128642678260803,-0.3634795546531677,0.9820454716682434,0.3558136820793152,0.9114671349525452,-0.3292289078235626,0.9908033013343811
down,0.4847332537174225,0.22352774441242218,-0.5759235620498657,0.9999867081642151,0.4925810694694519,0.19998659193515778,-0.5468006730079651,0.9999691843986511,0.49721360206604004,0.19936104118824005,-0.5468447804450989,0.9999784827232361,0.5013054609298706,0.19915887713432312,-0.5469976663589478,0.9999489188194275,0.47514423727989197,0.20259800553321838,-0.5483236312866211,0.9999520778656006,0.4690357744693756,0.20319627225399017,-0.5484168529510498,0.9999679327011108,0.46358904242515564,0.20381291210651398,-0.5484060645103455,0.9999356269836426,0.5086519122123718,0.20668485760688782,-0.3673678934574127,0.9999700784683228,0.45641079545021057,0.21258404850959778,-0.3735879063606262,0.9999743103981018,0.4938627779483795,0.24742604792118073,-0.5092549920082092,0.9999942183494568,0.47288912534713745,0.2504082918167114,-0.5112627744674683,0.9999934434890747,0.5530657172203064,0.3433205187320709,-0.2512494623661041,0.9998760223388672,0.42082786560058594,0.3402908742427826,-0.24497807025909424,0.9997649192810059,0.5717944502830505,0.5456990599632263,-0.48619523644447327,0.9771235585212708,0.4090644419193268,0.5523708462715149,-0.44039106369018555,0.9755772352218628,0.5775251388549805,0.43514344096183777,-0.8611587285995483,0.9865061640739441,0.38951992988586426,0.45093005895614624,-0.7909778952598572,0.9833732843399048,0.5775719881057739,0.42228808999061584,-0.9331738352775574,0.9776115417480469,0.3865564465522766,0.432684063911438,-0.8547838926315308,0.9757071733474731,0.5752143263816833,0.40179717540740967,-0.9207832217216492,0.9741463661193848,0.38746270537376404,0.40236684679985046,-0.8526756167411804,0.9707604050636292,0.5735467672348022,0.40504154562950134,-0.8645811080932617,0.9406594634056091,0.39033499360084534,0.4068974256515503,-0.7974280118942261,0.9409794807434082,0.5308968424797058,0.5964457392692566,-0.004478704184293747,0.9995018243789673,0.4511166512966156,0.6013460755348206,0.004673237446695566,0.9996671080589294,0.6108993887901306,0.6021151542663574,-0.5587021112442017,0.9968652129173279,0.3547461926937103,0.6121490597724915,-0.5243010520935059,0.9966213703155518,0.5820035934448242,0.8222536444664001,-0.19782570004463196,0.9922677874565125,0.3831651210784912,0.8272287845611572,-0.16912414133548737,0.9973439574241638,0.5663226842880249,0.8562264442443848,-0.1730876863002777,0.9723605513572693,0.40522289276123047,0.859067976474762,-0.14446863532066345,0.9881554841995239,0.6038390398025513,0.9128317832946777,-0.35942068696022034,0.9820625185966492,0.35582178831100464,0.9115086197853088,-0.32588550448417664,0.9909379482269287
down,0.48452576994895935,0.2237340658903122,-0.5264922380447388,0.9999869465827942,0.49241986870765686,0.20019732415676117,-0.49744901061058044,0.9999700784683228,0.49708113074302673,0.19952838122844696,-0.4975045323371887,0.9999788999557495,0.5011905431747437,0.1992904096841812,-0.49766120314598083,0.9999509453773499,0.4749630391597748,0.20281077921390533,-0.49917203187942505,0.9999538064002991,0.4689231812953949,0.20337128639221191,-0.4992499351501465,0.9999687671661377,0.4635460376739502,0.20394465327262878,-0.49924126267433167,0.9999381899833679,0.5085598826408386,0.2067691832780838,-0.32213902473449707,0.9999709129333496,0.45644617080688477,0.21264639496803284,-0.3287479281425476,0.9999752044677734,0.49377694725990295,0.24754104018211365,-0.4613923132419586,0.9999942779541016,0.4728110730648041,0.2505047917366028,-0.4635385572910309,0.999993622303009,0.5530455112457275,0.34328779578208923,-0.21307876706123352,0.9998750686645508,0.4208850860595703,0.33997631072998047,-0.20871055126190186,0.9997706413269043,0.5711825489997864,0.5385347604751587,-0.44090819358825684,0.9764120578765869,0.4090317189693451,0.5505558252334595,-0.3968401253223419,0.9758516550064087,0.5770317316055298,0.4351833760738373,-0.8126325607299805,0.9862271547317505,0.38932934403419495,0.4509623944759369,-0.7423371076583862,0.9837284088134766,0.5775185823440552,0.4223158657550812,-0.8846039772033691,0.9773796200752258,0.38656899333000183,0.43374747037887573,-0.805540919303894,0.9761792421340942,0.5751625299453735,0.40206027030944824,-0.8741005659103394,0.9739617705345154,0.3874683976173401,0.40290454030036926,-0.8059045672416687,0.9714358448982239,0.5733600854873657,0.40529873967170715,-0.8169981837272644,0.9406189322471619,0.39031344652175903,0.4071512818336487,-0.7498528361320496,0.9424906373023987,0.5307812094688416,0.5968528389930725,-0.004474183544516563,0.9994974732398987,0.4509975016117096,0.6021871566772461,0.0046682232059538364,0.9996674060821533,0.6109212636947632,0.6021061539649963,-0.5539518594741821,0.9968616962432861,0.35465943813323975,0.6122092604637146,-0.5182904005050659,0.9966325759887695,0.5819803476333618,0.8221377730369568,-0.2093849629163742,0.9921915531158447,0.383221298456192,0.8273271918296814,-0.1795826107263565,0.997315526008606,0.5663025975227356,0.8561449646949768,-0.18623441457748413,0.9722079634666443,0.40522313117980957,0.8591116070747375,-0.1566273272037506,0.9880817532539368,0.6039415001869202,0.9127897620201111,-0.3700489103794098,0.9819120764732361,0.35582056641578674,0.9115102887153625,-0.335532009601593,0.9908641576766968
down,0.4842842221260071,0.22392794489860535,-0.5289178490638733,0.9999865889549255,0.49220824241638184,0.2004179060459137,-0.49973607063293457,0.9999696612358093,0.4969142973423004,0.199715256690979,-0.49979066848754883,0.9999784827232361,0.5010755658149719,0.19945867359638214,-0.4999459683895111,0.9999508261680603,0.47475069761276245,0.20297789573669434,-0.5014589428901672,0.9999534487724304,0.4687824249267578,0.20348477363586426,-0.5015397071838379,0.9999681115150452,0.46348637342453003,0.20401056110858917,-0.5015316009521484,0.9999379515647888,0.508476734161377,0.20686635375022888,-0.32341092824935913,0.9999704957008362,0.4564656615257263,0.21268582344055176,-0.33009254932403564,0.9999748468399048,0.49368205666542053,0.2476048618555069,-0.46346211433410645,0.9999940395355225,0.4727090001106262,0.2505527138710022,-0.46562519669532776,0.9999934434890747,0.5530050992965698,0.3432464897632599,-0.2135838270187378,0.9998708367347717,0.4209272265434265,0.3395636975765228,-0.20883019268512726,0.999771237373352,0.5704107880592346,0.530558168888092,-0.4429408609867096,0.9748749732971191,0.40894395112991333,0.5503746271133423,-0.39838752150535583,0.9757168292999268,0.5763095617294312,0.4352847635746002,-0.8163273930549622,0.9855797290802002,0.38930487632751465,0.45111292600631714,-0.7457458972930908,0.9838463068008423,0.5772853493690491,0.42233607172966003,-0.8886445760726929,0.9767342805862427,0.38657140731811523,0.4341672360897064,-0.8093259930610657,0.976433277130127,0.5750888586044312,0.4022946357727051,-0.8782121539115906,0.973341166973114,0.38748714327812195,0.4032822847366333,-0.8093006014823914,0.9718823432922363,0.5730966925621033,0.4056002199649811,-0.8207820653915405,0.9397216439247131,0.390322744846344,0.4073307514190674,-0.7531150579452515,0.9436203837394714,0.5306480526924133,0.5971044898033142,-0.004477380774915218,0.9994854927062988,0.45088067650794983,0.6026024222373962,0.00467241695150733,0.9996636509895325,0.6109308004379272,0.6020264625549316,-0.554421067237854,0.9968888163566589,0.3546106219291687,0.6122552752494812,-0.5177493691444397,0.9966621994972229,0.5819693803787231,0.8218299746513367,-0.2132428139448166,0.9921554923057556,0.38320815563201904,0.8278372883796692,-0.18324972689151764,0.9972788691520691,0.5662897825241089,0.8560954332351685,-0.18998833000659943,0.9720840454101562,0.40513181686401367,0.8594045042991638,-0.16026100516319275,0.9879869222640991,0.6038028001785278,0.9127295613288879,-0.37485188245773315,0.9818546772003174,0.35575467348098755,0.9115626811981201,-0.33992257714271545,0.9907612800598145
down,0.48397573828697205,0.22400149703025818,-0.5319452285766602,0.9999862313270569,0.49198755621910095,0.20050828158855438,-0.5026530623435974,0.9999690055847168,0.496721088886261,0.19979792833328247,-0.5027077198028564,0.9999779462814331,0.5009311437606812,0.1995382308959961,-0.502862811088562,0.9999500513076782,0.47454071044921875,0.20303893089294434,-0.5043343305587769,0.9999526143074036,0.46861371397972107,0.2035389393568039,-0.5044158697128296,0.9999674558639526,0.463390976190567,0.204064279794693,-0.504408061504364,0.999937117099762,0.5083490610122681,0.20692123472690582,-0.32611292600631714,0.9999699592590332,0.45648279786109924,0.21271082758903503,-0.3325653374195099,0.9999744296073914,0.4934976100921631,0.24765214323997498,-0.4664779305458069,0.9999938607215881,0.47253531217575073,0.2505812346935272,-0.4685698449611664,0.9999932646751404,0.5529167652130127,0.34314391016960144,-0.21663253009319305,0.9998682141304016,0.4209457337856293,0.3393351137638092,-0.2112431526184082,0.9997704029083252,0.5701726675033569,0.5292785167694092,-0.4470647871494293,0.9741259217262268,0.40879592299461365,0.5502727031707764,-0.4023286700248718,0.9757952094078064,0.575831949710846,0.4353084862232208,-0.8215577006340027,0.9852190017700195,0.3893265426158905,0.4511822462081909,-0.7514390349388123,0.9840967655181885,0.5770524740219116,0.4223574697971344,-0.8942217826843262,0.9763764142990112,0.3865678906440735,0.4342077374458313,-0.8153821229934692,0.9768518209457397,0.5749698281288147,0.4024859070777893,-0.8840548396110535,0.9729956388473511,0.38750696182250977,0.4033230245113373,-0.8150731921195984,0.9724503755569458,0.5727717280387878,0.40579143166542053,-0.8261836171150208,0.9391752481460571,0.39038246870040894,0.4074547588825226,-0.7587303519248962,0.9447769522666931,0.5305764675140381,0.5970313549041748,-0.004498026799410582,0.9994730949401855,0.4508151113986969,0.6026312708854675,0.004693162627518177,0.9996591806411743,0.6109419465065002,0.6019313931465149,-0.5558418035507202,0.9969056248664856,0.3545646667480469,0.6123168468475342,-0.5189262628555298,0.9966701865196228,0.5819865465164185,0.8215844631195068,-0.21265749633312225,0.9921287894248962,0.3832046389579773,0.8281784057617188,-0.18248501420021057,0.997243344783783,0.5663070678710938,0.8558496236801147,-0.18934059143066406,0.9717479944229126,0.4050983786582947,0.8595884442329407,-0.15936866402626038,0.9878328442573547,0.603606641292572,0.9127048254013062,-0.3744661211967468,0.981724739074707,0.355854332447052,0.911649763584137,-0.33922046422958374,0.9906415343284607
down,0.483707994222641,0.22406330704689026,-0.5464681386947632,0.9999856352806091,0.49181097745895386,0.20057366788387299,-0.5172212719917297,0.9999672770500183,0.4965507984161377,0.19985584914684296,-0.5172733068466187,0.9999768733978271,0.5007861852645874,0.1995873749256134,-0.5174263119697571,0.9999468326568604,0.4743797779083252,0.20309758186340332,-0.5185757875442505,0.9999499320983887,0.46847739815711975,0.2035863697528839,-0.5186623930931091,0.9999660849571228,0.4633062481880188,0.204102024435997,-0.5186549425125122,0.9999340772628784,0.5082084536552429,0.20695510506629944,-0.34004801511764526,0.9999682903289795,0.45649370551109314,0.21271584928035736,-0.34519851207733154,0.999973475933075,0.493327796459198,0.24769176542758942,-0.48079928755760193,0.999993622303009,0.47236427664756775,0.2505328953266144,-0.4825080931186676,0.9999930262565613,0.5528801679611206,0.3431639075279236,-0.22878208756446838,0.9998656511306763,0.4209262430667877,0.33931416273117065,-0.2223282754421234,0.9997692108154297,0.5701232552528381,0.5296823382377625,-0.46219396591186523,0.9740658402442932,0.4086507260799408,0.5502230525016785,-0.4167693257331848,0.976378858089447,0.5757502913475037,0.4353717267513275,-0.8372602462768555,0.985274612903595,0.3893292546272278,0.45121219754219055,-0.7673572301864624,0.9847692251205444,0.576913595199585,0.42236942052841187,-0.9097846150398254,0.9764503836631775,0.38656553626060486,0.4342055022716522,-0.8312980532646179,0.9777312278747559,0.5748695135116577,0.40260085463523865,-0.8988049626350403,0.9730710387229919,0.3875161111354828,0.40336740016937256,-0.829775333404541,0.9734654426574707,0.5726338028907776,0.4058872163295746,-0.8414796590805054,0.9392215609550476,0.3903939723968506,0.40752458572387695,-0.7741230726242065,0.9465451836585999,0.5305359959602356,0.5968387126922607,-0.004507845733314753,0.9994704723358154,0.4507550597190857,0.6024713516235352,0.004700903780758381,0.9996595978736877,0.6109565496444702,0.6019139289855957,-0.561326801776886,0.9968602657318115,0.35453739762306213,0.612419843673706,-0.5233007669448853,0.9966204762458801,0.581973135471344,0.8214829564094543,-0.20969490706920624,0.9920366406440735,0.38321903347969055,0.8284006118774414,-0.17847853899002075,0.9972220063209534,0.5662139654159546,0.8557177186012268,-0.1855204701423645,0.97130286693573,0.4051218628883362,0.8596780300140381,-0.15453310310840607,0.9877282381057739,0.6037534475326538,0.9129090905189514,-0.3714599013328552,0.9814538359642029,0.3559689223766327,0.9117738604545593,-0.3354220986366272,0.9905599355697632
down,0.48354730010032654,0.22410108149051666,-0.538661003112793,0.9999845027923584,0.4916906952857971,0.2006177306175232,-0.5094360113143921,0.999964714050293,0.4964277744293213,0.1998966634273529,-0.5094896554946899,0.9999750852584839,0.5006834268569946,0.19962480664253235,-0.5096451640129089,0.9999426007270813,0.4742860198020935,0.20312722027301788,-0.5106559991836548,0.9999462366104126,0.4683937430381775,0.20360875129699707,-0.5107390880584717,0.9999637603759766,0.46324753761291504,0.20411962270736694,-0.5107341408729553,0.9999293088912964,0.5081217885017395,0.2070130705833435,-0.3337569236755371,0.9999659061431885,0.45650964975357056,0.21271707117557526,-0.33823034167289734,0.9999716877937317,0.49319323897361755,0.24772001802921295,-0.4736359715461731,0.9999931454658508,0.4722244143486023,0.25049954652786255,-0.4751312732696533,0.9999924898147583,0.5529458522796631,0.34336110949516296,-0.22487397491931915,0.999858021736145,0.4209105372428894,0.33934229612350464,-0.21822789311408997,0.9997619390487671,0.570108950138092,0.5295469164848328,-0.4577741026878357,0.9738821387290955,0.4085850715637207,0.5501157641410828,-0.41205644607543945,0.9764573574066162,0.5757114887237549,0.4353996217250824,-0.8297759294509888,0.9851590991020203,0.3893285393714905,0.45105451345443726,-0.7608028650283813,0.984987735748291,0.576816976070404,0.4223758280277252,-0.9017313122749329,0.9762065410614014,0.3865690529346466,0.4338870942592621,-0.8244873881340027,0.977959394454956,0.5747544169425964,0.4026547372341156,-0.8909028768539429,0.9727961421012878,0.3875525891780853,0.403281033039093,-0.8230112791061401,0.9737287163734436,0.5724902749061584,0.40592241287231445,-0.8340009450912476,0.9386834502220154,0.39042967557907104,0.4075454771518707,-0.7676541209220886,0.947053849697113,0.5305132269859314,0.5966846942901611,-0.004473286680877209,0.9994553327560425,0.45067548751831055,0.6023632884025574,0.004663976840674877,0.9996548891067505,0.6109601259231567,0.6019488573074341,-0.5571874380111694,0.9967836737632751,0.354522705078125,0.6124861836433411,-0.5204652547836304,0.99656742811203,0.5819472074508667,0.8213896155357361,-0.20447897911071777,0.9918243288993835,0.3832288086414337,0.8285757899284363,-0.17491063475608826,0.9971991181373596,0.566022515296936,0.8556790947914124,-0.1802472621202469,0.9710173010826111,0.4051288068294525,0.859860897064209,-0.15102222561836243,0.9877141714096069,0.6042572259902954,0.912949800491333,-0.3639524579048157,0.9809287786483765,0.3558671772480011,0.911799967288971,-0.33080750703811646,0.9904400110244751
down,0.4835127294063568,0.22435688972473145,-0.5508753061294556,0.9999828338623047,0.49165645241737366,0.2009708136320114,-0.5216410756111145,0.9999604225158691,0.49640828371047974,0.20024757087230682,-0.5216972827911377,0.9999722242355347,0.5006691813468933,0.1999923139810562,-0.5218574404716492,0.9999352693557739,0.4742373824119568,0.20357246696949005,-0.5228779315948486,0.9999398589134216,0.46835213899612427,0.2041221261024475,-0.5229674577713013,0.9999595284461975,0.4632190763950348,0.20458923280239105,-0.5229641199111938,0.999920666217804,0.5081356763839722,0.20748257637023926,-0.34389162063598633,0.9999614953994751,0.4565557837486267,0.2132527232170105,-0.34863895177841187,0.9999682307243347,0.4931808114051819,0.24839814007282257,-0.4848606586456299,0.9999920725822449,0.4721779227256775,0.25109753012657166,-0.48645657300949097,0.9999912977218628,0.5533022880554199,0.34401440620422363,-0.2314053326845169,0.9998470544815063,0.42088326811790466,0.33956268429756165,-0.22359518706798553,0.9997483491897583,0.5701174139976501,0.5385065078735352,-0.4614292085170746,0.972450315952301,0.40850821137428284,0.5513837337493896,-0.4160532057285309,0.9759053587913513,0.5754258632659912,0.4363730847835541,-0.8329945802688599,0.9845020174980164,0.38909414410591125,0.4509619474411011,-0.7665039896965027,0.984799325466156,0.5764554738998413,0.42248862981796265,-0.904641330242157,0.9753012657165527,0.38632479310035706,0.4336617887020111,-0.8299151659011841,0.9776695370674133,0.5746830701828003,0.4026583731174469,-0.8943129777908325,0.971762478351593,0.3873271644115448,0.40321218967437744,-0.8287679553031921,0.9733569025993347,0.5724266171455383,0.40602514147758484,-0.8373201489448547,0.9365229606628418,0.39020678400993347,0.40756192803382874,-0.773469090461731,0.9463833570480347,0.5305100679397583,0.596439003944397,-0.0045788041315972805,0.9994366765022278,0.45068439841270447,0.6019253134727478,0.004763923119753599,0.9996450543403625,0.610965371131897,0.6020819544792175,-0.5635645389556885,0.9966463446617126,0.3545071482658386,0.6125234961509705,-0.519221842288971,0.996458888053894,0.5819299817085266,0.8213387131690979,-0.20628444850444794,0.9915974736213684,0.38322481513023376,0.8285582065582275,-0.17215630412101746,0.9971897602081299,0.5659236907958984,0.8556687831878662,-0.1817379742860794,0.9710730314254761,0.4051341414451599,0.8600454330444336,-0.1482773721218109,0.9879555702209473,0.604824423789978,0.9129388332366943,-0.36647099256515503,0.980404794216156,0.35555434226989746,0.9117857813835144,-0.3282957375049591,0.9903038144111633
down,0.4834362864494324,0.2244073897600174,-0.5657101273536682,0.9999815225601196,0.4916304051876068,0.20101428031921387,-0.5366798639297485,0.9999565482139587,0.49639439582824707,0.20029744505882263,-0.5367249250411987,0.9999696612358093,0.5006593465805054,0.2000451236963272,-0.5368802547454834,0.9999278783798218,0.47418469190597534,0.20361894369125366,-0.5370153784751892,0.9999344944953918,0.46829214692115784,0.2041717767715454,-0.5371060967445374,0.9999563097953796,0.46317917108535767,0.204642653465271,-0.537101149559021,0.9999133944511414,0.5081595778465271,0.20754392445087433,-0.35960936546325684,0.9999579191207886,0.4566443860530853,0.2132943719625473,-0.36006298661231995,0.9999657273292542,0.4931640625,0.24849390983581543,-0.5000108480453491,0.9999913573265076,0.472107470035553,0.2512282431125641,-0.5003892183303833,0.9999902844429016,0.5539242029190063,0.34523773193359375,-0.2473725527524948,0.9998319745063782,0.421002060174942,0.33954641222953796,-0.23396115005016327,0.9997413754463196,0.5704746246337891,0.5425747036933899,-0.48369964957237244,0.9719314575195312,0.40850830078125,0.5503727197647095,-0.4327225685119629,0.975612998008728,0.5751936435699463,0.4360237121582031,-0.8524349331855774,0.9836257696151733,0.3885709047317505,0.4508044719696045,-0.7870205640792847,0.9845203757286072,0.5761094689369202,0.4198600649833679,-0.9234078526496887,0.9739389419555664,0.3852517902851105,0.4309270679950714,-0.8507668375968933,0.9771426320075989,0.5742523074150085,0.40212440490722656,-0.9108074903488159,0.9700639843940735,0.3869180977344513,0.4030088782310486,-0.8477667570114136,0.9725777506828308,0.5719993114471436,0.40563052892684937,-0.8556545376777649,0.9328462481498718,0.38978642225265503,0.40750613808631897,-0.7933566570281982,0.9447748064994812,0.53071528673172,0.5970350503921509,-0.005706591531634331,0.9994367361068726,0.4507908225059509,0.6019115447998047,0.0058534638956189156,0.9996476173400879,0.6109448671340942,0.6020913124084473,-0.5683305859565735,0.996638298034668,0.35445570945739746,0.6124956607818604,-0.5118088126182556,0.9964215159416199,0.5819224715232849,0.8210866451263428,-0.2044283151626587,0.991710364818573,0.3830464482307434,0.8276509642601013,-0.15689367055892944,0.9972981810569763,0.5659121870994568,0.8553237318992615,-0.1792081594467163,0.9715365171432495,0.4049829840660095,0.8600921630859375,-0.1323033571243286,0.988564670085907,0.6050007343292236,0.9130516052246094,-0.36471864581108093,0.9805765748023987,0.35445690155029297,0.9108916521072388,-0.31094807386398315,0.990598201751709
down,0.48339271545410156,0.22450290620326996,-0.5886986255645752,0.9999825954437256,0.4915967881679535,0.20109954476356506,-0.5593621730804443,0.9999575614929199,0.49636587500572205,0.2003912776708603,-0.5594010949134827,0.9999706149101257,0.5006394982337952,0.20014074444770813,-0.5595530867576599,0.9999285340309143,0.474151611328125,0.20363306999206543,-0.5598143339157104,0.9999367594718933,0.46825283765792847,0.2041686624288559,-0.5599071383476257,0.9999583959579468,0.4631524980068207,0.20463299751281738,-0.559898316860199,0.9999163150787354,0.5081673264503479,0.20757588744163513,-0.37947338819503784,0.9999589323997498,0.4566980004310608,0.21317292749881744,-0.3805639445781708,0.9999670386314392,0.4931267201900482,0.24855361878871918,-0.5219679474830627,0.9999919533729553,0.47205623984336853,0.2512347400188446,-0.5225367546081543,0.9999909400939941,0.5537742376327515,0.34523361921310425,-0.2644102871417999,0.999838650226593,0.4210219383239746,0.3394736647605896,-0.25142526626586914,0.9997537136077881,0.5710878372192383,0.5435778498649597,-0.505432665348053,0.9743525981903076,0.4084220826625824,0.5510944724082947,-0.4538496434688568,0.976936936378479,0.5754525065422058,0.43430668115615845,-0.8782023191452026,0.9846179485321045,0.3883648216724396,0.4507439136505127,-0.8126020431518555,0.985322117805481,0.5760835409164429,0.4181775748729706,-0.950546145439148,0.9751418232917786,0.3851197361946106,0.43195080757141113,-0.8777998685836792,0.9780707359313965,0.5738399028778076,0.40143993496894836,-0.9364380836486816,0.9712160229682922,0.38682615756988525,0.40302354097366333,-0.8742266893386841,0.9734761118888855,0.5715407133102417,0.4049234092235565,-0.8808549046516418,0.9347148537635803,0.38968580961227417,0.40752995014190674,-0.8187740445137024,0.9459719061851501,0.5306199789047241,0.59760981798172,-0.006142739672213793,0.9994648098945618,0.4507151246070862,0.6022639870643616,0.006272066384553909,0.9996636509895325,0.6108964681625366,0.6020454168319702,-0.5719053149223328,0.9968820810317993,0.3543393015861511,0.6124645471572876,-0.517365574836731,0.9965844750404358,0.5819790959358215,0.819976270198822,-0.19221360981464386,0.9922926425933838,0.38273364305496216,0.82671058177948,-0.14945073425769806,0.9975206851959229,0.566028892993927,0.8525819778442383,-0.16561231017112732,0.9721395969390869,0.40473946928977966,0.8599998354911804,-0.12377141416072845,0.9892488121986389,0.6048935055732727,0.9135857224464417,-0.35478392243385315,0.9818077683448792,0.3541410267353058,0.9108709692955017,-0.3060012757778168,0.9913290739059448
down,0.48330551385879517,0.22444407641887665,-0.5784791707992554,0.9999836087226868,0.4915038049221039,0.20098574459552765,-0.5490254759788513,0.9999590516090393,0.496236652135849,0.20030248165130615,-0.5490596890449524,0.9999716281890869,0.5005232691764832,0.20006456971168518,-0.5492083430290222,0.9999306201934814,0.47410935163497925,0.2034299075603485,-0.5496631860733032,0.9999398589134216,0.4681987166404724,0.20396533608436584,-0.5497563481330872,0.9999607801437378,0.463111937046051,0.20445391535758972,-0.5497454404830933,0.9999211430549622,0.5080183744430542,0.20750145614147186,-0.37115779519081116,0.9999600052833557,0.45672407746315,0.2129243165254593,-0.37294891476631165,0.9999685287475586,0.49303776025772095,0.24838833510875702,-0.5127509832382202,0.9999924302101135,0.4720086455345154,0.25105252861976624,-0.5135166645050049,0.9999915361404419,0.55318683385849,0.3446694612503052,-0.25856927037239075,0.9998432397842407,0.42101430892944336,0.33891651034355164,-0.24637246131896973,0.9997622966766357,0.5713225603103638,0.5352045893669128,-0.49586230516433716,0.9767664670944214,0.4084102511405945,0.5523041486740112,-0.4451034665107727,0.9781336784362793,0.5758772492408752,0.4326785206794739,-0.8650504946708679,0.9855926632881165,0.38811132311820984,0.4506644010543823,-0.7996314167976379,0.9861299395561218,0.5761266946792603,0.4178999066352844,-0.9373170733451843,0.9762248992919922,0.38515496253967285,0.4327073097229004,-0.8647218942642212,0.9790855646133423,0.5732439160346985,0.40119224786758423,-0.9234222173690796,0.9723291397094727,0.38681164383888245,0.4031662046909332,-0.861770510673523,0.9746142625808716,0.5709208846092224,0.4045756757259369,-0.8676878213882446,0.9368227124214172,0.3895924687385559,0.4075782001018524,-0.8059175610542297,0.9479166269302368,0.5305714011192322,0.5976071953773499,-0.006187352817505598,0.9994620680809021,0.4507056176662445,0.6023041605949402,0.006314429454505444,0.9996652603149414,0.6108660101890564,0.6020419597625732,-0.5667843818664551,0.9970113039016724,0.3542768657207489,0.6124487519264221,-0.5149553418159485,0.9966753721237183,0.5820407271385193,0.8192513585090637,-0.18899959325790405,0.9924678206443787,0.3826131224632263,0.826594352722168,-0.1494443714618683,0.9976045489311218,0.5661911964416504,0.8513398170471191,-0.16270262002944946,0.9717636108398438,0.4046778082847595,0.8599777221679688,-0.12394993007183075,0.9893794655799866,0.6048281788825989,0.9137110114097595,-0.3492467403411865,0.982162356376648,0.3541576862335205,0.9110801815986633,-0.3047339618206024,0.9915819764137268
down,0.48312291502952576,0.22441598773002625,-0.5584916472434998,0.9999831318855286,0.49126094579696655,0.20093072950839996,-0.5297425985336304,0.9999578595161438,0.4959394037723541,0.20025569200515747,-0.5297831296920776,0.999970555305481,0.5002782344818115,0.20002128183841705,-0.5299354791641235,0.9999290704727173,0.4739638864994049,0.20337863266468048,-0.5299984216690063,0.9999390244483948,0.46804219484329224,0.20393036305904388,-0.5300868153572083,0.9999600648880005,0.46299824118614197,0.2044343501329422,-0.5300810933113098,0.9999207854270935,0.5077616572380066,0.2075093388557434,-0.35527029633522034,0.9999584555625916,0.4567180275917053,0.2129395306110382,-0.3549026846885681,0.9999675750732422,0.49293017387390137,0.2483258843421936,-0.4938226342201233,0.9999921321868896,0.4719218313694,0.2510102689266205,-0.4939616322517395,0.9999912977218628,0.5531466007232666,0.3447059988975525,-0.24415573477745056,0.999833881855011,0.42101460695266724,0.3387208580970764,-0.2322445809841156,0.9997614622116089,0.5713430047035217,0.5328657031059265,-0.4763837456703186,0.9764136075973511,0.40842705965042114,0.5541533827781677,-0.42485904693603516,0.9785560369491577,0.576011061668396,0.4328157603740692,-0.8437418937683105,0.9847323298454285,0.387924462556839,0.45067548751831055,-0.7740751504898071,0.9864691495895386,0.5762578248977661,0.41992491483688354,-0.915023922920227,0.9748312830924988,0.3851725459098816,0.43322211503982544,-0.838015079498291,0.9794603586196899,0.5732225179672241,0.401278018951416,-0.9026098251342773,0.9707141518592834,0.38674697279930115,0.40320053696632385,-0.8360538482666016,0.975094735622406,0.5710118412971497,0.4046884775161743,-0.847039520740509,0.9337950944900513,0.38935452699661255,0.40758687257766724,-0.7806907296180725,0.9489163160324097,0.5305334329605103,0.5976380109786987,-0.006235218606889248,0.9994426965713501,0.45070749521255493,0.6022992134094238,0.006361749954521656,0.9996554255485535,0.610840916633606,0.6020254492759705,-0.5604870319366455,0.9970409274101257,0.35418641567230225,0.6124727129936218,-0.5055086016654968,0.9967134594917297,0.5820508599281311,0.819118082523346,-0.19103361666202545,0.9924924373626709,0.3825821280479431,0.8264907002449036,-0.1485450565814972,0.997614860534668,0.566261887550354,0.8512563705444336,-0.1654578298330307,0.9714778065681458,0.4046887457370758,0.8599317669868469,-0.12371722608804703,0.9893451929092407,0.6048198342323303,0.9137675762176514,-0.3498740792274475,0.9821882843971252,0.354180246591568,0.9113077521324158,-0.30154985189437866,0.9915642142295837
down,0.4829680025577545,0.22439752519130707,-0.5508326292037964,0.9999821782112122,0.4911055564880371,0.20072634518146515,-0.5220643877983093,0.9999558925628662,0.49574393033981323,0.2000291794538498,-0.522107720375061,0.9999691247940063,0.5001078844070435,0.19977469742298126,-0.522259533405304,0.9999264478683472,0.4738091826438904,0.20333154499530792,-0.5221261978149414,0.9999363422393799,0.4678820073604584,0.2039211243391037,-0.5222136974334717,0.9999579787254333,0.4628550112247467,0.204440176486969,-0.5222088694572449,0.9999174475669861,0.5075097680091858,0.20731313526630402,-0.3481118381023407,0.9999564290046692,0.45664864778518677,0.2129869908094406,-0.3470515310764313,0.9999653100967407,0.49286556243896484,0.24821019172668457,-0.4864684045314789,0.9999916553497314,0.4717959463596344,0.25100284814834595,-0.4863976538181305,0.9999906420707703,0.5534029006958008,0.34578531980514526,-0.23782236874103546,0.9998235702514648,0.4209195077419281,0.3389718234539032,-0.22532835602760315,0.9997575283050537,0.5713566541671753,0.5381615161895752,-0.47034209966659546,0.9751331806182861,0.40845078229904175,0.5548715591430664,-0.4189456105232239,0.9782992005348206,0.5760160684585571,0.4345218241214752,-0.837535560131073,0.9838703870773315,0.3878677785396576,0.4507593810558319,-0.7684623003005981,0.9865676760673523,0.5762635469436646,0.42109930515289307,-0.9083638191223145,0.9736241698265076,0.38517841696739197,0.4336259067058563,-0.831931471824646,0.979594349861145,0.5733292102813721,0.40144217014312744,-0.895882785320282,0.9694095849990845,0.3866424858570099,0.4032626152038574,-0.8300274014472961,0.9753326177597046,0.571279764175415,0.404906302690506,-0.8407385945320129,0.9315013289451599,0.3891385495662689,0.4076181948184967,-0.7751060724258423,0.9496039748191833,0.5305231809616089,0.5979458689689636,-0.006261443253606558,0.9994397759437561,0.45074695348739624,0.6023892760276794,0.006388910114765167,0.9996514320373535,0.6107100248336792,0.6020478010177612,-0.5690645575523376,0.9969955086708069,0.354131817817688,0.6125304698944092,-0.5048342943191528,0.9966811537742615,0.5819505453109741,0.8193395733833313,-0.2100105732679367,0.9924254417419434,0.38254621624946594,0.8264535069465637,-0.1536126732826233,0.9975631833076477,0.5662654638290405,0.8518573045730591,-0.18507298827171326,0.9715025424957275,0.4046778082847595,0.8598887324333191,-0.12929019331932068,0.9891543388366699,0.6047259569168091,0.913731575012207,-0.3709159195423126,0.9821599125862122,0.35417431592941284,0.9113714694976807,-0.30668699741363525,0.9913784861564636
down,0.48289355635643005,0.22371654212474823,-0.5125304460525513,0.9999805092811584,0.49103623628616333,0.19978657364845276,-0.48277488350868225,0.9999538064002991,0.4956590533256531,0.19912372529506683,-0.4828290343284607,0.9999673366546631,0.5000470280647278,0.1988895833492279,-0.4829830229282379,0.99992436170578,0.47374701499938965,0.2026122659444809,-0.4838230013847351,0.9999324083328247,0.4678261876106262,0.2033856213092804,-0.48390141129493713,0.9999547004699707,0.4628077447414398,0.20404820144176483,-0.4838941991329193,0.9999123215675354,0.5073077082633972,0.20671677589416504,-0.30935725569725037,0.9999549388885498,0.4566459655761719,0.21279756724834442,-0.31257033348083496,0.9999622702598572,0.49282756447792053,0.24746699631214142,-0.4487827718257904,0.9999911785125732,0.471759557723999,0.25042247772216797,-0.44992679357528687,0.999989926815033,0.5534600019454956,0.34630370140075684,-0.20640213787555695,0.9998128414154053,0.42060908675193787,0.3406149446964264,-0.19937118887901306,0.9997382760047913,0.5713643431663513,0.5370813012123108,-0.441734254360199,0.9726625680923462,0.40844979882240295,0.5554851293563843,-0.39272406697273254,0.9761822819709778,0.5758270621299744,0.4356907308101654,-0.811998188495636,0.9823509454727173,0.3879227340221405,0.4512248933315277,-0.737960934638977,0.9851487278938293,0.5760244727134705,0.4217241108417511,-0.8831702470779419,0.9715268611907959,0.38519150018692017,0.43362778425216675,-0.8008255958557129,0.9777452945709229,0.5731936097145081,0.40189510583877563,-0.8707379102706909,0.9671822190284729,0.38658949732780457,0.403687059879303,-0.7998136281967163,0.9732556939125061,0.5710493922233582,0.405365914106369,-0.8155125379562378,0.9273670315742493,0.38908058404922485,0.4078924357891083,-0.7450345158576965,0.9460523724555969,0.5305150151252747,0.598291277885437,-0.005650967825204134,0.9994410276412964,0.4506714344024658,0.6032692193984985,0.005799674894660711,0.9996498823165894,0.6105808615684509,0.6019954681396484,-0.5610857605934143,0.9969240427017212,0.35405805706977844,0.6127967834472656,-0.5075565576553345,0.9966161251068115,0.581724226474762,0.8197130560874939,-0.20845170319080353,0.992262601852417,0.38279515504837036,0.8268197178840637,-0.1641354262828827,0.9974799752235413,0.566176176071167,0.8523502945899963,-0.18383517861366272,0.9713274836540222,0.40469890832901,0.8599033951759338,-0.14029642939567566,0.9887595176696777,0.604671061038971,0.913580596446991,-0.36799219250679016,0.9820337891578674,0.3548533022403717,0.9120816588401794,-0.31795433163642883,0.9911656379699707
down,0.4826521873474121,0.2226700484752655,-0.5390327572822571,0.9999786615371704,0.490945041179657,0.19863104820251465,-0.5089000463485718,0.999951183795929,0.495608389377594,0.19809940457344055,-0.5089579820632935,0.9999654293060303,0.5000103712081909,0.19796016812324524,-0.5091103315353394,0.9999207854270935,0.4736170768737793,0.20129252970218658,-0.5101083517074585,0.9999279379844666,0.4677203297615051,0.20209985971450806,-0.5101931691169739,0.9999516010284424,0.4627245366573334,0.2029026299715042,-0.5101876854896545,0.999907374382019,0.5072506666183472,0.20608966052532196,-0.330501914024353,0.9999523162841797,0.4566449522972107,0.21181418001651764,-0.33459633588790894,0.9999596476554871,0.4927274286746979,0.24636349081993103,-0.4733731746673584,0.9999906420707703,0.4716613292694092,0.24920575320720673,-0.474752277135849,0.9999891519546509,0.5533307790756226,0.34625568985939026,-0.21984490752220154,0.9997946619987488,0.4200380742549896,0.3416863679885864,-0.21492929756641388,0.9997155070304871,0.5705526471138,0.5351433753967285,-0.45817774534225464,0.9684611558914185,0.4080614447593689,0.5558540225028992,-0.40678611397743225,0.9735639691352844,0.5752162933349609,0.4361473619937897,-0.836766242980957,0.979827880859375,0.3879103362560272,0.45159366726875305,-0.7536603808403015,0.9838463068008423,0.5754002332687378,0.42126595973968506,-0.9086764454841614,0.9683498740196228,0.3850347399711609,0.4332762360572815,-0.8169393539428711,0.9762808680534363,0.5727683305740356,0.4020199179649353,-0.8971255421638489,0.9637582898139954,0.38606128096580505,0.40374472737312317,-0.8153488039970398,0.97159343957901,0.5701233148574829,0.4057433307170868,-0.8408046960830688,0.9208852052688599,0.3888067901134491,0.4079269766807556,-0.7602496147155762,0.9430117011070251,0.5302478671073914,0.5983502864837646,-0.005040884017944336,0.9994420409202576,0.45039692521095276,0.6037150025367737,0.005193233489990234,0.9996493458747864,0.6105918884277344,0.6020137667655945,-0.5622304677963257,0.9969075322151184,0.3538607358932495,0.6128517985343933,-0.5177536010742188,0.9966373443603516,0.5815635919570923,0.8202336430549622,-0.2076059877872467,0.9923202395439148,0.3833981454372406,0.8272301554679871,-0.1679663360118866,0.9975152015686035,0.5660390853881836,0.8530420660972595,-0.1829538643360138,0.9716572165489197,0.40484437346458435,0.8600357174873352,-0.14383170008659363,0.9886717200279236,0.6046563386917114,0.9136924147605896,-0.36756598949432373,0.982337474822998,0.35574910044670105,0.9128345847129822,-0.3249127268791199,0.9913358688354492
down,0.4825576841831207,0.2222396433353424,-0.5789374113082886,0.9999797940254211,0.49091440439224243,0.19813352823257446,-0.5484309196472168,0.9999538064002991,0.495581716299057,0.19766968488693237,-0.5484819412231445,0.9999677538871765,0.4999879002571106,0.19757305085659027,-0.5486340522766113,0.9999245405197144,0.47357282042503357,0.20062728226184845,-0.5492767095565796,0.9999303817749023,0.46767863631248474,0.20137570798397064,-0.5493651628494263,0.9999539852142334,0.4626629948616028,0.20220263302326202,-0.5493510961532593,0.999910831451416,0.5072234869003296,0.20587719976902008,-0.3663251996040344,0.9999550580978394,0.4566580355167389,0.2112094610929489,-0.36931657791137695,0.9999619722366333,0.49261146783828735,0.24595536291599274,-0.5119563937187195,0.9999913573265076,0.4715443551540375,0.24884024262428284,-0.5130214691162109,0.9999898076057434,0.5526727437973022,0.3459732234477997,-0.2513141930103302,0.9998062252998352,0.41994380950927734,0.3415559232234955,-0.2441292256116867,0.9997103214263916,0.571073591709137,0.5465989708900452,-0.498242050409317,0.9704170823097229,0.4080169200897217,0.5557677745819092,-0.4478870928287506,0.9736101031303406,0.5753704905509949,0.43360310792922974,-0.8778964281082153,0.981124222278595,0.3877720236778259,0.45124173164367676,-0.8050929307937622,0.984579861164093,0.5753834247589111,0.4188280403614044,-0.9499049186706543,0.9697903990745544,0.3846699893474579,0.4325787425041199,-0.8698853254318237,0.9773489236831665,0.5723548531532288,0.4012676775455475,-0.9357656240463257,0.9653428792953491,0.38555437326431274,0.4031836986541748,-0.8651055097579956,0.9727468490600586,0.5696726441383362,0.40489688515663147,-0.8805643916130066,0.9238173365592957,0.38843876123428345,0.40749627351760864,-0.8105818033218384,0.9447258114814758,0.5298762917518616,0.5978038907051086,-0.0037285038270056248,0.9994632005691528,0.4499797224998474,0.6037268042564392,0.0038624387234449387,0.9996541738510132,0.6106011867523193,0.6021229028701782,-0.5681155920028687,0.9970101714134216,0.35376250743865967,0.6128593683242798,-0.5299951434135437,0.9967700839042664,0.5815778374671936,0.8203901648521423,-0.19510412216186523,0.9926671385765076,0.38374632596969604,0.8274751305580139,-0.16579018533229828,0.9976627230644226,0.566096305847168,0.8531744480133057,-0.16900844871997833,0.972759485244751,0.40505748987197876,0.8602083921432495,-0.14032073318958282,0.9888694286346436,0.6045399904251099,0.9138996601104736,-0.35871487855911255,0.9831936359405518,0.3564663827419281,0.9129765629768372,-0.32576748728752136,0.991836428642273
down,0.4825192987918854,0.22197963297367096,-0.6177124977111816,0.9999810457229614,0.49088937044143677,0.19788330793380737,-0.5870741009712219,0.999954879283905,0.49555841088294983,0.19745132327079773,-0.5871208310127258,0.999969482421875,0.499967098236084,0.1973746120929718,-0.587277352809906,0.9999244213104248,0.4735434055328369,0.20033599436283112,-0.5877708196640015,0.9999310970306396,0.46765366196632385,0.20106038451194763,-0.5878681540489197,0.9999560713768005,0.46262821555137634,0.20189827680587769,-0.5878509283065796,0.9999117255210876,0.50718754529953,0.20576857030391693,-0.4021250307559967,0.9999561905860901,0.4566841125488281,0.21091952919960022,-0.40489649772644043,0.999963641166687,0.4925707280635834,0.2458072304725647,-0.5496068596839905,0.9999919533729553,0.4714818000793457,0.24866542220115662,-0.5505925416946411,0.9999904036521912,0.5517128109931946,0.3452029228210449,-0.2830536961555481,0.9998242259025574,0.4196699559688568,0.34202852845191956,-0.2734619975090027,0.9997180104255676,0.5713081359863281,0.5534430742263794,-0.5312781929969788,0.9748773574829102,0.40765509009361267,0.5558202862739563,-0.4800488352775574,0.9755438566207886,0.5763345956802368,0.43267691135406494,-0.9104211926460266,0.9843116402626038,0.3874377906322479,0.45066511631011963,-0.8417059183120728,0.9863548278808594,0.5759198069572449,0.4181126058101654,-0.9831745028495789,0.973921000957489,0.3842957317829132,0.42922964692115784,-0.9076113700866699,0.9796594381332397,0.5727977156639099,0.4005012512207031,-0.9678807258605957,0.9698500037193298,0.3854331374168396,0.4026698172092438,-0.9014716148376465,0.9752406477928162,0.5706310272216797,0.4039430320262909,-0.9126127362251282,0.9320390224456787,0.3881693184375763,0.4069496691226959,-0.8467679023742676,0.9485951066017151,0.5295567512512207,0.5969675183296204,-0.0034881290048360825,0.9994743466377258,0.44976526498794556,0.6031191349029541,0.0036061753053218126,0.9996595978736877,0.6106191873550415,0.6022568345069885,-0.5750237703323364,0.9970682263374329,0.35371625423431396,0.6127976179122925,-0.5419570207595825,0.9968245625495911,0.5818362236022949,0.8203997015953064,-0.18049177527427673,0.992965042591095,0.384101927280426,0.8274692893028259,-0.1566455066204071,0.997821569442749,0.5664874315261841,0.8531785607337952,-0.15290318429470062,0.9736505746841431,0.4051259160041809,0.8602050542831421,-0.12936604022979736,0.9892178177833557,0.6042979955673218,0.9139681458473206,-0.34453076124191284,0.983821451663971,0.35683518648147583,0.9130173325538635,-0.3190872371196747,0.9923348426818848
down,0.4824604094028473,0.2217487096786499,-0.6243101358413696,0.9999819993972778,0.49086371064186096,0.19754661619663239,-0.5940089821815491,0.9999556541442871,0.49554014205932617,0.19710475206375122,-0.594052255153656,0.9999704957008362,0.4999445080757141,0.1970202922821045,-0.5942093133926392,0.99992436170578,0.4735011160373688,0.20007885992527008,-0.5946044325828552,0.9999322891235352,0.46762019395828247,0.20080986618995667,-0.5947043299674988,0.999957799911499,0.4625933766365051,0.20166391134262085,-0.5946910977363586,0.9999130368232727,0.5071064233779907,0.2052808552980423,-0.4101390242576599,0.9999569058418274,0.4566879868507385,0.21066945791244507,-0.4123624861240387,0.9999648332595825,0.4925055503845215,0.24548928439617157,-0.5564975142478943,0.9999923706054688,0.4714309275150299,0.24844810366630554,-0.5573185682296753,0.9999908208847046,0.5516629815101624,0.3450005352497101,-0.2915775179862976,0.9998345971107483,0.4196038246154785,0.3419196307659149,-0.28096136450767517,0.9997254014015198,0.5712971091270447,0.5538769364356995,-0.5393058657646179,0.9779065251350403,0.4076298773288727,0.556067705154419,-0.4882451891899109,0.9769154787063599,0.5768676400184631,0.4329931139945984,-0.9153038263320923,0.986421525478363,0.3875247836112976,0.4505108594894409,-0.8494653701782227,0.9872432351112366,0.5762595534324646,0.4179977476596832,-0.9876996874809265,0.9766979813575745,0.3843458592891693,0.42909368872642517,-0.9152251482009888,0.9806964993476868,0.5733544230461121,0.4000013470649719,-0.9717618227005005,0.972834587097168,0.3855110704898834,0.40266236662864685,-0.90875244140625,0.9762468934059143,0.5715900659561157,0.4035128355026245,-0.9171749353408813,0.9373354911804199,0.3882060945034027,0.4069228172302246,-0.8544278144836426,0.9498375654220581,0.5295116901397705,0.5966579914093018,-0.0035673771053552628,0.9994671940803528,0.4497573971748352,0.6027916669845581,0.003680664347484708,0.9996596574783325,0.6106767654418945,0.6025272607803345,-0.569953978061676,0.9970690011978149,0.35367995500564575,0.6128015518188477,-0.5380364656448364,0.9968051314353943,0.5819787383079529,0.820353090763092,-0.16846899688243866,0.9929970502853394,0.3842232823371887,0.8274686932563782,-0.14497098326683044,0.9978845119476318,0.5666064023971558,0.8531493544578552,-0.14030911028385162,0.9736506938934326,0.40516725182533264,0.860200047492981,-0.11732971668243408,0.9894036650657654,0.6042343378067017,0.9139532446861267,-0.3299987316131592,0.9837799072265625,0.3567213714122772,0.9130795001983643,-0.3049597144126892,0.9925246834754944
down,0.4823567271232605,0.22167141735553741,-0.5665735602378845,0.9999807476997375,0.4908207058906555,0.19744262099266052,-0.5369994044303894,0.9999518990516663,0.49549970030784607,0.19700932502746582,-0.5370439291000366,0.9999678730964661,0.49989980459213257,0.19692671298980713,-0.5371917486190796,0.9999178647994995,0.47345584630966187,0.19994308054447174,-0.537510097026825,0.9999282360076904,0.4675760865211487,0.20066657662391663,-0.5376020669937134,0.9999553561210632,0.4625372886657715,0.20150920748710632,-0.5375961661338806,0.9999088048934937,0.5070213079452515,0.20512837171554565,-0.3606577515602112,0.9999526739120483,0.4566890597343445,0.21038462221622467,-0.36152753233909607,0.9999627470970154,0.49236947298049927,0.2453954964876175,-0.5016263723373413,0.9999916553497314,0.47134286165237427,0.24830783903598785,-0.5020782947540283,0.9999902844429016,0.5512272119522095,0.3430006206035614,-0.2495000660419464,0.9998247027397156,0.4195489287376404,0.3416826128959656,-0.24114806950092316,0.9997209906578064,0.5712279081344604,0.5344973206520081,-0.4869614541530609,0.9780689477920532,0.4075593948364258,0.5561726093292236,-0.43966418504714966,0.9778033494949341,0.576742947101593,0.43340662121772766,-0.8567557334899902,0.9863764047622681,0.38737356662750244,0.4496452212333679,-0.7901307344436646,0.9878999590873718,0.5761623978614807,0.4188898801803589,-0.9276021718978882,0.976527214050293,0.384297251701355,0.42918097972869873,-0.8543704152107239,0.9815204739570618,0.5732488632202148,0.400532066822052,-0.9141857028007507,0.9725715517997742,0.3855319619178772,0.4026224911212921,-0.8500641584396362,0.9772414565086365,0.5711542963981628,0.4040546119213104,-0.8595800399780273,0.9369214177131653,0.38820111751556396,0.406707763671875,-0.7957271337509155,0.9518086314201355,0.5294660329818726,0.5963424444198608,-0.0036289221607148647,0.9994304776191711,0.44970354437828064,0.6025769114494324,0.0037404268514364958,0.9996393918991089,0.6109420657157898,0.6027881503105164,-0.5581113696098328,0.9970311522483826,0.3536534905433655,0.6128371953964233,-0.5182867646217346,0.9967514872550964,0.5820344090461731,0.8203786015510559,-0.1749037355184555,0.9927797317504883,0.3843052089214325,0.8273754715919495,-0.14786289632320404,0.9978296756744385,0.5666130781173706,0.8533646464347839,-0.1478308141231537,0.9726737141609192,0.40518999099731445,0.8601764440536499,-0.12185229361057281,0.9892345666885376,0.6042203307151794,0.9139387607574463,-0.334718257188797,0.9831582307815552,0.3564971089363098,0.9131303429603577,-0.3062572181224823,0.9923341870307922
down,0.4823184907436371,0.22152745723724365,-0.5950573682785034,0.9999765753746033,0.4907991886138916,0.19729217886924744,-0.5657519102096558,0.9999407529830933,0.49548354744911194,0.1968824565410614,-0.5657957196235657,0.9999603629112244,0.49988579750061035,0.19681207835674286,-0.5659481287002563,0.9998989701271057,0.473416805267334,0.19970321655273438,-0.5660320520401001,0.9999136924743652,0.4675396978855133,0.20041020214557648,-0.5661361217498779,0.9999465942382812,0.4624934196472168,0.20126056671142578,-0.5661386847496033,0.9998924136161804,0.506997287273407,0.2050294429063797,-0.38713157176971436,0.9999406933784485,0.45668140053749084,0.21015547215938568,-0.3874114751815796,0.9999555945396423,0.4923381209373474,0.24530984461307526,-0.529107391834259,0.9999895095825195,0.4713065028190613,0.24817371368408203,-0.5293315649032593,0.9999881386756897,0.551735520362854,0.3429592251777649,-0.2707147002220154,0.9997880458831787,0.4195640981197357,0.34163591265678406,-0.25958648324012756,0.9996973872184753,0.5706464648246765,0.534330427646637,-0.5109690427780151,0.9745360612869263,0.4069976210594177,0.556425929069519,-0.4642672538757324,0.9779005646705627,0.5761510729789734,0.4344738721847534,-0.8841306567192078,0.9840152263641357,0.38711923360824585,0.44931334257125854,-0.8207727670669556,0.9878120422363281,0.5761879682540894,0.4217454791069031,-0.9550860524177551,0.9732867479324341,0.3841964900493622,0.4292747974395752,-0.8850672841072083,0.9812607765197754,0.5739225745201111,0.40274301171302795,-0.9423357248306274,0.9688836932182312,0.3854890465736389,0.40257641673088074,-0.8796130418777466,0.9769577383995056,0.5716155767440796,0.4059571921825409,-0.8874425888061523,0.9295207858085632,0.38812994956970215,0.40656784176826477,-0.8260291814804077,0.9514424204826355,0.5296400785446167,0.59564208984375,-0.0038655914831906557,0.9993700385093689,0.44970354437828064,0.6018831729888916,0.003979572094976902,0.9996057152748108,0.6110122203826904,0.6030206680297852,-0.5612536668777466,0.9968937635421753,0.35363510251045227,0.612835168838501,-0.5204076170921326,0.996608316898346,0.5820508599281311,0.8206892013549805,-0.1807975023984909,0.9924039840698242,0.3843645453453064,0.8271042108535767,-0.150416299700737,0.9976713061332703,0.5665651559829712,0.8543180823326111,-0.1543971449136734,0.9710046052932739,0.40518346428871155,0.8600462079048157,-0.12483464181423187,0.9887505173683167,0.6042243838310242,0.9139392375946045,-0.3405967354774475,0.9820486903190613,0.35644349455833435,0.9131121039390564,-0.3071936070919037,0.9917905330657959
down,0.48249292373657227,0.22148989140987396,-0.602200984954834,0.999975860118866,0.49080604314804077,0.19731974601745605,-0.572487473487854,0.9999379515647888,0.49547648429870605,0.19691047072410583,-0.5725312829017639,0.9999588131904602,0.4998754560947418,0.19684484601020813,-0.5726843476295471,0.999893069267273,0.4734841287136078,0.19968053698539734,-0.5729695558547974,0.9999100565910339,0.4676234722137451,0.20036928355693817,-0.5730703473091125,0.9999449849128723,0.46254438161849976,0.20121294260025024,-0.5730652213096619,0.9998886585235596,0.5069841146469116,0.20513305068016052,-0.392795205116272,0.9999372363090515,0.4566873013973236,0.2101106494665146,-0.3943229019641876,0.9999544024467468,0.49235039949417114,0.245311439037323,-0.5359625220298767,0.9999889731407166,0.47147542238235474,0.24812297523021698,-0.5364599823951721,0.9999876618385315,0.5518561601638794,0.3427487909793854,-0.2770719826221466,0.9997832775115967,0.4194979667663574,0.34189558029174805,-0.2659425139427185,0.9996955394744873,0.5707887411117554,0.5363214015960693,-0.5201866030693054,0.9741191864013672,0.4067141115665436,0.5566311478614807,-0.4719350337982178,0.9781692028045654,0.5762258172035217,0.43515264987945557,-0.8928623199462891,0.9838525056838989,0.3868202269077301,0.44929376244544983,-0.8268203735351562,0.9879462122917175,0.5766443610191345,0.42235803604125977,-0.963851273059845,0.9730615615844727,0.3840375244617462,0.4294984042644501,-0.8912410736083984,0.9814592003822327,0.5745347738265991,0.40291905403137207,-0.9498001337051392,0.9685978889465332,0.385378897190094,0.40263885259628296,-0.8880631327629089,0.9771771430969238,0.5722731351852417,0.40606415271759033,-0.8953841924667358,0.928570568561554,0.38795945048332214,0.40656110644340515,-0.8325724601745605,0.9518023133277893,0.5298355221748352,0.5953189134597778,-0.004038163460791111,0.9993376731872559,0.4498317837715149,0.6016827821731567,0.004155992530286312,0.9995909333229065,0.6110345721244812,0.6030791997909546,-0.5683571100234985,0.9967864751815796,0.3536391258239746,0.6128389239311218,-0.5300787687301636,0.99648517370224,0.5820626020431519,0.8207817077636719,-0.18378527462482452,0.9921715259552002,0.3844004273414612,0.8269677758216858,-0.15378345549106598,0.9975795149803162,0.5665364861488342,0.8548886775970459,-0.15727125108242035,0.9704380631446838,0.40518683195114136,0.8600072264671326,-0.12774664163589478,0.9886079430580139,0.6042818427085876,0.9139322638511658,-0.34447723627090454,0.9814068675041199,0.35640090703964233,0.9130858778953552,-0.31153059005737305,0.9914522767066956
down,0.48342186212539673,0.2215193212032318,-0.6025885343551636,0.9999759197235107,0.4911695420742035,0.19747592508792877,-0.5725156664848328,0.9999374747276306,0.4957922399044037,0.197042316198349,-0.5725594758987427,0.9999584555625916,0.500109851360321,0.1969575732946396,-0.5727145075798035,0.9998906254768372,0.4739677906036377,0.19984647631645203,-0.5737271308898926,0.9999104738235474,0.4680543541908264,0.20051133632659912,-0.5738293528556824,0.9999456405639648,0.4628601670265198,0.201344832777977,-0.573820948600769,0.999889075756073,0.5071306824684143,0.20528386533260345,-0.3913910984992981,0.9999359250068665,0.45673123002052307,0.21029895544052124,-0.39625900983810425,0.9999555349349976,0.4927833676338196,0.24544551968574524,-0.5358332395553589,0.9999889731407166,0.4720854163169861,0.24819259345531464,-0.5374001264572144,0.9999878406524658,0.5519052743911743,0.3424757122993469,-0.2757895290851593,0.9997841119766235,0.419421911239624,0.3428304195404053,-0.26788726449012756,0.9996999502182007,0.5713125467300415,0.5357787013053894,-0.5186654329299927,0.9747443199157715,0.40646815299987793,0.5573816895484924,-0.4709630012512207,0.978381335735321,0.576424241065979,0.4348546862602234,-0.8941396474838257,0.984225332736969,0.3867988586425781,0.45008033514022827,-0.8255040049552917,0.9879137277603149,0.5767492055892944,0.4224439859390259,-0.9662973284721375,0.9736032485961914,0.38422924280166626,0.4317084848880768,-0.8900316953659058,0.9814801812171936,0.5744953155517578,0.4028332233428955,-0.9521670341491699,0.9691653847694397,0.38541170954704285,0.4031084179878235,-0.8848207592964172,0.9771854281425476,0.5722658038139343,0.40602633357048035,-0.8968740701675415,0.9294675588607788,0.38795870542526245,0.407084196805954,-0.8306471705436707,0.9516873359680176,0.5300009250640869,0.5955210328102112,-0.004049711395055056,0.9993130564689636,0.4498814046382904,0.6021203994750977,0.004169205203652382,0.999582827091217,0.6110750436782837,0.6031164526939392,-0.5691522359848022,0.9966304898262024,0.3536134362220764,0.6128952503204346,-0.5328961610794067,0.9963337182998657,0.5820673108100891,0.8211581110954285,-0.18469831347465515,0.9917563199996948,0.3844431936740875,0.8270735144615173,-0.15555448830127716,0.9974796175956726,0.5664836764335632,0.8554575443267822,-0.1581902652978897,0.9699719548225403,0.4051855504512787,0.8600714802742004,-0.12944374978542328,0.9884825348854065,0.6043528914451599,0.9139472246170044,-0.3449867069721222,0.9804130792617798,0.35619688034057617,0.9129028916358948,-0.3129800260066986,0.9910678863525391
down,0.48374852538108826,0.22185511887073517,-0.5950657725334167,0.9999774098396301,0.4913786053657532,0.19795045256614685,-0.5650055408477783,0.9999411702156067,0.4959852695465088,0.19744713604450226,-0.5650496482849121,0.9999607801437378,0.5002496838569641,0.19730156660079956,-0.5652041435241699,0.9998962879180908,0.47423887252807617,0.2003314346075058,-0.5663379430770874,0.9999162554740906,0.4683184027671814,0.20091338455677032,-0.5664395689964294,0.9999493360519409,0.46308985352516174,0.2016475945711136,-0.5664266347885132,0.9998960494995117,0.5073336362838745,0.20547641813755035,-0.38464438915252686,0.9999390244483948,0.4568037986755371,0.21046900749206543,-0.39052075147628784,0.9999587535858154,0.49300694465637207,0.24571868777275085,-0.5286876559257507,0.9999895095825195,0.4722197651863098,0.24852651357650757,-0.5305114388465881,0.9999886155128479,0.5521574020385742,0.34296897053718567,-0.270224004983902,0.9997947812080383,0.4196068346500397,0.3426394462585449,-0.26296162605285645,0.9997126460075378,0.5715333223342896,0.5368010997772217,-0.5088289976119995,0.9764922261238098,0.40649256110191345,0.5576732158660889,-0.46222248673439026,0.9788573384284973,0.5769387483596802,0.434890478849411,-0.8829757571220398,0.9854570031166077,0.3866657316684723,0.4506683647632599,-0.8162699937820435,0.9882217645645142,0.5769753456115723,0.4225524961948395,-0.9556770324707031,0.9753313660621643,0.38426217436790466,0.43306830525398254,-0.880846381187439,0.9819331765174866,0.5744165182113647,0.4032796323299408,-0.9420956373214722,0.9711591601371765,0.3854227364063263,0.4038454294204712,-0.8763066530227661,0.9777651429176331,0.5722188353538513,0.40647897124290466,-0.8859013319015503,0.9335105419158936,0.38794830441474915,0.40783798694610596,-0.8216849565505981,0.9528608918190002,0.5299987196922302,0.5955225825309753,-0.00400283420458436,0.9993075728416443,0.4499271512031555,0.6021578311920166,0.004125618375837803,0.9995835423469543,0.6111056804656982,0.6032518148422241,-0.5690661072731018,0.996458113193512,0.35363221168518066,0.6128871440887451,-0.5333085656166077,0.9961827993392944,0.5820537209510803,0.8218998312950134,-0.19048088788986206,0.9912768602371216,0.38446006178855896,0.8271156549453735,-0.1606580764055252,0.9973357319831848,0.5663936138153076,0.8562780022621155,-0.16458076238632202,0.9696214199066162,0.4051845669746399,0.8601102232933044,-0.13497786223888397,0.9882182478904724,0.6045502424240112,0.9138419032096863,-0.35022085905075073,0.979358971118927,0.3558275103569031,0.912535548210144,-0.31737786531448364,0.9905479550361633
down,0.48384636640548706,0.2220669686794281,-0.5747434496879578,0.9999780654907227,0.49146825075149536,0.19823138415813446,-0.5446862578392029,0.9999438524246216,0.4960731565952301,0.19769302010536194,-0.5447348356246948,0.999962329864502,0.5003365874290466,0.19752316176891327,-0.5448899269104004,0.999901533126831,0.4743337631225586,0.20063427090644836,-0.5460244417190552,0.9999197125434875,0.46840357780456543,0.20118482410907745,-0.5461217761039734,0.9999510049819946,0.4631696343421936,0.20186686515808105,-0.5461133718490601,0.9998998045921326,0.5075458288192749,0.20568427443504333,-0.36593812704086304,0.999941885471344,0.45684051513671875,0.21066388487815857,-0.3713642358779907,0.9999600052833557,0.49310097098350525,0.24591293931007385,-0.5089806318283081,0.9999897480010986,0.47227731347084045,0.24879449605941772,-0.5107277631759644,0.9999887943267822,0.5527618527412415,0.3437361717224121,-0.2543115019798279,0.9998006820678711,0.41988644003868103,0.3425367772579193,-0.24688343703746796,0.9997125267982483,0.5714574456214905,0.5377411842346191,-0.4917990565299988,0.9769357442855835,0.4069882333278656,0.5577712655067444,-0.4450879991054535,0.9779582023620605,0.5770456194877625,0.4346068501472473,-0.8645893931388855,0.9859344959259033,0.386649489402771,0.4509865343570709,-0.7973830103874207,0.9876917600631714,0.577010989189148,0.4223540127277374,-0.9366751909255981,0.976040244102478,0.3842610716819763,0.4331141710281372,-0.8614330291748047,0.9812744855880737,0.574285626411438,0.40330594778060913,-0.923326313495636,0.9720226526260376,0.3854643702507019,0.4044228792190552,-0.8578594326972961,0.9770371317863464,0.5720527768135071,0.4064803719520569,-0.8676495552062988,0.9353747963905334,0.3880118727684021,0.4086376130580902,-0.8033194541931152,0.9516571760177612,0.529992938041687,0.5957401394844055,-0.0040127551183104515,0.9993212819099426,0.45000290870666504,0.6022021174430847,0.004138326272368431,0.9995911121368408,0.6111499071121216,0.6032825708389282,-0.5695833563804626,0.9963960647583008,0.35363122820854187,0.6127553582191467,-0.5313145518302917,0.9961012005805969,0.5820401906967163,0.8221257328987122,-0.19940708577632904,0.9910671710968018,0.3844354748725891,0.8271143436431885,-0.16731125116348267,0.9972561597824097,0.566351592540741,0.8565428256988525,-0.17414972186088562,0.9695019721984863,0.4051629900932312,0.8601326942443848,-0.14242224395275116,0.9880639910697937,0.6046872138977051,0.9137804508209229,-0.3598819971084595,0.979080319404602,0.35548779368400574,0.9123252034187317,-0.32454758882522583,0.990347683429718
down,0.4838959276676178,0.2221357524394989,-0.569584310054779,0.9999768733978271,0.4914918541908264,0.19831930100917816,-0.5396280884742737,0.9999414682388306,0.4960876405239105,0.19777557253837585,-0.5396768450737,0.9999601244926453,0.5003564953804016,0.19760023057460785,-0.5398328900337219,0.9998977780342102,0.4743765890598297,0.20073048770427704,-0.541013777256012,0.9999173879623413,0.46844416856765747,0.20127543807029724,-0.5411125421524048,0.9999489784240723,0.4632047116756439,0.2019423097372055,-0.5411062240600586,0.9998970627784729,0.5075629949569702,0.20572437345981598,-0.3612438440322876,0.9999386072158813,0.45685258507728577,0.2107260823249817,-0.36671820282936096,0.9999581575393677,0.4931246340274811,0.2459942102432251,-0.5038859844207764,0.9999889731407166,0.47235092520713806,0.24887646734714508,-0.5056567192077637,0.9999880194664001,0.5528263449668884,0.3430335819721222,-0.2496228665113449,0.9997853636741638,0.4199282228946686,0.3428109586238861,-0.24307027459144592,0.9997014999389648,0.5715243220329285,0.5352236032485962,-0.4857868552207947,0.9747394919395447,0.40717369318008423,0.5580490827560425,-0.4397517144680023,0.9761584997177124,0.5768809914588928,0.4343874752521515,-0.8585001826286316,0.9841710925102234,0.3867093324661255,0.4519435167312622,-0.7908957600593567,0.986207127571106,0.5768445730209351,0.421958327293396,-0.930472731590271,0.9736477732658386,0.38434886932373047,0.43401646614074707,-0.8549887537956238,0.9793564081192017,0.573906421661377,0.4031050503253937,-0.9173828363418579,0.969318151473999,0.3854944705963135,0.4048765301704407,-0.8515413999557495,0.974819004535675,0.5716719031333923,0.4063982367515564,-0.8616744875907898,0.9298802614212036,0.38809674978256226,0.40926769375801086,-0.7968508005142212,0.9475154280662537,0.5301528573036194,0.5958170890808105,-0.004083066713064909,0.9993078112602234,0.4503730833530426,0.602180540561676,0.0042131636291742325,0.9995839595794678,0.6112037897109985,0.6033235192298889,-0.5723974704742432,0.9962412714958191,0.3536522090435028,0.6127486824989319,-0.5316299796104431,0.9959653615951538,0.5820375680923462,0.8222164511680603,-0.20187632739543915,0.9906730055809021,0.384421169757843,0.827086329460144,-0.1688862144947052,0.9971551299095154,0.5663349032402039,0.8566328287124634,-0.17642821371555328,0.9688197374343872,0.4051526188850403,0.8601365685462952,-0.1439417600631714,0.9878394603729248,0.6048294305801392,0.913698136806488,-0.3620099127292633,0.9783526062965393,0.3551512360572815,0.91206294298172,-0.3258492350578308,0.989989161491394
down,0.4838522970676422,0.22216792404651642,-0.5862714052200317,0.999976634979248,0.49144625663757324,0.19836170971393585,-0.5563326478004456,0.999940812587738,0.49603062868118286,0.19781850278377533,-0.5563806295394897,0.9999595284461975,0.5003321766853333,0.19764123857021332,-0.5565367341041565,0.9998961091041565,0.47433337569236755,0.2007567584514618,-0.5574501752853394,0.9999171495437622,0.4684065282344818,0.20129774510860443,-0.5575543642044067,0.9999487996101379,0.4631752371788025,0.20196077227592468,-0.5575478672981262,0.9998970627784729,0.5075504779815674,0.205760657787323,-0.3765263557434082,0.9999371767044067,0.4568430483341217,0.2107509821653366,-0.38106852769851685,0.9999582171440125,0.49312034249305725,0.24603015184402466,-0.5200296640396118,0.9999886751174927,0.4723612368106842,0.24890975654125214,-0.5214959979057312,0.9999879002571106,0.552872896194458,0.3426809012889862,-0.2623770833015442,0.9997772574424744,0.4199178218841553,0.34313175082206726,-0.2548970580101013,0.9997023344039917,0.5713931322097778,0.5350093841552734,-0.5017829537391663,0.9738608598709106,0.40718406438827515,0.5582262873649597,-0.45557984709739685,0.9758753180503845,0.5767372250556946,0.4340483248233795,-0.8769285082817078,0.9835109710693359,0.38662177324295044,0.45204299688339233,-0.8103407621383667,0.9859073162078857,0.5767828822135925,0.42172300815582275,-0.9495479464530945,0.9727203845977783,0.38425004482269287,0.4333574175834656,-0.875135064125061,0.9789448976516724,0.5737280249595642,0.40301430225372314,-0.9359983205795288,0.9682375192642212,0.3855002522468567,0.40494897961616516,-0.8705005645751953,0.9743093848228455,0.5714539289474487,0.4063129127025604,-0.880033016204834,0.927493155002594,0.38808467984199524,0.4093199074268341,-0.8158888816833496,0.9464244842529297,0.5301903486251831,0.5958389043807983,-0.004068620968610048,0.9993067383766174,0.45046764612197876,0.6021124124526978,0.004199110437184572,0.9995855093002319,0.6113283038139343,0.6034711003303528,-0.5737470388412476,0.996127724647522,0.35368260741233826,0.6128251552581787,-0.5342071056365967,0.9958651661872864,0.5820388793945312,0.8222754597663879,-0.19709573686122894,0.9904379844665527,0.3843581974506378,0.8270747065544128,-0.16650399565696716,0.9970992207527161,0.5663309097290039,0.856689989566803,-0.17102310061454773,0.9686805009841919,0.40507587790489197,0.8601415753364563,-0.14095455408096313,0.9876893758773804,0.6050060987472534,0.9136582016944885,-0.3563285768032074,0.977921187877655,0.355023056268692,0.9119674563407898,-0.32366472482681274,0.9897831082344055
down,0.4838806688785553,0.22225725650787354,-0.6062031388282776,0.999977707862854,0.4914328157901764,0.1985080987215042,-0.5762426257133484,0.9999430179595947,0.4960142970085144,0.19794635474681854,-0.5762890577316284,0.999961256980896,0.5003253817558289,0.1977492719888687,-0.5764445662498474,0.9998989701271057,0.47431761026382446,0.20091506838798523,-0.5775421857833862,0.9999204874038696,0.4683873653411865,0.20147651433944702,-0.5776487588882446,0.9999513030052185,0.46315351128578186,0.2021351009607315,-0.577640175819397,0.9999010562896729,0.5075362920761108,0.2058486044406891,-0.3946789503097534,0.9999392628669739,0.45680364966392517,0.21092435717582703,-0.4001905918121338,0.9999606013298035,0.49315881729125977,0.2461434304714203,-0.5392113327980042,0.9999891519546509,0.47238749265670776,0.249041348695755,-0.5409430265426636,0.9999885559082031,0.5529158711433411,0.34251973032951355,-0.2785142660140991,0.9997863173484802,0.4198155999183655,0.34349557757377625,-0.2710166573524475,0.9997164011001587,0.5712770223617554,0.5349864959716797,-0.519131600856781,0.9750756025314331,0.40711918473243713,0.5582563877105713,-0.47334736585617065,0.9773694276809692,0.576715350151062,0.434023916721344,-0.8954657316207886,0.9845441579818726,0.3863145709037781,0.45207133889198303,-0.8302672505378723,0.9869165420532227,0.5768110156059265,0.42067909240722656,-0.9684236645698547,0.9741938710212708,0.3839406371116638,0.4322190284729004,-0.8955013155937195,0.9802783131599426,0.5736895799636841,0.4030122458934784,-0.9550363421440125,0.969866931438446,0.38542255759239197,0.40491917729377747,-0.8904440999031067,0.9758398532867432,0.5714171528816223,0.40629565715789795,-0.8986200094223022,0.9306195974349976,0.3879221975803375,0.4092119038105011,-0.8356264233589172,0.9490800499916077,0.5301752686500549,0.5957396030426025,-0.00392984738573432,0.9993174076080322,0.45046839118003845,0.602047324180603,0.004058199934661388,0.9995956420898438,0.6116837859153748,0.6036538481712341,-0.5714242458343506,0.9960928559303284,0.353709876537323,0.6129128336906433,-0.5367104411125183,0.9958383440971375,0.5820352435112,0.8222770094871521,-0.18633392453193665,0.9903226494789124,0.384322851896286,0.8270861506462097,-0.1602092683315277,0.997105598449707,0.5663108825683594,0.8567061424255371,-0.1596892774105072,0.9688900709152222,0.4050378203392029,0.8601835370063782,-0.13399258255958557,0.9876583218574524,0.6051529049873352,0.9136181473731995,-0.34470653533935547,0.9776734113693237,0.3549846112728119,0.9119784235954285,-0.31748658418655396,0.9897900819778442
down,0.4839346408843994,0.22237959504127502,-0.6039090752601624,0.9999786019325256,0.49143701791763306,0.19870638847351074,-0.5739668607711792,0.9999449253082275,0.4960177540779114,0.19812197983264923,-0.5740135908126831,0.9999626874923706,0.5003306269645691,0.1979028284549713,-0.5741690993309021,0.9999017119407654,0.47432127594947815,0.20109523832798004,-0.5753974318504333,0.9999236464500427,0.46838730573654175,0.2016540914773941,-0.5755037665367126,0.9999533891677856,0.4631500840187073,0.20229385793209076,-0.5754932165145874,0.9999045729637146,0.5075310468673706,0.2059408575296402,-0.39287495613098145,0.9999408721923828,0.45678725838661194,0.21105656027793884,-0.3990315794944763,0.9999625086784363,0.49320608377456665,0.2462705373764038,-0.5371271967887878,0.9999894499778748,0.47242388129234314,0.24914468824863434,-0.5390454530715942,0.9999890327453613,0.5529311895370483,0.34247440099716187,-0.27771979570388794,0.9997918009757996,0.41967472434043884,0.3437804877758026,-0.2705715298652649,0.999724805355072,0.5711961984634399,0.535065770149231,-0.5169631838798523,0.9759094715118408,0.40692123770713806,0.5582886338233948,-0.47169533371925354,0.9782824516296387,0.5766965746879578,0.43409809470176697,-0.8922249674797058,0.9854010939598083,0.3861987590789795,0.4521099627017975,-0.8274008631706238,0.9876481890678406,0.5768099427223206,0.4212280809879303,-0.9650841951370239,0.9755187630653381,0.3837648928165436,0.4318636655807495,-0.8924325704574585,0.9813156127929688,0.5736545324325562,0.4030657410621643,-0.9520817995071411,0.9713802337646484,0.3853147029876709,0.40489956736564636,-0.8876285552978516,0.9770640134811401,0.5713834762573242,0.406305193901062,-0.8954876661300659,0.9337217211723328,0.3877960443496704,0.4091547727584839,-0.8328090906143188,0.9513310194015503,0.5301091074943542,0.5957475304603577,-0.0038116411305963993,0.9993172883987427,0.4504147171974182,0.6020647883415222,0.003938682842999697,0.9995992183685303,0.6118796467781067,0.603804886341095,-0.567738950252533,0.9960517883300781,0.35372549295425415,0.6130021214485168,-0.5353601574897766,0.9958155155181885,0.5820132493972778,0.8222945928573608,-0.18410542607307434,0.9901725649833679,0.38431090116500854,0.8271636962890625,-0.15762929618358612,0.9971022605895996,0.5662368535995483,0.8567705750465393,-0.15744176506996155,0.9689865708351135,0.40504908561706543,0.8602732419967651,-0.1314159333705902,0.9876617193222046,0.6053275465965271,0.9135503172874451,-0.3423471450805664,0.9772524833679199,0.3549502193927765,0.912079393863678,-0.31472131609916687,0.9897345304489136
down,0.48395267128944397,0.222524493932724,-0.571911096572876,0.9999796748161316,0.4914439618587494,0.1988549828529358,-0.5419772863388062,0.9999486804008484,0.4960232377052307,0.19826439023017883,-0.5420318841934204,0.9999649524688721,0.5003341436386108,0.19804205000400543,-0.5421910881996155,0.9999091625213623,0.47433406114578247,0.20119287073612213,-0.5436654686927795,0.9999286532402039,0.46839794516563416,0.201732337474823,-0.5437660217285156,0.9999558329582214,0.4631592631340027,0.20235693454742432,-0.5437554717063904,0.9999099373817444,0.5075283050537109,0.20605142414569855,-0.36290547251701355,0.9999449253082275,0.4567848742008209,0.21110178530216217,-0.37015801668167114,0.9999642968177795,0.4932161271572113,0.24643434584140778,-0.5058870911598206,0.9999900460243225,0.47244954109191895,0.2492637187242508,-0.5081384778022766,0.9999895095825195,0.5529590249061584,0.34251928329467773,-0.25079983472824097,0.9998000860214233,0.4197723865509033,0.34343984723091125,-0.24590083956718445,0.9997255206108093,0.5713556408882141,0.5353979468345642,-0.48435625433921814,0.9764681458473206,0.4070330560207367,0.5584463477134705,-0.44085898995399475,0.9774510860443115,0.5767822265625,0.4354669451713562,-0.8563936948776245,0.9859648942947388,0.38622817397117615,0.4520893394947052,-0.7914572358131409,0.9872689247131348,0.5768094062805176,0.4222753643989563,-0.9287658929824829,0.9763340353965759,0.3837730288505554,0.4333755373954773,-0.8554533123970032,0.9808743596076965,0.5736438035964966,0.4034523069858551,-0.9158836603164673,0.9724041223526001,0.3852632939815521,0.4050719738006592,-0.8523772954940796,0.9766151309013367,0.5713999271392822,0.4067249596118927,-0.8596272468566895,0.9361218810081482,0.38781625032424927,0.40926364064216614,-0.7974988222122192,0.950699508190155,0.5299935340881348,0.5962074995040894,-0.003742497880011797,0.9993267059326172,0.4504010081291199,0.6028274297714233,0.003876075614243746,0.9996030926704407,0.6119349002838135,0.6040213108062744,-0.5652299523353577,0.9959835410118103,0.3537116050720215,0.6130284667015076,-0.5320664048194885,0.9957529902458191,0.5819410085678101,0.8229266405105591,-0.19938994944095612,0.9899521470069885,0.38426288962364197,0.827421247959137,-0.17157264053821564,0.9970184564590454,0.5661075711250305,0.8577504754066467,-0.17436832189559937,0.9694253206253052,0.4050779938697815,0.860382616519928,-0.1467798948287964,0.987541139125824,0.6056569814682007,0.9134562015533447,-0.35660499334335327,0.9769871234893799,0.35494136810302734,0.9122732281684875,-0.3274328112602234,0.9895074963569641
down,0.4839220643043518,0.22262823581695557,-0.6026038527488708,0.99997478723526,0.49152570962905884,0.19885174930095673,-0.573300302028656,0.9999366998672485,0.49611443281173706,0.1982632726430893,-0.5733477473258972,0.9999557733535767,0.5003923773765564,0.19804547727108002,-0.5735142827033997,0.9998878240585327,0.47435101866722107,0.2012225091457367,-0.5738762617111206,0.9999147653579712,0.4683935046195984,0.20176301896572113,-0.5739910006523132,0.9999467134475708,0.4631446897983551,0.20239022374153137,-0.5739970207214355,0.9998936057090759,0.5075397491455078,0.20609897375106812,-0.3945358395576477,0.9999310374259949,0.45677703619003296,0.21112516522407532,-0.3961230218410492,0.9999567866325378,0.49310606718063354,0.24663831293582916,-0.5364319682121277,0.9999873638153076,0.47236281633377075,0.2494874745607376,-0.5370972752571106,0.9999869465827942,0.5530833601951599,0.34348565340042114,-0.2770860493183136,0.9997497200965881,0.4200229048728943,0.34305378794670105,-0.2676975727081299,0.9996991753578186,0.5717911720275879,0.535323977470398,-0.5138508677482605,0.9729583263397217,0.4066479802131653,0.5599479079246521,-0.46489018201828003,0.975537121295929,0.5768435001373291,0.4365636110305786,-0.8830006718635559,0.980972170829773,0.3867413401603699,0.45412737131118774,-0.8155925869941711,0.9846105575561523,0.5767421126365662,0.4230634868144989,-0.9536346197128296,0.9691258668899536,0.3839512765407562,0.43688374757766724,-0.8794525861740112,0.9771490097045898,0.5737033486366272,0.40381404757499695,-0.9392009973526001,0.9639811515808105,0.38533422350883484,0.4069663882255554,-0.8747658729553223,0.9721341133117676,0.5717648267745972,0.4072311818599701,-0.8855546116828918,0.9192683696746826,0.38814112544059753,0.4103526175022125,-0.8211041688919067,0.9422429800033569,0.5302304029464722,0.5954616665840149,-0.004341739229857922,0.9992350339889526,0.45053631067276,0.6003637313842773,0.004477503709495068,0.9995582103729248,0.6118111610412598,0.6041358113288879,-0.5657461881637573,0.9954900741577148,0.3536852300167084,0.6131114363670349,-0.5279664397239685,0.9954238533973694,0.5819284915924072,0.8232237696647644,-0.18830709159374237,0.9889184236526489,0.384233295917511,0.827126145362854,-0.15641944110393524,0.9967540502548218,0.5660651922225952,0.857763409614563,-0.16194164752960205,0.9663547873497009,0.40507593750953674,0.8601171970367432,-0.13027828931808472,0.9868543148040771,0.6055930852890015,0.9135556817054749,-0.34704774618148804,0.9743400812149048,0.3548983931541443,0.9120097756385803,-0.3116895854473114,0.9883690476417542
down,0.4834528863430023,0.22280772030353546,-0.6099532842636108,0.9999703168869019,0.4914624094963074,0.19888454675674438,-0.5808790922164917,0.9999247193336487,0.4960924983024597,0.19829776883125305,-0.5809284448623657,0.9999475479125977,0.5003793835639954,0.19809827208518982,-0.5810927152633667,0.9998655319213867,0.47406405210494995,0.2013201117515564,-0.5810895562171936,0.9998989105224609,0.4680290222167969,0.201895073056221,-0.5812026858329773,0.9999372363090515,0.46281829476356506,0.20249943435192108,-0.5812114477157593,0.9998751282691956,0.5075390934944153,0.20621231198310852,-0.4016815721988678,0.9999181628227234,0.4566899836063385,0.21119287610054016,-0.4016236364841461,0.9999498724937439,0.49284642934799194,0.24712958931922913,-0.5435582995414734,0.9999852776527405,0.47189435362815857,0.24991247057914734,-0.5437132716178894,0.9999847412109375,0.5537007451057434,0.34486016631126404,-0.2824280858039856,0.9997113943099976,0.42009657621383667,0.3431689441204071,-0.2720954716205597,0.9996887445449829,0.5718583464622498,0.5422085523605347,-0.521925687789917,0.969743013381958,0.40650516748428345,0.5602502226829529,-0.47052446007728577,0.9750379920005798,0.57684326171875,0.4367932677268982,-0.8946049809455872,0.976861834526062,0.3870565891265869,0.4552145302295685,-0.8234240412712097,0.9833698868751526,0.5766322016716003,0.4232805073261261,-0.9659175872802734,0.9631763696670532,0.38402098417282104,0.43792295455932617,-0.8875616192817688,0.9751973748207092,0.5737160444259644,0.4038686454296112,-0.9519575834274292,0.9569593071937561,0.3853626251220703,0.4075792133808136,-0.8827716112136841,0.9696447849273682,0.5718892812728882,0.40748292207717896,-0.8974563479423523,0.9048218727111816,0.3882998824119568,0.41083967685699463,-0.8288775682449341,0.9373180270195007,0.530403733253479,0.5956515669822693,-0.004640163388103247,0.9992021918296814,0.45059967041015625,0.6000393033027649,0.004776658024638891,0.9995469450950623,0.6117764711380005,0.6041531562805176,-0.5718775987625122,0.9951989054679871,0.35366901755332947,0.6131106019020081,-0.5325478315353394,0.9953042268753052,0.5819134712219238,0.823249876499176,-0.18702520430088043,0.9885599613189697,0.3842181861400604,0.8267796635627747,-0.15414823591709137,0.9967061877250671,0.5660207867622375,0.8575682640075684,-0.16032303869724274,0.9650479555130005,0.4050750732421875,0.8599201440811157,-0.12782716751098633,0.9867891073226929,0.6054251790046692,0.9135770201683044,-0.347829133272171,0.9734290838241577,0.35489004850387573,0.911974310874939,-0.31000685691833496,0.9881369471549988
down,0.4834887385368347,0.22301383316516876,-0.6174978017807007,0.9999690651893616,0.4915660321712494,0.19905751943588257,-0.5885432958602905,0.9999195337295532,0.4962136745452881,0.19846925139427185,-0.5885798335075378,0.999944806098938,0.5004643201828003,0.19828741252422333,-0.5887379050254822,0.9998552203178406,0.47408580780029297,0.20150399208068848,-0.5893374681472778,0.9998911619186401,0.4680310785770416,0.20206135511398315,-0.5894511938095093,0.9999336004257202,0.462801992893219,0.20260639488697052,-0.5894469022750854,0.9998660683631897,0.507601261138916,0.20644980669021606,-0.40973177552223206,0.9999130964279175,0.45666369795799255,0.21121588349342346,-0.4129096567630768,0.9999464154243469,0.4928627610206604,0.24750985205173492,-0.5512886047363281,0.9999848008155823,0.47187185287475586,0.25028595328330994,-0.5523450970649719,0.9999840259552002,0.5537401437759399,0.34502309560775757,-0.2914121747016907,0.9997290372848511,0.42009225487709045,0.34343841671943665,-0.2795282006263733,0.9996923208236694,0.572135865688324,0.5426421761512756,-0.5246919393539429,0.9713268876075745,0.40623536705970764,0.5607552528381348,-0.47491949796676636,0.9758647084236145,0.5775147676467896,0.43652334809303284,-0.8948609232902527,0.9781348705291748,0.38691985607147217,0.4552493989467621,-0.828576385974884,0.984089195728302,0.576866626739502,0.4242827594280243,-0.9667280912399292,0.9646172523498535,0.3839956223964691,0.4380201995372772,-0.8931593894958496,0.9760597348213196,0.5738065838813782,0.4050358235836029,-0.9532147645950317,0.9585098624229431,0.38526004552841187,0.4074915647506714,-0.8885769844055176,0.9705797433853149,0.5722144246101379,0.4081234931945801,-0.8974575996398926,0.9071443676948547,0.3881452977657318,0.4108418822288513,-0.8339205980300903,0.9387263059616089,0.5305179357528687,0.5954627394676208,-0.004710640758275986,0.9991985559463501,0.4506445527076721,0.5998290777206421,0.004844875540584326,0.9995385408401489,0.6117078065872192,0.6042223572731018,-0.57379549741745,0.9950488805770874,0.35371965169906616,0.6130784153938293,-0.5343912243843079,0.9951596260070801,0.5819063782691956,0.8232185244560242,-0.1819961816072464,0.9882901310920715,0.384185791015625,0.8262413144111633,-0.14952579140663147,0.9966427087783813,0.566002607345581,0.8572269678115845,-0.15467937290668488,0.9638286232948303,0.4050784111022949,0.8595799207687378,-0.1225188598036766,0.9865739941596985,0.605301558971405,0.9135991334915161,-0.34103071689605713,0.9727009534835815,0.354947030544281,0.911989688873291,-0.3041481375694275,0.9879072904586792
down,0.48400983214378357,0.22333557903766632,-0.5894586443901062,0.9999698996543884,0.4919606149196625,0.1994343250989914,-0.5602920651435852,0.9999216794967651,0.4965876042842865,0.1988251954317093,-0.5603340864181519,0.9999460577964783,0.5007473230361938,0.198654443025589,-0.5604946613311768,0.9998608827590942,0.4744431972503662,0.20174573361873627,-0.5616657137870789,0.9998940825462341,0.46836018562316895,0.20222115516662598,-0.5617762804031372,0.9999348521232605,0.46303123235702515,0.20270422101020813,-0.5617743730545044,0.9998693466186523,0.5078125,0.20693421363830566,-0.38309141993522644,0.9999147653579712,0.4566935896873474,0.21124227344989777,-0.38897794485092163,0.9999462962150574,0.49306488037109375,0.24807040393352509,-0.5239511728286743,0.9999850988388062,0.47217050194740295,0.25071465969085693,-0.5257935523986816,0.9999843239784241,0.5535862445831299,0.3454393446445465,-0.2685834467411041,0.9997478127479553,0.4200538694858551,0.34337854385375977,-0.2616272568702698,0.9996907711029053,0.5724672079086304,0.5393104553222656,-0.4968823492527008,0.9717828631401062,0.40601468086242676,0.5608683824539185,-0.4548904001712799,0.9753983616828918,0.5775827169418335,0.43679872155189514,-0.8648767471313477,0.9787964224815369,0.3869715631008148,0.4552888572216034,-0.8047536611557007,0.9835888743400574,0.576860785484314,0.4253079295158386,-0.9363325834274292,0.9655054807662964,0.3840990662574768,0.4380817115306854,-0.8687410354614258,0.975380539894104,0.5737258195877075,0.40624821186065674,-0.9233502149581909,0.959644615650177,0.3852883577346802,0.40751785039901733,-0.8656291961669922,0.9698865413665771,0.5721187591552734,0.40863174200057983,-0.8677965998649597,0.9095055460929871,0.3881470561027527,0.4108944833278656,-0.8107722997665405,0.9375549554824829,0.5305205583572388,0.595160186290741,-0.004560523666441441,0.9991804957389832,0.45063328742980957,0.5998589992523193,0.004698189906775951,0.9995171427726746,0.611549973487854,0.6042490601539612,-0.5599601864814758,0.9948895573616028,0.35375696420669556,0.6130052208900452,-0.5268751382827759,0.9949327111244202,0.5819091796875,0.823223888874054,-0.18133603036403656,0.987816572189331,0.3841385245323181,0.8261397480964661,-0.15047313272953033,0.9963967800140381,0.5659825801849365,0.8570502400398254,-0.15480634570121765,0.9620572328567505,0.4050561487674713,0.8593224287033081,-0.12397098541259766,0.9856920838356018,0.6052614450454712,0.9137029647827148,-0.33803242444992065,0.9714984893798828,0.3551606833934784,0.9121072292327881,-0.3044183850288391,0.9870943427085876
down,0.4842313230037689,0.2237560898065567,-0.553307831287384,0.999972403049469,0.4920853078365326,0.1999189555644989,-0.5244209170341492,0.9999290108680725,0.49672943353652954,0.19930203258991241,-0.5244660973548889,0.9999503493309021,0.5008759498596191,0.19916902482509613,-0.524623692035675,0.9998760223388672,0.4746190011501312,0.20208072662353516,-0.5258169770240784,0.9999039769172668,0.4685281217098236,0.20249010622501373,-0.5259199738502502,0.9999399185180664,0.4631694257259369,0.20287632942199707,-0.5259112119674683,0.9998806715011597,0.5079429149627686,0.20759692788124084,-0.3509576916694641,0.9999217391014099,0.4567602276802063,0.21130792796611786,-0.3568682074546814,0.9999491572380066,0.4932067394256592,0.24860559403896332,-0.4892922043800354,0.9999862313270569,0.47229427099227905,0.2511042356491089,-0.4911802411079407,0.9999855756759644,0.5533318519592285,0.3450655937194824,-0.2419072836637497,0.9997676610946655,0.4203307628631592,0.3430182635784149,-0.23492193222045898,0.9996910095214844,0.5728388428688049,0.5362491011619568,-0.46844974160194397,0.97283935546875,0.40569376945495605,0.5604370832443237,-0.4250778555870056,0.974117636680603,0.5776585936546326,0.43753862380981445,-0.834680438041687,0.9798182845115662,0.3870348632335663,0.45535099506378174,-0.7725794911384583,0.9828156232833862,0.5768684148788452,0.4275764524936676,-0.9060536623001099,0.9669044613838196,0.3841324746608734,0.438276082277298,-0.8361393809318542,0.9744903445243835,0.5735266804695129,0.40810084342956543,-0.8928739428520203,0.9614676237106323,0.3852972090244293,0.40768009424209595,-0.833929717540741,0.9690997004508972,0.5718674659729004,0.4097799062728882,-0.8373488187789917,0.9138504266738892,0.388176828622818,0.4110743999481201,-0.7788264155387878,0.936674952507019,0.5304834246635437,0.5948602557182312,-0.004441272467374802,0.9991817474365234,0.4506303369998932,0.6001676321029663,0.004583572968840599,0.9995034337043762,0.6114601492881775,0.6042695641517639,-0.5532839894294739,0.9947441816329956,0.3538244366645813,0.6122227311134338,-0.523481011390686,0.9946924448013306,0.5819175839424133,0.823373556137085,-0.18762198090553284,0.9873204231262207,0.38405901193618774,0.8260171413421631,-0.1606796830892563,0.9961020350456238,0.5659728050231934,0.8570393919944763,-0.16261139512062073,0.9607171416282654,0.40486302971839905,0.858931303024292,-0.135423481464386,0.984702467918396,0.6052101850509644,0.9136382937431335,-0.3419466018676758,0.9704580903053284,0.3553946614265442,0.9121537208557129,-0.31142351031303406,0.9861855506896973
down,0.48425835371017456,0.22386394441127777,-0.5574194192886353,0.9999718070030212,0.49213647842407227,0.2000472992658615,-0.5285457372665405,0.9999279975891113,0.49681800603866577,0.1994645595550537,-0.5285946726799011,0.9999493360519409,0.5009809136390686,0.19938573241233826,-0.5287548303604126,0.9998757243156433,0.4746531546115875,0.20214954018592834,-0.5297675132751465,0.9999027848243713,0.46855807304382324,0.20254474878311157,-0.5298735499382019,0.9999386072158813,0.4631936550140381,0.20292095839977264,-0.5298717617988586,0.9998787045478821,0.5081437826156616,0.2079278528690338,-0.3547746241092682,0.9999201893806458,0.45680126547813416,0.21132570505142212,-0.3597073256969452,0.9999473094940186,0.49325132369995117,0.2487860769033432,-0.4932492673397064,0.9999859929084778,0.4722956717014313,0.25122129917144775,-0.4948592782020569,0.9999852776527405,0.553521990776062,0.3453858196735382,-0.24466507136821747,0.999763548374176,0.4204937517642975,0.3429310619831085,-0.23743312060832977,0.9996813535690308,0.5813992619514465,0.5279681086540222,-0.47276440262794495,0.9725726246833801,0.40530067682266235,0.5603623986244202,-0.4276667535305023,0.9726393222808838,0.5775771737098694,0.4383319914340973,-0.8389670252799988,0.9792914986610413,0.3870423436164856,0.45538219809532166,-0.7743735313415527,0.98172527551651,0.5765243768692017,0.42823871970176697,-0.9098178744316101,0.9660091996192932,0.3841724991798401,0.4385254681110382,-0.8375391960144043,0.9731006026268005,0.5730590224266052,0.4081369638442993,-0.8962152600288391,0.960530698299408,0.38531336188316345,0.4077589213848114,-0.835044264793396,0.9675915241241455,0.5715153217315674,0.40984827280044556,-0.8415254354476929,0.9123358726501465,0.3881867527961731,0.4111311733722687,-0.7805253267288208,0.9342257380485535,0.5305931568145752,0.5948922634124756,-0.004412894137203693,0.9991716742515564,0.45062747597694397,0.600470244884491,0.0045561958104372025,0.9994922280311584,0.6113663911819458,0.6041995286941528,-0.5559185147285461,0.994557797908783,0.3538780212402344,0.6114460229873657,-0.5259121060371399,0.9944129586219788,0.5819324254989624,0.8234357237815857,-0.1919887661933899,0.9868510365486145,0.38391929864883423,0.825822114944458,-0.16387207806110382,0.995864987373352,0.5659729242324829,0.8570114970207214,-0.16686588525772095,0.9594935178756714,0.4046797752380371,0.8586933612823486,-0.13858753442764282,0.9839429259300232,0.605134129524231,0.9136053919792175,-0.34770092368125916,0.9694696664810181,0.3554770350456238,0.9123541712760925,-0.31644946336746216,0.9854795932769775
down,0.4842948913574219,0.22392667829990387,-0.5713953971862793,0.999973475933075,0.49220985174179077,0.2000998556613922,-0.5422449111938477,0.999932050704956,0.4969107210636139,0.19952045381069183,-0.5422910451889038,0.9999521374702454,0.5010693073272705,0.1994445025920868,-0.5424489974975586,0.9998826384544373,0.47472673654556274,0.20219215750694275,-0.5434157848358154,0.999907910823822,0.46862363815307617,0.2025901824235916,-0.543522834777832,0.9999419450759888,0.46325063705444336,0.20295920968055725,-0.5435150861740112,0.999885082244873,0.5082539916038513,0.20799943804740906,-0.3654147982597351,0.9999243021011353,0.4568459093570709,0.21132038533687592,-0.37063080072402954,0.9999502301216125,0.4932759404182434,0.24886733293533325,-0.5060902833938599,0.9999868869781494,0.4723023772239685,0.2512907385826111,-0.5077699422836304,0.9999862313270569,0.5535213947296143,0.34538814425468445,-0.25328537821769714,0.9997737407684326,0.42057234048843384,0.34225308895111084,-0.24527573585510254,0.9996901154518127,0.5802754759788513,0.5283068418502808,-0.4871729910373688,0.9733895659446716,0.40511220693588257,0.560334324836731,-0.4416697025299072,0.9724265336990356,0.5775203704833984,0.4380701184272766,-0.8588156700134277,0.9798084497451782,0.3870401680469513,0.4554680585861206,-0.7953827977180481,0.9816465973854065,0.576440691947937,0.42842721939086914,-0.9312891960144043,0.9666356444358826,0.3842044472694397,0.4390574097633362,-0.8600309491157532,0.9730671048164368,0.5728322267532349,0.40838852524757385,-0.9173470735549927,0.9612877368927002,0.38532549142837524,0.4082038402557373,-0.8567711710929871,0.9676121473312378,0.5712621808052063,0.4100190997123718,-0.8613309860229492,0.9138374328613281,0.38819876313209534,0.41137397289276123,-0.8013039827346802,0.9342873096466064,0.5305784940719604,0.5948237776756287,-0.004340153653174639,0.9992102980613708,0.4505350589752197,0.6006841659545898,0.004483968019485474,0.9995126128196716,0.6112692356109619,0.6040849685668945,-0.5609570741653442,0.9945491552352905,0.35389798879623413,0.6111325621604919,-0.5330635905265808,0.9943757653236389,0.5819417834281921,0.8234556317329407,-0.19175752997398376,0.9869434237480164,0.3836953043937683,0.8255648016929626,-0.16354987025260925,0.9958574771881104,0.5659454464912415,0.8570007085800171,-0.16635647416114807,0.9599538445472717,0.4044985771179199,0.8585992455482483,-0.13787750899791718,0.9838483929634094,0.6051026582717896,0.9136049151420593,-0.3485954701900482,0.9697921276092529,0.35552793741226196,0.9126279950141907,-0.31707391142845154,0.98551344871521
down,0.48428526520729065,0.22399742901325226,-0.5771984457969666,0.9999759793281555,0.49222564697265625,0.20014691352844238,-0.5479542016983032,0.999937891960144,0.49693042039871216,0.19955524802207947,-0.548000156879425,0.9999563694000244,0.5010888576507568,0.199469655752182,-0.5481575727462769,0.9998923540115356,0.47474297881126404,0.20224279165267944,-0.5492204427719116,0.9999154210090637,0.46864110231399536,0.2026265263557434,-0.5493273138999939,0.9999469518661499,0.46326780319213867,0.20298148691654205,-0.5493165254592896,0.9998942613601685,0.5082595348358154,0.20802061259746552,-0.3705264925956726,0.9999305009841919,0.4568612575531006,0.21129627525806427,-0.3762829601764679,0.9999545216560364,0.4932675361633301,0.2489463835954666,-0.5116713047027588,0.9999880194664001,0.47229212522506714,0.25136104226112366,-0.5135070085525513,0.9999875426292419,0.5531161427497864,0.34450891613960266,-0.2578321099281311,0.9997959136962891,0.42063015699386597,0.3410983681678772,-0.24933552742004395,0.999708354473114,0.5738632082939148,0.5336295962333679,-0.4912673532962799,0.9756247401237488,0.40505141019821167,0.5566256046295166,-0.44500789046287537,0.9732666015625,0.5776095390319824,0.43683627247810364,-0.8639979362487793,0.9819304347038269,0.3870106041431427,0.4554896056652069,-0.7997327446937561,0.9827101230621338,0.5765239000320435,0.4283578097820282,-0.9369384050369263,0.9696314334869385,0.3842175304889679,0.4393409192562103,-0.8646014332771301,0.9745710492134094,0.5727411508560181,0.40852946043014526,-0.9232843518257141,0.964765727519989,0.38530710339546204,0.408471941947937,-0.8615182042121887,0.9694376587867737,0.5711845755577087,0.41009077429771423,-0.8666782379150391,0.9207647442817688,0.38817471265792847,0.41155555844306946,-0.8057058453559875,0.9376552700996399,0.530432939529419,0.5943697690963745,-0.0042072925716638565,0.9992598295211792,0.4504428505897522,0.6006361246109009,0.004350625444203615,0.9995402693748474,0.6111419200897217,0.6039014458656311,-0.5640726685523987,0.9946123361587524,0.3539108633995056,0.6109943985939026,-0.536871075630188,0.9944239258766174,0.5819410085678101,0.8234560489654541,-0.19320787489414215,0.9871413111686707,0.38363176584243774,0.8254209756851196,-0.16592976450920105,0.9959360361099243,0.5659241080284119,0.8569561243057251,-0.16777054965496063,0.9610534906387329,0.40445676445961,0.8585283160209656,-0.14010117948055267,0.9840856790542603,0.6050630807876587,0.9135403037071228,-0.3507588505744934,0.9703935384750366,0.35556477308273315,0.9127734899520874,-0.3202500343322754,0.9858053922653198
down,0.4843043386936188,0.22403869032859802,-0.5589240193367004,0.9999771118164062,0.49223965406417847,0.20018194615840912,-0.5296312570571899,0.9999406933784485,0.4969410002231598,0.19958369433879852,-0.5296791791915894,0.9999584555625916,0.5010932683944702,0.19949518144130707,-0.5298365354537964,0.9998975396156311,0.47477030754089355,0.20227837562561035,-0.5310095548629761,0.9999186992645264,0.4686756730079651,0.20265579223632812,-0.531112551689148,0.9999489784240723,0.46330443024635315,0.20300734043121338,-0.5311027765274048,0.9998981356620789,0.5082292556762695,0.20806047320365906,-0.35381001234054565,0.9999340176582336,0.4568799138069153,0.21132849156856537,-0.35995861887931824,0.9999562501907349,0.493272602558136,0.24899983406066895,-0.4940803647041321,0.9999886751174927,0.47229892015457153,0.2514397203922272,-0.4960389733314514,0.9999881386756897,0.5527105927467346,0.34410884976387024,-0.24430418014526367,0.9998122453689575,0.42071041464805603,0.34048956632614136,-0.2362699806690216,0.9997181296348572,0.57379150390625,0.533953070640564,-0.47589319944381714,0.9771393537521362,0.40503087639808655,0.5554152727127075,-0.4300228953361511,0.9734242558479309,0.5777722597122192,0.4365861117839813,-0.8472415804862976,0.983442485332489,0.38701194524765015,0.45525774359703064,-0.7833191752433777,0.983325183391571,0.576616644859314,0.428295761346817,-0.9198915362358093,0.9717864990234375,0.38422757387161255,0.4393906593322754,-0.8478058576583862,0.975501537322998,0.5726704597473145,0.40876027941703796,-0.9064246416091919,0.9672983884811401,0.38536304235458374,0.4085279107093811,-0.8453142046928406,0.9706326723098755,0.571114182472229,0.4103109538555145,-0.8499208688735962,0.9259962439537048,0.3882380425930023,0.41158223152160645,-0.7895305156707764,0.9400131702423096,0.5303937196731567,0.5943670272827148,-0.004163762554526329,0.9992877840995789,0.4504171907901764,0.6007500290870667,0.004308926407247782,0.9995554089546204,0.6110853552818298,0.6036705374717712,-0.5644106864929199,0.9946577548980713,0.35393044352531433,0.6109334826469421,-0.5364502668380737,0.9944000244140625,0.5819409489631653,0.8234158754348755,-0.19812119007110596,0.9871234893798828,0.38360080122947693,0.8253551125526428,-0.17006929218769073,0.9959231615066528,0.5659017562866211,0.8568040728569031,-0.17302854359149933,0.9613052606582642,0.40443411469459534,0.8585418462753296,-0.14466752111911774,0.9840921759605408,0.6049930453300476,0.913399338722229,-0.3555561602115631,0.9705531597137451,0.3556022644042969,0.912860631942749,-0.3242374062538147,0.9858654737472534
down,0.4842827320098877,0.22405770421028137,-0.5891510844230652,0.99997878074646,0.49223509430885315,0.20017863810062408,-0.5595213770866394,0.9999443292617798,0.49693965911865234,0.19957107305526733,-0.5595685243606567,0.9999615550041199,0.5010915398597717,0.19946615397930145,-0.5597265958786011,0.9999030828475952,0.4747737944126129,0.20227070152759552,-0.5608599781990051,0.9999231696128845,0.4686881899833679,0.2026279866695404,-0.560966968536377,0.9999524354934692,0.4633268713951111,0.20297737419605255,-0.5609562397003174,0.9999036192893982,0.5082026720046997,0.20804652571678162,-0.38006791472435,0.9999385476112366,0.4569043219089508,0.21130427718162537,-0.38637083768844604,0.9999596476554871,0.4932541251182556,0.2490299493074417,-0.5229484438896179,0.9999895691871643,0.4722786843776703,0.2514791786670685,-0.5249230265617371,0.9999890923500061,0.5526169538497925,0.344196617603302,-0.26662445068359375,0.9998257160186768,0.4207208752632141,0.3404770493507385,-0.25855427980422974,0.9997338056564331,0.5737267136573792,0.536465048789978,-0.5050358772277832,0.9787904620170593,0.4047376215457916,0.5579519271850586,-0.4595254957675934,0.9743691682815552,0.577780544757843,0.4364366829395294,-0.8801947832107544,0.9849672317504883,0.3869906961917877,0.45500892400741577,-0.8181228637695312,0.9842726588249207,0.576641321182251,0.4277415871620178,-0.9533405303955078,0.9738708138465881,0.3842235505580902,0.43939071893692017,-0.8833298683166504,0.9767517447471619,0.5725611448287964,0.40858370065689087,-0.9388806223869324,0.9696567058563232,0.38538745045661926,0.4084812104701996,-0.8789084553718567,0.9720182418823242,0.5710039734840393,0.41025736927986145,-0.8826344609260559,0.9303986430168152,0.38826510310173035,0.41145265102386475,-0.8236507177352905,0.9422452449798584,0.5301468968391418,0.5946406722068787,-0.0039249807596206665,0.9993347525596619,0.45023399591445923,0.6011197566986084,0.004067783243954182,0.9995900392532349,0.6110583543777466,0.603270411491394,-0.5714147686958313,0.9949422478675842,0.3539765477180481,0.6108905673027039,-0.5469399094581604,0.9946678876876831,0.5819411873817444,0.8231993913650513,-0.19738909602165222,0.9878847599029541,0.3835810422897339,0.8252329230308533,-0.17047616839408875,0.9961934089660645,0.5658732652664185,0.8566529750823975,-0.1719789355993271,0.9635424017906189,0.40442219376564026,0.8585700392723083,-0.14486414194107056,0.984795868396759,0.604961097240448,0.9132369160652161,-0.3565838932991028,0.972419798374176,0.3556995987892151,0.912932813167572,-0.32680386304855347,0.986869215965271
down,0.48427614569664,0.22404132783412933,-0.6074760556221008,0.9999791383743286,0.49223366379737854,0.20013704895973206,-0.577534019947052,0.9999446868896484,0.4969399571418762,0.1995246261358261,-0.5775803923606873,0.9999622702598572,0.5010908842086792,0.19940361380577087,-0.5777403712272644,0.9999020099639893,0.4747723937034607,0.20219913125038147,-0.579055666923523,0.9999236464500427,0.4686965346336365,0.2025272101163864,-0.5791662931442261,0.9999537467956543,0.46334323287010193,0.20288711786270142,-0.5791605114936829,0.9999049305915833,0.5081691145896912,0.20801247656345367,-0.39564985036849976,0.9999386072158813,0.4569057822227478,0.21123924851417542,-0.4027978479862213,0.9999616146087646,0.4932418465614319,0.24903467297554016,-0.540337085723877,0.9999896883964539,0.4722704291343689,0.2514781653881073,-0.5425447225570679,0.9999895095825195,0.5526360273361206,0.3447127938270569,-0.27987924218177795,0.9998200535774231,0.4205590784549713,0.34076181054115295,-0.27306631207466125,0.9997421503067017,0.5735195279121399,0.5382833480834961,-0.5213479399681091,0.9780082106590271,0.40446019172668457,0.5590876936912537,-0.47761473059654236,0.9751039743423462,0.5774458646774292,0.43602460622787476,-0.8987692594528198,0.9845179319381714,0.3869868218898773,0.4547539949417114,-0.8375638127326965,0.9845870733261108,0.5765940546989441,0.4274842143058777,-0.9720055460929871,0.9731722474098206,0.38425442576408386,0.4393879771232605,-0.9030537605285645,0.9771105647087097,0.5724374055862427,0.408577561378479,-0.957586944103241,0.9687672257423401,0.3854828476905823,0.40831810235977173,-0.8978059887886047,0.9722900986671448,0.5707167387008667,0.4102160930633545,-0.9014751315116882,0.9278902411460876,0.3883143365383148,0.4112139344215393,-0.8428438305854797,0.9421806931495667,0.5300782322883606,0.5948394536972046,-0.00365672679618001,0.9993561506271362,0.450072705745697,0.6013360619544983,0.0037981239147484303,0.9996143579483032,0.6110426187515259,0.6030251979827881,-0.5712772607803345,0.9952437281608582,0.35399845242500305,0.6108554601669312,-0.5484937429428101,0.9950233697891235,0.5819395780563354,0.8227278590202332,-0.18696585297584534,0.9887649416923523,0.3835681676864624,0.8247655034065247,-0.1629585325717926,0.9965188503265381,0.5658734440803528,0.8563005328178406,-0.16049960255622864,0.9655964374542236,0.4044201970100403,0.8585124611854553,-0.135879784822464,0.9856043457984924,0.60484778881073,0.9131188988685608,-0.3482254147529602,0.9743037223815918,0.35610729455947876,0.9129621982574463,-0.32182520627975464,0.9879757761955261
down,0.4842004179954529,0.22411613166332245,-0.6263508200645447,0.9999786019325256,0.4922233521938324,0.20018598437309265,-0.5963152647018433,0.9999423623085022,0.49693697690963745,0.1995677947998047,-0.5963630080223083,0.9999611377716064,0.5010901689529419,0.1994350403547287,-0.5965257883071899,0.9998958110809326,0.4747512936592102,0.20220665633678436,-0.5978654623031616,0.9999212622642517,0.4686887264251709,0.20250928401947021,-0.5979779958724976,0.9999531507492065,0.46334782242774963,0.20284882187843323,-0.5979694128036499,0.9999024271965027,0.5081413984298706,0.20803381502628326,-0.4123595654964447,0.9999352097511292,0.45690059661865234,0.21114157140254974,-0.41982945799827576,0.9999619126319885,0.4931681156158447,0.2491074949502945,-0.5583566427230835,0.9999892711639404,0.472202867269516,0.2514975070953369,-0.5606347918510437,0.99998939037323,0.5527554750442505,0.3455652594566345,-0.29399052262306213,0.999807596206665,0.42037859559059143,0.3410108685493469,-0.2867509722709656,0.9997488856315613,0.5734742283821106,0.5472655892372131,-0.5370386838912964,0.9767906069755554,0.40420812368392944,0.5595659613609314,-0.4920319616794586,0.9758687615394592,0.5769821405410767,0.4364267587661743,-0.9150509834289551,0.9837154150009155,0.38695603609085083,0.45467785000801086,-0.8534297943115234,0.9848628044128418,0.5765355825424194,0.4274154603481293,-0.9885700345039368,0.9720655679702759,0.3842622935771942,0.4394039511680603,-0.9192110896110535,0.9774373769760132,0.5723822712898254,0.40865767002105713,-0.9738970994949341,0.9673801064491272,0.3855106234550476,0.40828725695610046,-0.9133808016777039,0.9725072383880615,0.570513904094696,0.4102725684642792,-0.9177109599113464,0.9242807626724243,0.38832584023475647,0.41115811467170715,-0.8584623336791992,0.9419872760772705,0.5298640131950378,0.5949593186378479,-0.003448535455390811,0.9993491172790527,0.4499388337135315,0.6014233231544495,0.003590857144445181,0.9996244311332703,0.6110997796058655,0.6029501557350159,-0.5720628499984741,0.9954071640968323,0.35401102900505066,0.6108682155609131,-0.554474413394928,0.9952682256698608,0.5819262266159058,0.8223936557769775,-0.18289940059185028,0.9893407821655273,0.38360121846199036,0.8245285153388977,-0.16132134199142456,0.9967575073242188,0.5658724904060364,0.8559321165084839,-0.1561741679906845,0.9670799970626831,0.4044209122657776,0.8584379553794861,-0.1340920329093933,0.9862459897994995,0.6047460436820984,0.9130749106407166,-0.34427759051322937,0.9754067659378052,0.3563055098056793,0.9129737615585327,-0.32036885619163513,0.988749623298645
down,0.48415422439575195,0.2241615355014801,-0.6257004141807556,0.9999797940254211,0.49220603704452515,0.20023290812969208,-0.5955223441123962,0.9999454021453857,0.4969298839569092,0.1996130794286728,-0.595569908618927,0.9999634623527527,0.5010887384414673,0.19947081804275513,-0.5957318544387817,0.9998999238014221,0.4747224748134613,0.2021990865468979,-0.5971019268035889,0.9999251961708069,0.46866822242736816,0.2024722844362259,-0.5972121357917786,0.999955952167511,0.4633396565914154,0.20278921723365784,-0.5972017049789429,0.9999070763587952,0.508101224899292,0.20806007087230682,-0.4110105037689209,0.9999385476112366,0.45688527822494507,0.21103328466415405,-0.41859039664268494,0.9999647736549377,0.49313783645629883,0.24913305044174194,-0.5575233697891235,0.9999898076057434,0.47216421365737915,0.25149229168891907,-0.5598364472389221,0.9999900460243225,0.5528061389923096,0.3468707501888275,-0.29247674345970154,0.9998090267181396,0.4202682077884674,0.3412720263004303,-0.28594550490379333,0.9997584223747253,0.5735173225402832,0.5521790385246277,-0.536582350730896,0.9773091673851013,0.40417495369911194,0.5596165060997009,-0.49203944206237793,0.9767306447029114,0.5769307017326355,0.43725547194480896,-0.9152571558952332,0.9843795895576477,0.38692745566368103,0.4545084536075592,-0.853226363658905,0.9854810833930969,0.5765388011932373,0.42734628915786743,-0.9886762499809265,0.9729991555213928,0.3842555582523346,0.43945786356925964,-0.9186804890632629,0.9782378077507019,0.5724742412567139,0.4085031747817993,-0.9736760854721069,0.9683892130851746,0.3855232894420624,0.4082730710506439,-0.912833571434021,0.9733211994171143,0.5705896019935608,0.4102177917957306,-0.917766273021698,0.9258918762207031,0.3883267641067505,0.4111165404319763,-0.8582191467285156,0.9431548118591309,0.5294649004936218,0.5958178043365479,-0.003261320758610964,0.9993589520454407,0.44964972138404846,0.6022362112998962,0.0034046918153762817,0.9996401071548462,0.611178994178772,0.6028261184692383,-0.5729337334632874,0.9956621527671814,0.3540213406085968,0.6108872294425964,-0.5561433434486389,0.9955536723136902,0.581867516040802,0.822257399559021,-0.1821129322052002,0.9900083541870117,0.3837212026119232,0.8243996500968933,-0.16157303750514984,0.9970119595527649,0.5658476948738098,0.855786144733429,-0.15531736612319946,0.9691380262374878,0.4044521749019623,0.8584465980529785,-0.13408711552619934,0.987071692943573,0.6046509146690369,0.9130074381828308,-0.3434346318244934,0.976860523223877,0.3563788831233978,0.9130493998527527,-0.3222251236438751,0.9896206259727478
down,0.4841241240501404,0.224236398935318,-0.625625491142273,0.9999805688858032,0.49219197034835815,0.2002851516008377,-0.5953657031059265,0.9999473094940186,0.4969240128993988,0.1996592879295349,-0.5954148769378662,0.9999650716781616,0.5010870695114136,0.19950348138809204,-0.5955787301063538,0.9999027848243713,0.47469639778137207,0.2022021859884262,-0.5970143675804138,0.9999275803565979,0.4686475396156311,0.20245377719402313,-0.5971240997314453,0.9999576210975647,0.46332377195358276,0.20275738835334778,-0.5971134305000305,0.9999096393585205,0.5080559253692627,0.20808877050876617,-0.4107946753501892,0.9999411702156067,0.4568644165992737,0.2109760046005249,-0.41873279213905334,0.9999666213989258,0.493112176656723,0.24919486045837402,-0.5574511289596558,0.9999901652336121,0.47213515639305115,0.25150349736213684,-0.5598734021186829,0.9999904036521912,0.5529066324234009,0.347513884305954,-0.2925836741924286,0.9998098015785217,0.4200974404811859,0.3422209918498993,-0.2863010764122009,0.9997621774673462,0.5735706686973572,0.5535982251167297,-0.536824107170105,0.9777758121490479,0.4041205048561096,0.5596652030944824,-0.49294018745422363,0.9774141907691956,0.5768605470657349,0.4373137652873993,-0.9155470132827759,0.985083818435669,0.3868820071220398,0.45428845286369324,-0.8544669151306152,0.9859855771064758,0.576572060585022,0.42687878012657166,-0.9889519810676575,0.9740206599235535,0.3842529058456421,0.4394070506095886,-0.9198640584945679,0.978851854801178,0.5726025700569153,0.40810999274253845,-0.9739190340042114,0.9695501327514648,0.38553178310394287,0.4080847501754761,-0.9138367772102356,0.9739631414413452,0.57068932056427,0.41000598669052124,-0.9180395007133484,0.92802894115448,0.38832587003707886,0.4110678732395172,-0.8594087362289429,0.944195032119751,0.5293979048728943,0.5963693857192993,-0.0030136394780129194,0.999362587928772,0.44957002997398376,0.6028622388839722,0.003159239189699292,0.9996485710144043,0.611312985420227,0.6026871204376221,-0.5746497511863708,0.9958046674728394,0.3540548086166382,0.6109743118286133,-0.5563699007034302,0.9957159161567688,0.581808865070343,0.8221848607063293,-0.1849813461303711,0.9903027415275574,0.38375574350357056,0.8243563175201416,-0.16326434910297394,0.9971351623535156,0.5658228397369385,0.8557054996490479,-0.15829341113567352,0.9706135988235474,0.4044656753540039,0.8585684299468994,-0.13594762980937958,0.987558901309967,0.6046016216278076,0.9127868413925171,-0.34588903188705444,0.9775075316429138,0.35639649629592896,0.9131341576576233,-0.32367560267448425,0.990027904510498
down,0.4841066896915436,0.22427572309970856,-0.5851820707321167,0.9999811053276062,0.49218329787254333,0.2003197968006134,-0.5547958612442017,0.9999496340751648,0.4969206750392914,0.19969409704208374,-0.5548499822616577,0.9999665021896362,0.5010853409767151,0.19953513145446777,-0.5550132989883423,0.9999077916145325,0.47468534111976624,0.20221199095249176,-0.5569297075271606,0.9999309182167053,0.4686424136161804,0.20245029032230377,-0.5570310354232788,0.9999591112136841,0.4633232653141022,0.20274530351161957,-0.5570172667503357,0.999913215637207,0.5080251097679138,0.20815116167068481,-0.3737293481826782,0.9999439120292664,0.4568542540073395,0.210979625582695,-0.3838261365890503,0.9999678730964661,0.49309834837913513,0.24924781918525696,-0.5185278654098511,0.9999904632568359,0.4721176028251648,0.25153106451034546,-0.5215741991996765,0.9999906420707703,0.5527558326721191,0.3474818468093872,-0.26203256845474243,0.9998084902763367,0.4200509488582611,0.3427712619304657,-0.25844717025756836,0.9997599720954895,0.5735771059989929,0.5535536408424377,-0.4999677538871765,0.9784195423126221,0.4040946364402771,0.5595772862434387,-0.45875778794288635,0.9770535826683044,0.576849639415741,0.4372679889202118,-0.8739582896232605,0.9857329726219177,0.3868652880191803,0.45402875542640686,-0.8126713633537292,0.98590087890625,0.5765823125839233,0.42667120695114136,-0.9468088150024414,0.9749115705490112,0.3842519521713257,0.43931880593299866,-0.8768316507339478,0.9787246584892273,0.5726199746131897,0.4080391824245453,-0.9324063062667847,0.9706600904464722,0.38558489084243774,0.4080565571784973,-0.8725028038024902,0.9738585948944092,0.5706843137741089,0.4099816679954529,-0.876629650592804,0.9306632876396179,0.38838648796081543,0.4110126197338104,-0.8181308507919312,0.944270670413971,0.529348611831665,0.596595823764801,-0.0027976613491773605,0.9993476867675781,0.44952115416526794,0.6032187938690186,0.0029481893870979548,0.99964839220047,0.611500084400177,0.602487325668335,-0.5655644536018372,0.9958431720733643,0.3541414141654968,0.6107991337776184,-0.5507715344429016,0.9957468509674072,0.5817947387695312,0.8221363425254822,-0.1932428777217865,0.9902151823043823,0.3837472200393677,0.8245590925216675,-0.17284879088401794,0.9971228837966919,0.5657942891120911,0.8556944131851196,-0.16781014204025269,0.9713103771209717,0.40439391136169434,0.8592729568481445,-0.1469685137271881,0.9876629710197449,0.6046108603477478,0.912666380405426,-0.3518284857273102,0.9774214625358582,0.3561536371707916,0.9131178259849548,-0.3315417170524597,0.9899826645851135
down,0.48410263657569885,0.22429721057415009,-0.5467233657836914,0.9999825358390808,0.49219265580177307,0.20039056241512299,-0.516472339630127,0.9999548196792603,0.4969325065612793,0.19977258145809174,-0.5165318250656128,0.9999695420265198,0.501092791557312,0.19962158799171448,-0.5166975259780884,0.9999189376831055,0.47470054030418396,0.2022327482700348,-0.5189191102981567,0.9999380707740784,0.46867743134498596,0.2024526596069336,-0.5190120339393616,0.9999625086784363,0.46338319778442383,0.20273686945438385,-0.5189973711967468,0.9999216794967651,0.5080053806304932,0.20828479528427124,-0.3389774560928345,0.9999499917030334,0.45689064264297485,0.2109784036874771,-0.35008329153060913,0.9999704360961914,0.49309319257736206,0.24927355349063873,-0.4814085066318512,0.9999911785125732,0.47210320830345154,0.2515333294868469,-0.4847638010978699,0.9999913573265076,0.5523768663406372,0.3468879163265228,-0.23155459761619568,0.9998205900192261,0.4201253354549408,0.34265968203544617,-0.22988681495189667,0.9997643828392029,0.5736870765686035,0.5459805727005005,-0.46103209257125854,0.9799115061759949,0.4042205810546875,0.5568754076957703,-0.4198746085166931,0.9763886332511902,0.5770463943481445,0.43761876225471497,-0.8310015797615051,0.9867531061172485,0.3868679702281952,0.45405787229537964,-0.7666762471199036,0.9856975674629211,0.5766459107398987,0.42656806111335754,-0.9038750529289246,0.9763281941413879,0.38425230979919434,0.43958374857902527,-0.8304265141487122,0.978518009185791,0.5726799964904785,0.4079481363296509,-0.8905986547470093,0.9724327921867371,0.3856157958507538,0.4084583818912506,-0.8287380337715149,0.9738063216209412,0.5708411931991577,0.4100463092327118,-0.8340877294540405,0.9350180625915527,0.3884209394454956,0.4112103283405304,-0.7731486558914185,0.9447239637374878,0.5292558073997498,0.5965873003005981,-0.002602947410196066,0.9993489384651184,0.4494720995426178,0.6033598780632019,0.0027544437907636166,0.9996510744094849,0.6116241216659546,0.6021173596382141,-0.5539839267730713,0.9958440661430359,0.3542364239692688,0.6105332374572754,-0.5376638174057007,0.9957010746002197,0.5817826986312866,0.8221439123153687,-0.19951027631759644,0.9899908900260925,0.38371360301971436,0.8248893618583679,-0.1792638599872589,0.9970160126686096,0.5657669305801392,0.8557701110839844,-0.17559146881103516,0.9715543985366821,0.4043421149253845,0.8597720861434937,-0.15480759739875793,0.9874593615531921,0.6046759486198425,0.9126185178756714,-0.3558829724788666,0.9771481156349182,0.35591012239456177,0.9130041599273682,-0.3352908492088318,0.9896697402000427
down,0.48416924476623535,0.224456787109375,-0.5459385514259338,0.9999831318855286,0.4922306537628174,0.20058009028434753,-0.516221821308136,0.9999577403068542,0.49696511030197144,0.19996242225170135,-0.5162765979766846,0.9999708533287048,0.5011149644851685,0.19982248544692993,-0.5164388418197632,0.9999263286590576,0.474743515253067,0.2024375945329666,-0.5183687210083008,0.9999422430992126,0.4687318205833435,0.2026817947626114,-0.5184632539749146,0.9999637603759766,0.46344590187072754,0.2029331773519516,-0.5184482336044312,0.9999261498451233,0.5080127120018005,0.20847934484481812,-0.34001654386520386,0.9999533295631409,0.4569356441497803,0.21116231381893158,-0.34990599751472473,0.9999709129333496,0.4931616187095642,0.24946412444114685,-0.48102664947509766,0.9999915957450867,0.47216886281967163,0.2517091631889343,-0.4840244650840759,0.9999917149543762,0.5518755912780762,0.3456955552101135,-0.23221401870250702,0.999835729598999,0.42055362462997437,0.34223830699920654,-0.2284310758113861,0.9997678995132446,0.573695957660675,0.5422958135604858,-0.4606018662452698,0.9815325736999512,0.40466445684432983,0.5554395318031311,-0.4184166491031647,0.975890040397644,0.5776548981666565,0.4365617036819458,-0.8284145593643188,0.9878440499305725,0.38683319091796875,0.45429831743240356,-0.7662078142166138,0.9855359196662903,0.5767343044281006,0.4265894591808319,-0.9009455442428589,0.9779418110847473,0.384240984916687,0.439755380153656,-0.829938530921936,0.9783027172088623,0.5726363062858582,0.40810444951057434,-0.8873007893562317,0.9744176864624023,0.38563066720962524,0.4086205065250397,-0.8279821276664734,0.9738039970397949,0.5709123611450195,0.4101512134075165,-0.8310626745223999,0.939972996711731,0.3884260058403015,0.41140609979629517,-0.7725140452384949,0.9454650282859802,0.5291845798492432,0.5965114831924438,-0.0025304576847702265,0.999347448348999,0.4494558274745941,0.6033957004547119,0.0026887007988989353,0.9996433854103088,0.6116858124732971,0.6017816662788391,-0.5506433248519897,0.9957199692726135,0.35440558195114136,0.610121488571167,-0.5338236689567566,0.995539128780365,0.5817754864692688,0.8221554160118103,-0.20179514586925507,0.9894410371780396,0.3836482763290405,0.8249868750572205,-0.181324765086174,0.9967783689498901,0.5657365322113037,0.8558785915374756,-0.17810684442520142,0.9708086252212524,0.4043000340461731,0.8599584698677063,-0.1569374054670334,0.9868969917297363,0.604773223400116,0.9125789999961853,-0.3572899401187897,0.9761780500411987,0.35573476552963257,0.912964403629303,-0.3367401659488678,0.9889512062072754
down,0.4843622148036957,0.22468918561935425,-0.5268176794052124,0.9999832510948181,0.4923625886440277,0.20085406303405762,-0.4973011016845703,0.9999588131904602,0.49708133935928345,0.2002817988395691,-0.4973570704460144,0.9999710917472839,0.50119948387146,0.2001962512731552,-0.4975185990333557,0.9999297857284546,0.4749375283718109,0.2026071548461914,-0.4996587336063385,0.9999439716339111,0.4689110815525055,0.2028498500585556,-0.49974989891052246,0.9999639391899109,0.4636196494102478,0.2030673772096634,-0.4997331500053406,0.9999277591705322,0.5080724954605103,0.2088341861963272,-0.3233954906463623,0.9999541640281677,0.4570235311985016,0.21125231683254242,-0.3340732455253601,0.9999703168869019,0.493263304233551,0.24974219501018524,-0.4627103805541992,0.9999917149543762,0.4723204970359802,0.25191590189933777,-0.4659603536128998,0.9999917149543762,0.5515447854995728,0.3449208438396454,-0.2181561440229416,0.9998472332954407,0.4207613468170166,0.3418867886066437,-0.21471655368804932,0.9997687935829163,0.5737329721450806,0.5406688451766968,-0.43932247161865234,0.9827953577041626,0.40481895208358765,0.5554891228675842,-0.397988498210907,0.9757205843925476,0.5779979228973389,0.43562188744544983,-0.8037039041519165,0.9888026118278503,0.38673001527786255,0.45450398325920105,-0.7418652772903442,0.9856929183006287,0.5768442153930664,0.42666396498680115,-0.8760801553726196,0.9794461131095886,0.3842225670814514,0.43980419635772705,-0.8052630424499512,0.9785580635070801,0.5726029276847839,0.40825098752975464,-0.8635278940200806,0.9762275218963623,0.38561519980430603,0.4087638854980469,-0.8049370050430298,0.974301815032959,0.5709189176559448,0.41014912724494934,-0.8066646456718445,0.9443477392196655,0.3883359730243683,0.4115472137928009,-0.7487527132034302,0.946919858455658,0.5291485786437988,0.5964243412017822,-0.0025118538178503513,0.999343752861023,0.44945836067199707,0.6033376455307007,0.00267341872677207,0.9996315836906433,0.6117168664932251,0.6016835570335388,-0.5450685620307922,0.9955751895904541,0.3545617461204529,0.6100356578826904,-0.5266323685646057,0.9953596591949463,0.5817486047744751,0.8221573829650879,-0.20199677348136902,0.9888864755630493,0.38361144065856934,0.8249680995941162,-0.1806463599205017,0.996548056602478,0.5656657814979553,0.8559455871582031,-0.17833611369132996,0.9698939919471741,0.4042746126651764,0.8600000739097595,-0.15637971460819244,0.9863367080688477,0.6048715114593506,0.9125055074691772,-0.35587453842163086,0.9751067161560059,0.3556181490421295,0.9128561019897461,-0.33371061086654663,0.9882051348686218
down,0.4844346046447754,0.22483566403388977,-0.5369998812675476,0.9999833106994629,0.49242687225341797,0.20101195573806763,-0.5075017809867859,0.999959409236908,0.49714866280555725,0.2004701793193817,-0.5075546503067017,0.9999710321426392,0.5012566447257996,0.20042410492897034,-0.5077162981033325,0.9999322295188904,0.475041925907135,0.2026972472667694,-0.50954270362854,0.9999452233314514,0.46901315450668335,0.20293673872947693,-0.5096372961997986,0.9999638199806213,0.4637250006198883,0.2031378597021103,-0.5096215009689331,0.9999288320541382,0.5081414580345154,0.20917266607284546,-0.3329158425331116,0.9999544620513916,0.45708614587783813,0.2113262563943863,-0.34231996536254883,0.9999696612358093,0.4933100640773773,0.24997325241565704,-0.4727134704589844,0.9999917149543762,0.4723742604255676,0.25208374857902527,-0.4755651354789734,0.9999917149543762,0.5511860251426697,0.34434598684310913,-0.22644925117492676,0.9998539686203003,0.420869916677475,0.34115132689476013,-0.2215975522994995,0.9997682571411133,0.5737399458885193,0.539141058921814,-0.4508802890777588,0.9836278557777405,0.40490013360977173,0.555550754070282,-0.40980786085128784,0.9756736159324646,0.5781373381614685,0.4353029429912567,-0.8158003687858582,0.9893701076507568,0.3866423964500427,0.4545809328556061,-0.7574368715286255,0.9857907295227051,0.5769862532615662,0.4269263446331024,-0.8879728317260742,0.9803501963615417,0.38421425223350525,0.43995022773742676,-0.8210275769233704,0.9787262082099915,0.5726165175437927,0.4084945619106293,-0.8749068975448608,0.9773414731025696,0.385599821805954,0.40893062949180603,-0.819351851940155,0.9746833443641663,0.5709588527679443,0.4102083444595337,-0.8185874223709106,0.9472131729125977,0.3882657587528229,0.411642462015152,-0.7638277411460876,0.9481355547904968,0.5290411710739136,0.5962107181549072,-0.0024981393944472075,0.9993362426757812,0.4494331479072571,0.6031959652900696,0.002661199774593115,0.999620795249939,0.6117480993270874,0.6014779806137085,-0.5451852679252625,0.9954797029495239,0.35461369156837463,0.609988272190094,-0.5258685946464539,0.9952340722084045,0.5816442966461182,0.8221533298492432,-0.2014445811510086,0.9884644746780396,0.3836195170879364,0.824974000453949,-0.17980071902275085,0.9963549971580505,0.5655463933944702,0.8559795022010803,-0.1778700351715088,0.9691133499145508,0.40426793694496155,0.8600468039512634,-0.15573351085186005,0.9858559966087341,0.6049692034721375,0.9124559164047241,-0.35321468114852905,0.9741933941841125,0.35551321506500244,0.912736177444458,-0.33051028847694397,0.9875653386116028
down,0.48451146483421326,0.22487425804138184,-0.5522282719612122,0.9999822974205017,0.49248337745666504,0.20105122029781342,-0.5227536559104919,0.9999567270278931,0.4972115457057953,0.200510174036026,-0.5228043794631958,0.9999692440032959,0.5013090372085571,0.20046353340148926,-0.5229662656784058,0.9999275803565979,0.4751307964324951,0.20272420346736908,-0.5246660709381104,0.999941885471344,0.4690992832183838,0.20296190679073334,-0.5247630476951599,0.999961793422699,0.4638131558895111,0.20315994322299957,-0.5247533917427063,0.9999244809150696,0.5082055330276489,0.2092367559671402,-0.34823906421661377,0.9999516010284424,0.4571247696876526,0.21137040853500366,-0.35676199197769165,0.9999680519104004,0.49336495995521545,0.25004565715789795,-0.4879798889160156,0.9999911189079285,0.47244900465011597,0.25213855504989624,-0.4905838966369629,0.9999911785125732,0.5516595840454102,0.3449753224849701,-0.2413712739944458,0.9998476505279541,0.42088818550109863,0.34114524722099304,-0.2360803633928299,0.9997628927230835,0.5736511945724487,0.5391493439674377,-0.4684733748435974,0.9834423065185547,0.4049375653266907,0.5556380748748779,-0.42696380615234375,0.976159393787384,0.5780566334724426,0.4355590045452118,-0.8358588218688965,0.9893035888671875,0.38660407066345215,0.45461323857307434,-0.7760351896286011,0.9859625697135925,0.5770384073257446,0.42701005935668945,-0.9072826504707336,0.9802683591842651,0.3841952383518219,0.4399954378604889,-0.8401511311531067,0.9788886904716492,0.5726539492607117,0.40852025151252747,-0.894252598285675,0.9772202968597412,0.38559091091156006,0.40901002287864685,-0.8380908966064453,0.9748271703720093,0.5709951519966125,0.4102267920970917,-0.8387714624404907,0.9469318985939026,0.38825076818466187,0.4116979241371155,-0.782244086265564,0.9483765959739685,0.5290298461914062,0.5961980819702148,-0.002494113054126501,0.9993034601211548,0.4494280219078064,0.6031963229179382,0.0026570535264909267,0.9996066689491272,0.6117649078369141,0.6013695001602173,-0.5513606667518616,0.9953694939613342,0.3546440899372101,0.6099513173103333,-0.5309197306632996,0.9951448440551758,0.5815778970718384,0.8221220374107361,-0.19939258694648743,0.9881575703620911,0.38365453481674194,0.8249998092651367,-0.17705592513084412,0.996279776096344,0.5654856562614441,0.8560041785240173,-0.17527219653129578,0.968365490436554,0.4042828679084778,0.8601105809211731,-0.1524808704853058,0.9857197403907776,0.6049994230270386,0.9124187231063843,-0.3526735007762909,0.9733216762542725,0.35541439056396484,0.9126275181770325,-0.32946640253067017,0.9872710704803467
down,0.37093520164489746,0.16633456945419312,-0.2760094404220581,0.999994158744812,0.38268595933914185,0.13734889030456543,-0.2880214750766754,0.9999972581863403,0.3889763355255127,0.1340009570121765,-0.2879982590675354,0.9999971389770508,0.3958820700645447,0.13106244802474976,-0.28810492157936096,0.9999969005584717,0.372922420501709,0.14423102140426636,-0.24912790954113007,0.9999970197677612,0.37166449427604675,0.14549818634986877,-0.24920590221881866,0.9999969005584717,0.37038588523864746,0.14631769061088562,-0.24914459884166718,0.9999954700469971,0.421743780374527,0.1412084400653839,-0.2710379958152771,0.9999970197677612,0.393400102853775,0.14791762828826904,-0.10224656760692596,0.9999895095825195,0.38895678520202637,0.19118717312812805,-0.2682979106903076,0.9999969005584717,0.3786945044994354,0.19327132403850555,-0.21966151893138885,0.9999943971633911,0.4808732569217682,0.30466529726982117,-0.3283303380012512,0.9999346733093262,0.41156530380249023,0.27430322766304016,0.07336116582155228,0.9997336268424988,0.4392033517360687,0.5267383456230164,-0.3072447180747986,0.9688169360160828,0.40321701765060425,0.423162579536438,0.053410016000270844,0.1129804402589798,0.3590533137321472,0.42355698347091675,-0.13635671138763428,0.9884174466133118,0.3451351523399353,0.41209110617637634,-0.13047829270362854,0.31654244661331177,0.33719325065612793,0.41044262051582336,-0.1451108306646347,0.982099175453186,0.3177452087402344,0.3873816132545471,-0.14007914066314697,0.37783730030059814,0.3446890711784363,0.3776979148387909,-0.15000909566879272,0.9811205267906189,0.33469855785369873,0.3763676881790161,-0.1497413069009781,0.36209365725517273,0.3572748303413391,0.377901554107666,-0.13115736842155457,0.9703847169876099,0.34936878085136414,0.3780525326728821,-0.1408589482307434,0.35822758078575134,0.5647468566894531,0.5552535653114319,-0.1101130023598671,0.9999885559082031,0.5101494789123535,0.5253679752349854,0.10993263870477676,0.9999450445175171,0.46414715051651,0.59128338098526,-0.4713442921638489,0.9947214126586914,0.3773619532585144,0.503275990486145,0.018762359395623207,0.6654648780822754,0.5225375294685364,0.849281370639801,-0.361078143119812,0.9918828010559082,0.44180870056152344,0.7191585302352905,0.131568044424057,0.7481977939605713,0.5486693978309631,0.8859761357307434,-0.3492051362991333,0.976543128490448,0.4671033024787903,0.7589476108551025,0.14042110741138458,0.7399613857269287,0.4688867926597595,0.931821882724762,-0.4420177936553955,0.9921678900718689,0.38490599393844604,0.7817888855934143,0.09585251659154892,0.854231595993042
down,0.3732825815677643,0.1569955050945282,-0.2532227039337158,0.9999925494194031,0.3845791220664978,0.13103508949279785,-0.26709064841270447,0.9999961853027344,0.39074721932411194,0.12881724536418915,-0.2670789361000061,0.9999962449073792,0.39718809723854065,0.12681299448013306,-0.2672150731086731,0.9999959468841553,0.37365689873695374,0.13545890152454376,-0.22470831871032715,0.9999955296516418,0.371930867433548,0.13598378002643585,-0.22480598092079163,0.9999954700469971,0.3704224228858948,0.13638299703598022,-0.22474269568920135,0.9999937415122986,0.4219321608543396,0.1381199061870575,-0.263229101896286,0.9999958276748657,0.39179009199142456,0.14139185845851898,-0.08030463010072708,0.999985933303833,0.3895065486431122,0.18735529482364655,-0.25156861543655396,0.999995768070221,0.3791826069355011,0.18575984239578247,-0.19841201603412628,0.999992311000824,0.4809367060661316,0.3023320734500885,-0.3254936933517456,0.9999154210090637,0.40972715616226196,0.2962397336959839,0.0731939896941185,0.9996811747550964,0.4391140043735504,0.5277113914489746,-0.3077746033668518,0.9691383242607117,0.39679813385009766,0.4671952426433563,0.01349488366395235,0.1293940544128418,0.35875338315963745,0.4205572307109833,-0.13007333874702454,0.9868496060371399,0.3451835513114929,0.41208547353744507,-0.2129448652267456,0.3213321268558502,0.33488771319389343,0.4005891680717468,-0.1440238356590271,0.9794825911521912,0.3176668882369995,0.3755806088447571,-0.23005099594593048,0.37032878398895264,0.3442111611366272,0.37690022587776184,-0.14316107332706451,0.9784353971481323,0.3344429135322571,0.3716510236263275,-0.23457327485084534,0.35499507188796997,0.3571605384349823,0.3773450255393982,-0.12310431897640228,0.966271698474884,0.3507169783115387,0.3782605528831482,-0.2228986769914627,0.3486829102039337,0.5708936452865601,0.5583201050758362,-0.10640698671340942,0.9999875426292419,0.5131183862686157,0.5361645817756653,0.10632073879241943,0.9999442100524902,0.4631088674068451,0.5912207961082458,-0.490888774394989,0.9939196109771729,0.3898484408855438,0.5039709806442261,-0.003560456680133939,0.6556147933006287,0.5225969552993774,0.84821617603302,-0.3237883448600769,0.9905913472175598,0.44329899549484253,0.7315526604652405,0.17004072666168213,0.7432579398155212,0.5485018491744995,0.885751485824585,-0.3073107600212097,0.9740363955497742,0.4669725298881531,0.7608951330184937,0.1847608983516693,0.7348228693008423,0.4698610305786133,0.9315442442893982,-0.39963141083717346,0.9908996820449829,0.38657113909721375,0.7911946773529053,0.13641048967838287,0.848702609539032
down,0.3738928437232971,0.15658427774906158,-0.24773547053337097,0.9999893307685852,0.3850935101509094,0.1317923367023468,-0.2628669738769531,0.9999940395355225,0.3912772238254547,0.12971146404743195,-0.26284533739089966,0.9999945759773254,0.3976137042045593,0.12784560024738312,-0.2629658579826355,0.9999942779541016,0.3742624819278717,0.13509076833724976,-0.22002431750297546,0.9999925494194031,0.37257736921310425,0.1356547474861145,-0.22013838589191437,0.9999927878379822,0.3710978925228119,0.1361015886068344,-0.2200966775417328,0.999990701675415,0.42204728722572327,0.13827699422836304,-0.26563629508018494,0.999993622303009,0.3927724361419678,0.14095014333724976,-0.08107074350118637,0.9999804496765137,0.38966894149780273,0.18730373680591583,-0.2490236461162567,0.9999936819076538,0.37974947690963745,0.18539585173130035,-0.19504208862781525,0.9999884366989136,0.48213720321655273,0.3015806972980499,-0.32970935106277466,0.9998880624771118,0.4095854163169861,0.2993903160095215,0.06110271066427231,0.9996081590652466,0.4394015371799469,0.5268715620040894,-0.32027146220207214,0.9697430729866028,0.3961137533187866,0.4839285910129547,0.0013681566342711449,0.15010473132133484,0.35831791162490845,0.41970255970954895,-0.16611243784427643,0.9855446815490723,0.344809353351593,0.41322606801986694,-0.22685499489307404,0.33419057726860046,0.33381137251853943,0.3999117910861969,-0.18278512358665466,0.977246880531311,0.3169282078742981,0.37637269496917725,-0.24574878811836243,0.3704545199871063,0.34351542592048645,0.37601619958877563,-0.18416132032871246,0.9761795997619629,0.33307647705078125,0.37028804421424866,-0.2505593001842499,0.35596707463264465,0.3567133843898773,0.3767356872558594,-0.16090719401836395,0.9625093340873718,0.350518137216568,0.3782643675804138,-0.23670606315135956,0.3460886776447296,0.5729720592498779,0.5593633055686951,-0.10437017679214478,0.999984085559845,0.5148327350616455,0.5380016565322876,0.1042993813753128,0.9999369978904724,0.4627262055873871,0.592336893081665,-0.4877774119377136,0.9932316541671753,0.38425999879837036,0.5069990158081055,-0.005901949014514685,0.6542564034461975,0.5228424668312073,0.8479576110839844,-0.32107311487197876,0.9893296957015991,0.44356098771095276,0.7333251237869263,0.1610623449087143,0.7371799349784851,0.5486615896224976,0.886038064956665,-0.3047890067100525,0.9713890552520752,0.46623295545578003,0.7623447775840759,0.17565220594406128,0.7292889356613159,0.4700829088687897,0.931437611579895,-0.3983910381793976,0.9894239902496338,0.38728731870651245,0.7923200726509094,0.12610343098640442,0.8412089347839355
down,0.37382227182388306,0.1560865342617035,-0.24180284142494202,0.9999870657920837,0.385012686252594,0.1313498169183731,-0.2584831416606903,0.9999926090240479,0.3910553753376007,0.12942281365394592,-0.2584550976753235,0.9999933838844299,0.3973274528980255,0.12776771187782288,-0.2585662305355072,0.9999930262565613,0.3746079206466675,0.13427655398845673,-0.21507255733013153,0.9999903440475464,0.3729906678199768,0.13467422127723694,-0.2151833474636078,0.9999908804893494,0.3715716004371643,0.13493402302265167,-0.21513716876506805,0.9999884963035583,0.42198705673217773,0.13842259347438812,-0.2659803032875061,0.9999920129776001,0.3936454653739929,0.140257328748703,-0.0794966071844101,0.9999765753746033,0.38927263021469116,0.18721865117549896,-0.24510912597179413,0.999992311000824,0.37977153062820435,0.1852351576089859,-0.1903136968612671,0.999985933303833,0.48215994238853455,0.301697701215744,-0.329326331615448,0.9998713731765747,0.40949368476867676,0.30003759264945984,0.06162082403898239,0.9995624423027039,0.4393719732761383,0.5266444087028503,-0.31038424372673035,0.9706921577453613,0.3968188166618347,0.4633738696575165,0.0067881206050515175,0.1658216267824173,0.35855740308761597,0.42006826400756836,-0.1504720002412796,0.9847500324249268,0.3463937044143677,0.41424450278282166,-0.21785111725330353,0.34628909826278687,0.333912193775177,0.4001063108444214,-0.167280375957489,0.9757127165794373,0.31907230615615845,0.3792155086994171,-0.235407754778862,0.3730987310409546,0.3435790538787842,0.3761952221393585,-0.16967448592185974,0.9746609330177307,0.33452683687210083,0.3709641695022583,-0.24129347503185272,0.3600221276283264,0.35681167244911194,0.37685996294021606,-0.14580997824668884,0.9599474668502808,0.35158106684684753,0.3789580166339874,-0.227863147854805,0.34777215123176575,0.5730885863304138,0.5594525337219238,-0.10268072783946991,0.9999808073043823,0.514866054058075,0.5373939871788025,0.10262942314147949,0.9999277591705322,0.4616164267063141,0.5921540856361389,-0.470742404460907,0.9929183125495911,0.3834863305091858,0.5084173679351807,0.004805699456483126,0.6537693738937378,0.5224193334579468,0.8473420739173889,-0.32188114523887634,0.9885386824607849,0.4415525794029236,0.7325422763824463,0.17155727744102478,0.7308067083358765,0.5486627817153931,0.8856610059738159,-0.3070754110813141,0.969430148601532,0.4635763168334961,0.7616293430328369,0.18625956773757935,0.724242627620697,0.47006139159202576,0.9310488104820251,-0.40482568740844727,0.9884173274040222,0.3832433819770813,0.7888189554214478,0.1363421231508255,0.8350921273231506
down,0.3732058107852936,0.1555507928133011,-0.24139627814292908,0.9999857544898987,0.38405641913414,0.13035419583320618,-0.2573164105415344,0.9999916553497314,0.3897351324558258,0.12853416800498962,-0.25728774070739746,0.9999926686286926,0.3958345651626587,0.1269761472940445,-0.25739842653274536,0.999992311000824,0.37437519431114197,0.13331133127212524,-0.21428963541984558,0.999988853931427,0.3728640675544739,0.1336519867181778,-0.21439342200756073,0.9999894499778748,0.3715330958366394,0.13385815918445587,-0.21433520317077637,0.999987006187439,0.42143377661705017,0.13816438615322113,-0.26492518186569214,0.9999910593032837,0.39378273487091064,0.13944312930107117,-0.0775722861289978,0.9999740123748779,0.3883243501186371,0.18727107346057892,-0.24354080855846405,0.9999913573265076,0.37951287627220154,0.18520374596118927,-0.18938080966472626,0.9999843239784241,0.48097139596939087,0.30347493290901184,-0.3296172618865967,0.9998618960380554,0.409978449344635,0.29955780506134033,0.06738896667957306,0.9995344281196594,0.43802934885025024,0.5278559923171997,-0.30783605575561523,0.9718464612960815,0.39803948998451233,0.4502033293247223,0.024504970759153366,0.1711115539073944,0.3581658899784088,0.4202406108379364,-0.13775356113910675,0.9843370914459229,0.34708935022354126,0.41383475065231323,-0.18883618712425232,0.3435814082622528,0.3334444463253021,0.39972665905952454,-0.15175803005695343,0.9747104644775391,0.31956982612609863,0.3782254159450531,-0.2041420042514801,0.3644559979438782,0.3434949517250061,0.37624773383140564,-0.15391851961612701,0.9736446142196655,0.33629941940307617,0.3710932731628418,-0.21149268746376038,0.3527560532093048,0.3566707670688629,0.37688419222831726,-0.13249212503433228,0.9584452509880066,0.35335010290145874,0.37907007336616516,-0.1994846910238266,0.3400273621082306,0.5731437802314758,0.5593842267990112,-0.10246920585632324,0.9999769926071167,0.5153087973594666,0.53696608543396,0.10242573171854019,0.999918520450592,0.46204644441604614,0.5932724475860596,-0.46696561574935913,0.9923627972602844,0.39725086092948914,0.5137309432029724,-0.006101483479142189,0.6533975601196289,0.5225006341934204,0.8476470708847046,-0.3200299143791199,0.9871436357498169,0.4447018504142761,0.7349012494087219,0.14425231516361237,0.7234174609184265,0.5489894151687622,0.8890215754508972,-0.30492308735847473,0.9661929607391357,0.4657784402370453,0.7631644606590271,0.15739235281944275,0.718113124370575,0.46767035126686096,0.9299860000610352,-0.40048104524612427,0.9871101975440979,0.38982975482940674,0.8011249899864197,0.1043166071176529,0.8305847644805908
down,0.373181015253067,0.1559968739748001,-0.2396080493927002,0.9999843835830688,0.3838953375816345,0.13068915903568268,-0.2564867436885834,0.999990701675415,0.3893631100654602,0.12885600328445435,-0.2564578950405121,0.9999918937683105,0.3952745795249939,0.12732885777950287,-0.2565668523311615,0.9999916553497314,0.3746415078639984,0.13359865546226501,-0.21262410283088684,0.9999874830245972,0.373323917388916,0.13386309146881104,-0.21273191273212433,0.999988317489624,0.3721837103366852,0.13399240374565125,-0.21267542243003845,0.9999856948852539,0.4209183156490326,0.13825677335262299,-0.2674686312675476,0.9999901652336121,0.3942064642906189,0.1392635703086853,-0.07663659006357193,0.9999721050262451,0.3881671726703644,0.1873679757118225,-0.24326562881469727,0.9999906420707703,0.3795492947101593,0.18542669713497162,-0.1880873441696167,0.9999831318855286,0.48047953844070435,0.30465492606163025,-0.3304542601108551,0.9998584389686584,0.40999364852905273,0.29926636815071106,0.06693316251039505,0.9995207786560059,0.43758028745651245,0.528042733669281,-0.3063473105430603,0.9723802208900452,0.4001332223415375,0.4490763247013092,0.026454519480466843,0.17115990817546844,0.35817521810531616,0.42049381136894226,-0.13317903876304626,0.983788251876831,0.348425954580307,0.41362619400024414,-0.18568682670593262,0.3405657112598419,0.33345741033554077,0.399801641702652,-0.14714346826076508,0.9734644293785095,0.3205500841140747,0.37935498356819153,-0.20070162415504456,0.3566950559616089,0.34350472688674927,0.37659186124801636,-0.14867432415485382,0.9722789525985718,0.33689746260643005,0.37130987644195557,-0.20854809880256653,0.3466053903102875,0.3566439151763916,0.3770156800746918,-0.12773767113685608,0.9563829302787781,0.3537864089012146,0.37905704975128174,-0.1964225471019745,0.33388373255729675,0.5731678009033203,0.5594258904457092,-0.10264889895915985,0.999974250793457,0.5151618719100952,0.5366663932800293,0.10260812193155289,0.9999114871025085,0.46259674429893494,0.5935614705085754,-0.46563977003097534,0.9923070073127747,0.3852096498012543,0.512949526309967,-0.002746778540313244,0.6550512909889221,0.5230291485786438,0.849084734916687,-0.32573723793029785,0.9863523244857788,0.44647207856178284,0.7353979349136353,0.14820680022239685,0.721238374710083,0.5494213700294495,0.8934205770492554,-0.3120919167995453,0.9632964730262756,0.46790367364883423,0.7634695172309875,0.16143104434013367,0.7157852649688721,0.46685224771499634,0.9300962090492249,-0.4126512110233307,0.9862633347511292,0.39020392298698425,0.8004356622695923,0.10856340080499649,0.8306623101234436
down,0.37299463152885437,0.15606655180454254,-0.24036169052124023,0.9999837875366211,0.38331764936447144,0.1308012455701828,-0.2569570541381836,0.9999903440475464,0.38848739862442017,0.12900584936141968,-0.25692805647850037,0.9999916553497314,0.39422452449798584,0.12748932838439941,-0.2570394277572632,0.9999913573265076,0.3745307922363281,0.13366886973381042,-0.21375784277915955,0.9999868869781494,0.37324580550193787,0.13393712043762207,-0.21386632323265076,0.9999878406524658,0.3721192479133606,0.13406772911548615,-0.2138131856918335,0.9999853372573853,0.4202860891819,0.138592928647995,-0.2683367431163788,0.9999897480010986,0.39416709542274475,0.13924174010753632,-0.07925902307033539,0.9999719858169556,0.38777846097946167,0.18735939264297485,-0.24373479187488556,0.9999902844429016,0.37937691807746887,0.18543516099452972,-0.1892455518245697,0.9999825954437256,0.48023515939712524,0.3045925498008728,-0.3291282057762146,0.9998494386672974,0.40939944982528687,0.2990243434906006,0.06106491759419441,0.9995101094245911,0.4375752806663513,0.528003454208374,-0.3025786280632019,0.9724282026290894,0.40022915601730347,0.4720131456851959,0.017878333106637,0.17912913858890533,0.35817092657089233,0.42219164967536926,-0.13309107720851898,0.9832980632781982,0.34880122542381287,0.4158053994178772,-0.19598467648029327,0.34948375821113586,0.33348673582077026,0.4015085995197296,-0.14765937626361847,0.972436785697937,0.3223428726196289,0.38397547602653503,-0.21197561919689178,0.3618476092815399,0.3433198630809784,0.37802883982658386,-0.14980721473693848,0.9712046980857849,0.3371410667896271,0.3735519051551819,-0.21985292434692383,0.3527417480945587,0.3563855290412903,0.3780743181705475,-0.12787829339504242,0.9549276232719421,0.35357481241226196,0.37996551394462585,-0.2066722810268402,0.339506596326828,0.5730270147323608,0.5594781637191772,-0.10125714540481567,0.9999712109565735,0.5141534805297852,0.5364701747894287,0.1012195572257042,0.9999046325683594,0.462679922580719,0.5939726829528809,-0.4614509046077728,0.9922574758529663,0.3828628659248352,0.5116961598396301,-0.001907449564896524,0.6566534638404846,0.5226303935050964,0.8493083715438843,-0.3199779987335205,0.985722005367279,0.44655099511146545,0.7355195879936218,0.1521444320678711,0.7187448143959045,0.5492813587188721,0.8930246233940125,-0.30567672848701477,0.9614490866661072,0.468025267124176,0.7640212774276733,0.1661556363105774,0.7124635577201843,0.4664549231529236,0.9299399256706238,-0.40400415658950806,0.9854947328567505,0.3890511095523834,0.7998518943786621,0.11468038707971573,0.8285781145095825
down,0.37289363145828247,0.15656274557113647,-0.25445178151130676,0.999984622001648,0.3832544684410095,0.131025493144989,-0.26924291253089905,0.9999906420707703,0.3884585499763489,0.12915140390396118,-0.26921647787094116,0.9999918341636658,0.3942592144012451,0.12760786712169647,-0.2693384289741516,0.9999915957450867,0.3743419051170349,0.13421271741390228,-0.2279369831085205,0.9999873042106628,0.3729754090309143,0.13457880914211273,-0.22804327309131622,0.9999881386756897,0.37174099683761597,0.1348058432340622,-0.2279878556728363,0.9999856948852539,0.4202895760536194,0.1388682723045349,-0.2716057300567627,0.9999899864196777,0.3935738503932953,0.13942255079746246,-0.09198634326457977,0.9999725818634033,0.3878614902496338,0.18757428228855133,-0.25431984663009644,0.999990701675415,0.3793340027332306,0.18603160977363586,-0.20249946415424347,0.9999832510948181,0.48002052307128906,0.3045479953289032,-0.3307879567146301,0.9998427629470825,0.40869054198265076,0.2990085780620575,0.0531785786151886,0.9995111227035522,0.4376096725463867,0.5280126929283142,-0.30351823568344116,0.9734347462654114,0.39978939294815063,0.4782315194606781,0.003826235653832555,0.1849207580089569,0.3583236038684845,0.423615425825119,-0.13550934195518494,0.9835768938064575,0.3488346338272095,0.41767293214797974,-0.2151818573474884,0.35726305842399597,0.3337059020996094,0.40377727150917053,-0.1498347669839859,0.9727299809455872,0.3226744532585144,0.38745298981666565,-0.23201707005500793,0.3679238259792328,0.3433087468147278,0.3792203664779663,-0.15178702771663666,0.9716075658798218,0.3370566666126251,0.37489020824432373,-0.238847017288208,0.35859280824661255,0.35631638765335083,0.3786911070346832,-0.130091592669487,0.9556134343147278,0.353037565946579,0.38040152192115784,-0.22552171349525452,0.3448203206062317,0.5723308324813843,0.5596354007720947,-0.09962810575962067,0.9999703764915466,0.5129142999649048,0.536470353603363,0.09956355392932892,0.9999025464057922,0.4623525142669678,0.5945258140563965,-0.46221065521240234,0.9919288754463196,0.3815322816371918,0.5103533864021301,-0.004040636122226715,0.6567177772521973,0.5222645401954651,0.8486851453781128,-0.307359904050827,0.9850562214851379,0.4458800256252289,0.733622133731842,0.16271638870239258,0.7151368260383606,0.5492892861366272,0.8892152309417725,-0.2912675738334656,0.9601011872291565,0.4676986634731293,0.76279616355896,0.1783018261194229,0.7077606916427612,0.46765604615211487,0.9305036664009094,-0.38663122057914734,0.9849185943603516,0.38814833760261536,0.7973910570144653,0.12947331368923187,0.8247166872024536
down,0.3728732466697693,0.1569216251373291,-0.2555808126926422,0.999984860420227,0.38331857323646545,0.13112089037895203,-0.2698282301425934,0.9999905824661255,0.38868221640586853,0.12921175360679626,-0.2698020339012146,0.999991774559021,0.3946942090988159,0.12767378985881805,-0.26992490887641907,0.9999915361404419,0.37428396940231323,0.13451087474822998,-0.22896674275398254,0.9999873042106628,0.3728339374065399,0.13494686782360077,-0.2290709763765335,0.9999880790710449,0.37146884202957153,0.1352451592683792,-0.22901609539985657,0.99998539686203,0.42040926218032837,0.1390819549560547,-0.2708016633987427,0.999989926815033,0.39279526472091675,0.13977430760860443,-0.09248008579015732,0.9999715685844421,0.3881700932979584,0.18772411346435547,-0.2547115087509155,0.999990701675415,0.37931281328201294,0.18646922707557678,-0.20347730815410614,0.9999831914901733,0.4800689220428467,0.30449292063713074,-0.3308168947696686,0.9998363256454468,0.4081360697746277,0.29882317781448364,0.05392642691731453,0.9994989037513733,0.4377208650112152,0.527964174747467,-0.3044021427631378,0.9740524888038635,0.3994769752025604,0.4673902690410614,0.0047499919310212135,0.18424393236637115,0.358424574136734,0.4236777424812317,-0.13648554682731628,0.9837021827697754,0.3487475514411926,0.41780170798301697,-0.21311017870903015,0.3560057580471039,0.3338357210159302,0.4040081799030304,-0.1496385782957077,0.9728948473930359,0.3196798264980316,0.38265231251716614,-0.22956109046936035,0.3667345941066742,0.34335166215896606,0.37924903631210327,-0.15146109461784363,0.9718647599220276,0.33644962310791016,0.37474894523620605,-0.235932856798172,0.35699060559272766,0.3563116788864136,0.3786219358444214,-0.13086488842964172,0.9559745788574219,0.35250502824783325,0.3803003430366516,-0.22323422133922577,0.34331756830215454,0.5721176862716675,0.5596160888671875,-0.09958946704864502,0.9999696016311646,0.5127254128456116,0.5363801717758179,0.09952283650636673,0.9998984336853027,0.462226003408432,0.595298171043396,-0.4650537073612213,0.9916802048683167,0.3809025287628174,0.5105903148651123,0.0010719795245677233,0.6562614440917969,0.52234947681427,0.8486332297325134,-0.3111865520477295,0.9848198890686035,0.4451351761817932,0.7322890162467957,0.1712181568145752,0.7101589441299438,0.5493806600570679,0.8879856467247009,-0.29554393887519836,0.9596194624900818,0.4671975076198578,0.7622771263122559,0.18687307834625244,0.7031772136688232,0.46739545464515686,0.9305459856987,-0.39130231738090515,0.9848141074180603,0.3868127465248108,0.7950640320777893,0.13984565436840057,0.8202959299087524
down,0.37286168336868286,0.15743087232112885,-0.25848618149757385,0.9999833106994629,0.38336753845214844,0.1312621533870697,-0.2716978192329407,0.99998939037323,0.3888881206512451,0.1292826384305954,-0.2716659903526306,0.9999907612800598,0.39507681131362915,0.12772630155086517,-0.2717810273170471,0.9999905228614807,0.37410613894462585,0.13503789901733398,-0.23205754160881042,0.9999859929084778,0.37250491976737976,0.13554227352142334,-0.2321634590625763,0.9999867081642151,0.37094226479530334,0.1358676701784134,-0.23212143778800964,0.9999837279319763,0.4205605089664459,0.13907577097415924,-0.2697867155075073,0.9999884366989136,0.39223572611808777,0.13992807269096375,-0.09598524868488312,0.999967634677887,0.38864845037460327,0.187820166349411,-0.25626859068870544,0.9999894499778748,0.3793172538280487,0.1869763433933258,-0.2065928727388382,0.9999813437461853,0.4808111786842346,0.30345040559768677,-0.3291580080986023,0.9998200535774231,0.40705451369285583,0.29806315898895264,0.04990122467279434,0.9994701147079468,0.4377640187740326,0.5275861620903015,-0.306368887424469,0.9737023115158081,0.39865779876708984,0.45170295238494873,-0.004025190137326717,0.18893615901470184,0.35819414258003235,0.42350897192955017,-0.1504347324371338,0.9835993647575378,0.34818631410598755,0.41752541065216064,-0.22382764518260956,0.36244380474090576,0.33383631706237793,0.4040677845478058,-0.16400274634361267,0.9727887511253357,0.3182166814804077,0.379895955324173,-0.24122647941112518,0.3715352714061737,0.3432285189628601,0.37917014956474304,-0.16610784828662872,0.9717916250228882,0.33536720275878906,0.37386322021484375,-0.2456587851047516,0.36064788699150085,0.3559979796409607,0.37843039631843567,-0.145210400223732,0.955810010433197,0.35186052322387695,0.37978264689445496,-0.23308932781219482,0.3459036648273468,0.5721938014030457,0.5589734315872192,-0.09858591854572296,0.9999668598175049,0.5127128958702087,0.5356740355491638,0.09849891811609268,0.9998888373374939,0.4623090326786041,0.596133828163147,-0.4633309245109558,0.9914137125015259,0.3803641200065613,0.5125579833984375,0.00017646302876528352,0.6573198437690735,0.522598385810852,0.8489094972610474,-0.3274229168891907,0.9846466779708862,0.444438636302948,0.7313353419303894,0.158250629901886,0.704230546951294,0.5496459007263184,0.8876625299453735,-0.31417277455329895,0.958716630935669,0.46671468019485474,0.7622309327125549,0.17256471514701843,0.6971715688705444,0.4662606716156006,0.9313420057296753,-0.4163762927055359,0.9846786856651306,0.3859519958496094,0.7938771843910217,0.12171386182308197,0.8153587579727173
down,0.3725680708885193,0.15779761970043182,-0.26200681924819946,0.9999812841415405,0.3832062780857086,0.13149717450141907,-0.2749835252761841,0.9999879002571106,0.38884180784225464,0.12938205897808075,-0.2749477028846741,0.9999895095825195,0.39509910345077515,0.12776067852973938,-0.27505674958229065,0.9999892711639404,0.37353065609931946,0.13564783334732056,-0.23558218777179718,0.9999843239784241,0.37185606360435486,0.13617202639579773,-0.2356949746608734,0.9999850392341614,0.3702431917190552,0.1364884227514267,-0.23566190898418427,0.9999818801879883,0.4205739498138428,0.13898231089115143,-0.27113616466522217,0.9999865293502808,0.3919106721878052,0.1399194598197937,-0.0995820164680481,0.9999635815620422,0.38875478506088257,0.18802136182785034,-0.2595803439617157,0.9999878406524658,0.3792762756347656,0.18738263845443726,-0.21015730500221252,0.9999788999557495,0.48179054260253906,0.30193549394607544,-0.32891717553138733,0.9998013377189636,0.4060949683189392,0.29752904176712036,0.043978430330753326,0.9994408488273621,0.4377504885196686,0.5269663333892822,-0.3124760091304779,0.9730905294418335,0.398063063621521,0.4518139660358429,-0.014857573434710503,0.19861049950122833,0.35731035470962524,0.42264285683631897,-0.16708767414093018,0.9833784699440002,0.3463762402534485,0.41724640130996704,-0.239749476313591,0.37604376673698425,0.333385705947876,0.40276116132736206,-0.18264815211296082,0.9725272059440613,0.3177339434623718,0.3792393207550049,-0.2592391073703766,0.3824343681335449,0.3431270718574524,0.37718671560287476,-0.18516495823860168,0.9715376496315002,0.33353111147880554,0.37042728066444397,-0.2627909183502197,0.3702796995639801,0.3557753264904022,0.37711265683174133,-0.16245989501476288,0.9553780555725098,0.35051482915878296,0.37785202264785767,-0.24879007041454315,0.3534950315952301,0.5722520351409912,0.5586192011833191,-0.09739845246076584,0.9999633431434631,0.5125976204872131,0.5353781580924988,0.09729595482349396,0.9998793601989746,0.46244826912879944,0.5965180397033691,-0.46299758553504944,0.9912484884262085,0.3802238702774048,0.5140565037727356,-0.006782120559364557,0.6648004651069641,0.5226436853408813,0.8490046262741089,-0.3287453055381775,0.9846671223640442,0.4442202150821686,0.7310643792152405,0.15033560991287231,0.7044904828071594,0.5497932434082031,0.8876274228096008,-0.315126895904541,0.9579814076423645,0.4665289521217346,0.7624525427818298,0.1646449714899063,0.6958985924720764,0.4661886692047119,0.9322166442871094,-0.41767746210098267,0.9846259951591492,0.3847092092037201,0.7930543422698975,0.11199811846017838,0.8140671253204346
down,0.3728317618370056,0.15799659490585327,-0.2658992409706116,0.9999790787696838,0.3837796449661255,0.13173817098140717,-0.2776341140270233,0.9999863505363464,0.3896448612213135,0.12956884503364563,-0.2775983512401581,0.9999881386756897,0.39601895213127136,0.12795303761959076,-0.27770623564720154,0.9999879002571106,0.37377363443374634,0.1361827552318573,-0.2392660677433014,0.999982476234436,0.3720238208770752,0.13679583370685577,-0.2393791228532791,0.9999833106994629,0.37034159898757935,0.13715501129627228,-0.2393457442522049,0.9999799132347107,0.4207491874694824,0.13895389437675476,-0.2712253928184509,0.9999843835830688,0.39186975359916687,0.14016985893249512,-0.10240299999713898,0.9999597072601318,0.38956695795059204,0.18807843327522278,-0.2618655860424042,0.999985933303833,0.37937217950820923,0.18759286403656006,-0.21377548575401306,0.9999762177467346,0.48293328285217285,0.3005957007408142,-0.3281157314777374,0.9997810125350952,0.40564805269241333,0.29741817712783813,0.04081382602453232,0.9994085431098938,0.4379354417324066,0.5265048742294312,-0.314796507358551,0.9720972776412964,0.3968988358974457,0.4521559774875641,-0.022171733900904655,0.20885200798511505,0.3566802740097046,0.4214889407157898,-0.17359569668769836,0.9830000400543213,0.3442353904247284,0.4164068102836609,-0.24996602535247803,0.38799232244491577,0.33293381333351135,0.401011198759079,-0.1895170658826828,0.9721389412879944,0.3171159029006958,0.37851661443710327,-0.27004772424697876,0.39208897948265076,0.3431094288825989,0.3742528259754181,-0.1922006756067276,0.9711834192276001,0.33298033475875854,0.3663834035396576,-0.27292364835739136,0.37876757979393005,0.3557414710521698,0.3748479187488556,-0.16914816200733185,0.9548227787017822,0.34933188557624817,0.37588584423065186,-0.2587510347366333,0.3599613308906555,0.5724197626113892,0.5584097504615784,-0.096312016248703,0.9999594688415527,0.5125404000282288,0.53545081615448,0.09620369970798492,0.999871015548706,0.46247783303260803,0.5965970158576965,-0.4630739092826843,0.9910431504249573,0.38011056184768677,0.5149317383766174,-0.015340049751102924,0.6714565753936768,0.5225939154624939,0.8490859270095825,-0.32841017842292786,0.9845603108406067,0.44404587149620056,0.7309905886650085,0.1396622657775879,0.7058950066566467,0.5498005151748657,0.887642502784729,-0.3148708939552307,0.9569340944290161,0.46648210287094116,0.7625687718391418,0.15386851131916046,0.69499671459198,0.4661986827850342,0.9330510497093201,-0.418131023645401,0.9843549728393555,0.38453036546707153,0.7925806045532227,0.1000787764787674,0.8130549788475037
down,0.37340593338012695,0.15820087492465973,-0.2664429247379303,0.9999787211418152,0.384586900472641,0.13199785351753235,-0.2779984176158905,0.9999860525131226,0.3906504511833191,0.129769966006279,-0.27796345949172974,0.9999877214431763,0.39709049463272095,0.12813274562358856,-0.2780705690383911,0.9999876022338867,0.3743760883808136,0.1367112100124359,-0.23957088589668274,0.9999822378158569,0.3725605607032776,0.13743659853935242,-0.23968040943145752,0.9999828934669495,0.37080666422843933,0.1378583312034607,-0.23964349925518036,0.999979555606842,0.4209910035133362,0.13872013986110687,-0.2692428231239319,0.9999837279319763,0.39180639386177063,0.1406695693731308,-0.10203620046377182,0.9999583959579468,0.39075908064842224,0.18793298304080963,-0.2622256577014923,0.9999852180480957,0.3796214461326599,0.1877283900976181,-0.21412691473960876,0.9999752640724182,0.4836292266845703,0.2999652624130249,-0.3274069130420685,0.9997730255126953,0.4056525230407715,0.29734280705451965,0.04331006482243538,0.9993883371353149,0.4385279715061188,0.5255152583122253,-0.31486549973487854,0.971900224685669,0.3971577286720276,0.4523315131664276,-0.015545487403869629,0.20977361500263214,0.3566567897796631,0.4212092161178589,-0.17402374744415283,0.9830785393714905,0.3441624343395233,0.41603589057922363,-0.2420898973941803,0.3925250768661499,0.3328403830528259,0.40070512890815735,-0.18984732031822205,0.972467303276062,0.3169126510620117,0.3785659074783325,-0.2612869441509247,0.39664503931999207,0.34311583638191223,0.37413978576660156,-0.1924804449081421,0.9715794920921326,0.33201083540916443,0.36642447113990784,-0.2653471827507019,0.3821999728679657,0.3557782471179962,0.37481167912483215,-0.1695263683795929,0.9553003907203674,0.3490055799484253,0.3757573068141937,-0.25137919187545776,0.36229896545410156,0.5726284384727478,0.557939887046814,-0.09641052782535553,0.9999585151672363,0.5125733017921448,0.535353422164917,0.09629811346530914,0.9998669624328613,0.4624803960323334,0.5966300964355469,-0.46519118547439575,0.9908938407897949,0.37995797395706177,0.5150693655014038,-0.013831712305545807,0.6760488152503967,0.5225778818130493,0.8493722081184387,-0.3322320878505707,0.9848422408103943,0.4434537887573242,0.7305761575698853,0.142290860414505,0.7060487866401672,0.5498160123825073,0.8878469467163086,-0.3189467489719391,0.9575919508934021,0.4662340581417084,0.7623997926712036,0.15659503638744354,0.6953544616699219,0.4664757251739502,0.933677077293396,-0.4223408102989197,0.9845673441886902,0.38423827290534973,0.7923362851142883,0.10364218801259995,0.8112723231315613
down,0.373463898897171,0.158259779214859,-0.2651572823524475,0.9999792575836182,0.3846723139286041,0.13211660087108612,-0.27698928117752075,0.999986469745636,0.3907684087753296,0.12990330159664154,-0.2769531309604645,0.9999880194664001,0.39723074436187744,0.12829208374023438,-0.2770562767982483,0.9999879598617554,0.37451520562171936,0.1367882341146469,-0.23785531520843506,0.9999827742576599,0.3727417588233948,0.1375173032283783,-0.2379635125398636,0.9999831914901733,0.3710319697856903,0.13794179260730743,-0.23792119324207306,0.999980092048645,0.4210633635520935,0.13852770626544952,-0.2688378691673279,0.9999842643737793,0.39208975434303284,0.14065861701965332,-0.09911138564348221,0.9999586939811707,0.39083772897720337,0.1878407746553421,-0.26141810417175293,0.9999853372573853,0.37965574860572815,0.18777328729629517,-0.21248197555541992,0.999975323677063,0.48367518186569214,0.299998015165329,-0.3287755250930786,0.9997727870941162,0.4056876301765442,0.29700469970703125,0.04772362858057022,0.9993704557418823,0.43878108263015747,0.5254496335983276,-0.3165525197982788,0.9720609188079834,0.39714765548706055,0.4515681266784668,-0.0109575679525733,0.20300041139125824,0.35664665699005127,0.42124906182289124,-0.17298555374145508,0.9832699298858643,0.34426867961883545,0.415982723236084,-0.23843327164649963,0.3839092552661896,0.3328079581260681,0.4007422626018524,-0.18855096399784088,0.9728532433509827,0.31703823804855347,0.3781878650188446,-0.25713199377059937,0.3895155191421509,0.3430637717247009,0.3747783303260803,-0.19127626717090607,0.9720124006271362,0.33206576108932495,0.3664669990539551,-0.2613646388053894,0.37495529651641846,0.3557526171207428,0.37519562244415283,-0.16833673417568207,0.9557946920394897,0.3491082787513733,0.3755347430706024,-0.24785658717155457,0.3552268445491791,0.5727155208587646,0.5578778386116028,-0.09751785546541214,0.9999579787254333,0.5126034021377563,0.535291314125061,0.09740278124809265,0.999864935874939,0.46255046129226685,0.5966097712516785,-0.46972402930259705,0.9907872676849365,0.3798155188560486,0.5141895413398743,-0.012996748089790344,0.67902672290802,0.5226131677627563,0.8496174216270447,-0.3402741551399231,0.9849998354911804,0.4436209797859192,0.7294662594795227,0.1421055942773819,0.7070175409317017,0.5498104095458984,0.8880926370620728,-0.32729804515838623,0.9581575989723206,0.4664950966835022,0.7614842653274536,0.15624472498893738,0.6971564888954163,0.4664691090583801,0.9337015151977539,-0.4311443865299225,0.9847819209098816,0.3846793472766876,0.7923479676246643,0.10400725901126862,0.8116433620452881
down,0.3735237121582031,0.15828199684619904,-0.2640072703361511,0.9999794960021973,0.38485419750213623,0.13220374286174774,-0.2762669324874878,0.9999867677688599,0.39098748564720154,0.13002532720565796,-0.27623072266578674,0.9999882578849792,0.397458016872406,0.12845760583877563,-0.2763326168060303,0.999988317489624,0.37477365136146545,0.1368272453546524,-0.23641791939735413,0.999983012676239,0.3730596601963043,0.13752685487270355,-0.23652701079845428,0.9999834299087524,0.3714079260826111,0.13791893422603607,-0.23648357391357422,0.9999803900718689,0.4211476445198059,0.13847558200359344,-0.2692858576774597,0.9999846816062927,0.3924606442451477,0.1405961513519287,-0.09711750596761703,0.9999586939811707,0.3908447027206421,0.18774086236953735,-0.2609059810638428,0.99998539686203,0.37967151403427124,0.1877756118774414,-0.21111726760864258,0.9999752044677734,0.4836787283420563,0.30006420612335205,-0.33034080266952515,0.9997735023498535,0.4056411683559418,0.29655545949935913,0.04933137074112892,0.9993513226509094,0.43901681900024414,0.5252963304519653,-0.3189258277416229,0.9720332026481628,0.39691680669784546,0.45091789960861206,-0.010048470459878445,0.1959715336561203,0.3563734292984009,0.4210083484649658,-0.17409096658229828,0.9832221865653992,0.3442370295524597,0.4155176281929016,-0.23975367844104767,0.3730041980743408,0.3326915204524994,0.40034568309783936,-0.19042596220970154,0.972847580909729,0.3170480728149414,0.37770429253578186,-0.25863462686538696,0.380016952753067,0.34291496872901917,0.3742351830005646,-0.19300870597362518,0.9720441102981567,0.3320029377937317,0.36609870195388794,-0.26319703459739685,0.3657574951648712,0.3555856943130493,0.37475547194480896,-0.16947966814041138,0.9556741714477539,0.3490789830684662,0.3745294213294983,-0.24936187267303467,0.34635549783706665,0.572799026966095,0.5578241348266602,-0.09838007390499115,0.9999573230743408,0.5127133727073669,0.5352750420570374,0.09827293455600739,0.999862790107727,0.46291303634643555,0.596514880657196,-0.47252029180526733,0.9906362891197205,0.3797670602798462,0.5140568017959595,-0.012650360353291035,0.6799960136413574,0.5226947069168091,0.8499743938446045,-0.3400968909263611,0.9849538207054138,0.4439532160758972,0.7291162014007568,0.14279836416244507,0.7070278525352478,0.5497955083847046,0.8884900212287903,-0.32693955302238464,0.9581817388534546,0.46680474281311035,0.7608498334884644,0.15699812769889832,0.6980071663856506,0.46647125482559204,0.933451235294342,-0.43073606491088867,0.9848318696022034,0.38527414202690125,0.7923449277877808,0.10513331741094589,0.8118524551391602
down,0.3735753893852234,0.1578666716814041,-0.26282304525375366,0.9999790787696838,0.38501283526420593,0.13213086128234863,-0.27581942081451416,0.9999866485595703,0.3910875618457794,0.13001792132854462,-0.2757844030857086,0.9999881386756897,0.3975355327129364,0.12848074734210968,-0.2758864164352417,0.9999881982803345,0.37533435225486755,0.13632211089134216,-0.23509034514427185,0.9999827742576599,0.3738342821598053,0.13688111305236816,-0.23520183563232422,0.9999832510948181,0.37237972021102905,0.1371515542268753,-0.2351587563753128,0.9999802708625793,0.4212345480918884,0.13841703534126282,-0.27181851863861084,0.9999845623970032,0.39348113536834717,0.14030195772647858,-0.09567753970623016,0.9999586343765259,0.3907247483730316,0.1873864233493805,-0.2608782649040222,0.9999850988388062,0.37967970967292786,0.18738847970962524,-0.20995275676250458,0.9999749064445496,0.4840227961540222,0.30015119910240173,-0.3323202431201935,0.999774158000946,0.40560397505760193,0.2965087592601776,0.04911389574408531,0.9993481636047363,0.4397614896297455,0.5247628092765808,-0.32096806168556213,0.9715449810028076,0.3967076539993286,0.4511416554450989,-0.013149184174835682,0.196464404463768,0.3563145399093628,0.4210830628871918,-0.17776255309581757,0.9828506708145142,0.34414029121398926,0.4156140983104706,-0.24712999165058136,0.3742917776107788,0.33268213272094727,0.4002220630645752,-0.19561728835105896,0.97232586145401,0.3174031376838684,0.37785422801971436,-0.2668893039226532,0.38090020418167114,0.34288981556892395,0.37374839186668396,-0.19810515642166138,0.9715264439582825,0.3321710228919983,0.3654218316078186,-0.27170878648757935,0.3672233819961548,0.3555598556995392,0.3744978606700897,-0.17333075404167175,0.9547239542007446,0.34880080819129944,0.37407028675079346,-0.25685739517211914,0.34727537631988525,0.5728923082351685,0.5577787160873413,-0.09870091825723648,0.9999570846557617,0.5127632021903992,0.5353301763534546,0.09860922396183014,0.99986332654953,0.46359142661094666,0.5964838862419128,-0.47419047355651855,0.990676999092102,0.379777729511261,0.5141922831535339,-0.013350243680179119,0.6794658899307251,0.5227221250534058,0.8502377271652222,-0.33739760518074036,0.9848063588142395,0.4440227150917053,0.7291944026947021,0.1430501490831375,0.7083861231803894,0.5497630834579468,0.8888425230979919,-0.3236662745475769,0.9577115774154663,0.4668160378932953,0.7607727646827698,0.1573285162448883,0.698935329914093,0.46650657057762146,0.9329990744590759,-0.42794719338417053,0.9846678376197815,0.3856205344200134,0.7923409938812256,0.10490316152572632,0.8132060170173645
down,0.373770534992218,0.1576291173696518,-0.2629803419113159,0.9999794363975525,0.3854699730873108,0.1321013867855072,-0.2757421135902405,0.9999868273735046,0.3915413022041321,0.13001859188079834,-0.27570876479148865,0.9999882578849792,0.3979925215244293,0.12848800420761108,-0.2758118212223053,0.999988317489624,0.37583351135253906,0.13615858554840088,-0.23509709537029266,0.9999830722808838,0.3743467926979065,0.13669690489768982,-0.23520834743976593,0.9999834299087524,0.37287628650665283,0.13694614171981812,-0.23516440391540527,0.9999805688858032,0.4214452803134918,0.13834699988365173,-0.2691117227077484,0.9999847412109375,0.3936484754085541,0.14036132395267487,-0.09540392458438873,0.9999590516090393,0.39073842763900757,0.18714171648025513,-0.260800838470459,0.9999853372573853,0.37970447540283203,0.18710707128047943,-0.21000628173351288,0.9999755620956421,0.4841535687446594,0.3004351854324341,-0.3311556577682495,0.9997785091400146,0.40562543272972107,0.29654043912887573,0.05037420988082886,0.9993582963943481,0.44004765152931213,0.5244689583778381,-0.32071658968925476,0.9716271162033081,0.3967204689979553,0.4507460296154022,-0.010233184322714806,0.19296613335609436,0.35633033514022827,0.4210590422153473,-0.17755800485610962,0.9828973412513733,0.34420618414878845,0.4153159558773041,-0.24261543154716492,0.3721565902233124,0.3326784670352936,0.4005703926086426,-0.19508017599582672,0.9724160432815552,0.31723231077194214,0.37791624665260315,-0.2613567113876343,0.3789825439453125,0.3427131772041321,0.37407803535461426,-0.1972130835056305,0.9716135263442993,0.3323216438293457,0.36554259061813354,-0.26657232642173767,0.36551767587661743,0.3554092049598694,0.37458351254463196,-0.17299526929855347,0.9547168016433716,0.34877392649650574,0.3740294277667999,-0.2524756193161011,0.3458302915096283,0.5729660987854004,0.5577505230903625,-0.09877201914787292,0.9999582171440125,0.5128054022789001,0.5354369878768921,0.09868062287569046,0.9998657703399658,0.46381545066833496,0.5963987708091736,-0.4725709855556488,0.9907283186912537,0.3799135982990265,0.5146134495735168,-0.012323452159762383,0.6778885722160339,0.5227197408676147,0.8505990505218506,-0.3316434919834137,0.9847043752670288,0.4439474642276764,0.7295986413955688,0.14622768759727478,0.709757387638092,0.549619734287262,0.8891184329986572,-0.31763461232185364,0.9572778940200806,0.46667400002479553,0.7609224915504456,0.1606375277042389,0.699597179889679,0.4664989411830902,0.9327253699302673,-0.421129047870636,0.9845688939094543,0.38569408655166626,0.7923281192779541,0.10741041600704193,0.8145114779472351
down,0.37386590242385864,0.15759208798408508,-0.27314281463623047,0.9999812841415405,0.38574638962745667,0.132118821144104,-0.2834151089191437,0.9999879598617554,0.39185938239097595,0.13006077706813812,-0.2833794057369232,0.9999891519546509,0.3983462154865265,0.1285313218832016,-0.2834872603416443,0.9999891519546509,0.3759894371032715,0.13616159558296204,-0.2449045479297638,0.9999846816062927,0.3744654655456543,0.1367165595293045,-0.2450159341096878,0.999984860420227,0.37296783924102783,0.13697761297225952,-0.24496567249298096,0.9999821782112122,0.42163291573524475,0.13838933408260345,-0.2694450318813324,0.9999859929084778,0.3935432434082031,0.1408858448266983,-0.10231755673885345,0.9999620914459229,0.39076709747314453,0.1870538741350174,-0.2670805752277374,0.9999865293502808,0.3797093629837036,0.1870376169681549,-0.2190312147140503,0.9999777674674988,0.4840821325778961,0.3006843030452728,-0.3312717080116272,0.999786376953125,0.4056858420372009,0.29655393958091736,0.048351019620895386,0.9993931651115417,0.4399634301662445,0.5249507427215576,-0.3207969069480896,0.9720280766487122,0.3957841992378235,0.45008084177970886,-0.014421461150050163,0.19161516427993774,0.3563350737094879,0.42173466086387634,-0.17649589478969574,0.9831289649009705,0.34437325596809387,0.41501590609550476,-0.25077763199806213,0.3700753450393677,0.3325374722480774,0.4031057059764862,-0.19312375783920288,0.9728082418441772,0.31859028339385986,0.38383811712265015,-0.2701730728149414,0.37797656655311584,0.3421003222465515,0.3766828775405884,-0.1949232816696167,0.9720381498336792,0.3329894542694092,0.36714252829551697,-0.2742615044116974,0.36426353454589844,0.3549652397632599,0.3759276568889618,-0.17154447734355927,0.9553093314170837,0.34893500804901123,0.3745914399623871,-0.2601657211780548,0.3450724482536316,0.573076069355011,0.5578817129135132,-0.09881628304719925,0.9999606013298035,0.5128063559532166,0.5356614589691162,0.09871703386306763,0.9998712539672852,0.4638238549232483,0.5963264107704163,-0.47311878204345703,0.9907528758049011,0.3797956109046936,0.513811469078064,-0.011122874915599823,0.6754484176635742,0.5227372646331787,0.8509609699249268,-0.3257927894592285,0.9848113059997559,0.4427773952484131,0.7297501564025879,0.15193817019462585,0.7109462022781372,0.5495646595954895,0.8894643783569336,-0.3107650876045227,0.9575013518333435,0.46591025590896606,0.761171817779541,0.1669619381427765,0.6996556520462036,0.4667624533176422,0.9327189922332764,-0.4112626910209656,0.9846926331520081,0.3856785297393799,0.7924714088439941,0.11552204191684723,0.8154600262641907
down,0.37371987104415894,0.15765218436717987,-0.27217572927474976,0.9999837875366211,0.385381281375885,0.1322280764579773,-0.2829093933105469,0.9999895095825195,0.39136844873428345,0.13017286360263824,-0.2828766703605652,0.9999905228614807,0.39786332845687866,0.1286400705575943,-0.2829843759536743,0.9999905228614807,0.3758690357208252,0.1361551135778427,-0.24397055804729462,0.9999867677688599,0.37436872720718384,0.13670015335083008,-0.24408069252967834,0.9999868869781494,0.37288814783096313,0.1369493007659912,-0.24403122067451477,0.9999845027923584,0.42161616683006287,0.1387854516506195,-0.2707333564758301,0.9999878406524658,0.3934258222579956,0.1413326859474182,-0.10189048200845718,0.9999668002128601,0.3897954523563385,0.18718434870243073,-0.2669279873371124,0.9999882578849792,0.3795144259929657,0.18703807890415192,-0.21826288104057312,0.9999808669090271,0.4838823676109314,0.30173173546791077,-0.33266395330429077,0.999802827835083,0.40588030219078064,0.2972377836704254,0.04927053675055504,0.9994493722915649,0.43963098526000977,0.5265031456947327,-0.3216002583503723,0.9731005430221558,0.39563998579978943,0.4499804675579071,-0.009398501366376877,0.1929403841495514,0.35612305998802185,0.42353567481040955,-0.1783115565776825,0.9837915897369385,0.3443775773048401,0.4157576262950897,-0.24439780414104462,0.37360307574272156,0.332339882850647,0.40628084540367126,-0.19564567506313324,0.9738249778747559,0.31939032673835754,0.3886338472366333,-0.26280325651168823,0.38134685158729553,0.3414236009120941,0.3796994388103485,-0.1968887746334076,0.9730774760246277,0.33320915699005127,0.37444326281547546,-0.2685464024543762,0.3678533434867859,0.3540063500404358,0.37833788990974426,-0.1731339544057846,0.956732451915741,0.3487744927406311,0.37720268964767456,-0.254432737827301,0.3490851819515228,0.5731314420700073,0.5586172342300415,-0.09894426167011261,0.9999641180038452,0.5126060843467712,0.5366116166114807,0.09883405268192291,0.9998804330825806,0.4638444483280182,0.5963032245635986,-0.4736441969871521,0.9910596609115601,0.37993505597114563,0.5124931931495667,-0.005141695030033588,0.6754884719848633,0.522793173789978,0.8511098027229309,-0.3192746937274933,0.9852231740951538,0.44191765785217285,0.7304916381835938,0.16445288062095642,0.7165027260780334,0.5496281385421753,0.8904179334640503,-0.30398815870285034,0.95850670337677,0.4650665819644928,0.7620922327041626,0.17974287271499634,0.7043540477752686,0.4675323963165283,0.9327352643013,-0.40555721521377563,0.9850848913192749,0.3855716586112976,0.7933703660964966,0.12729397416114807,0.8196389079093933
down,0.37320929765701294,0.15768074989318848,-0.2720130681991577,0.9999852776527405,0.38465389609336853,0.1322842389345169,-0.28311723470687866,0.9999904036521912,0.3905062675476074,0.13023561239242554,-0.2830877900123596,0.9999913573265076,0.3969791829586029,0.12870685756206512,-0.28319787979125977,0.9999913573265076,0.3753742277622223,0.13613031804561615,-0.2437961995601654,0.9999879598617554,0.37388068437576294,0.13664519786834717,-0.24390828609466553,0.9999880790710449,0.3724263906478882,0.13686761260032654,-0.24385876953601837,0.9999858736991882,0.4214136600494385,0.13916245102882385,-0.27334973216056824,0.9999889731407166,0.393196165561676,0.14147159457206726,-0.10180523246526718,0.9999696016311646,0.388488233089447,0.18742063641548157,-0.2674199342727661,0.9999894499778748,0.37895017862319946,0.18702667951583862,-0.21815595030784607,0.9999828338623047,0.4839184880256653,0.30242082476615906,-0.33483317494392395,0.9998142719268799,0.40585631132125854,0.29821813106536865,0.04817783087491989,0.9994891881942749,0.4395378530025482,0.5272948145866394,-0.32268083095550537,0.9741601943969727,0.395915687084198,0.45073390007019043,-0.011146267876029015,0.19520679116249084,0.3559858202934265,0.4247601330280304,-0.17886792123317719,0.9842478036880493,0.34442704916000366,0.4162818491458893,-0.2481706142425537,0.3773886561393738,0.33220645785331726,0.4079422056674957,-0.19637855887413025,0.974452793598175,0.3195852041244507,0.38994771242141724,-0.2674131691455841,0.38473498821258545,0.3411274254322052,0.3815111815929413,-0.19749139249324799,0.9736930727958679,0.3333551287651062,0.37722069025039673,-0.2730269134044647,0.37155166268348694,0.35346078872680664,0.37962955236434937,-0.17362651228904724,0.9575342535972595,0.34869009256362915,0.3791801929473877,-0.2582538425922394,0.35285302996635437,0.5731620788574219,0.5594866871833801,-0.09906941652297974,0.9999664425849915,0.5120132565498352,0.5382041335105896,0.09895504266023636,0.9998874664306641,0.463792622089386,0.5963655114173889,-0.4727020263671875,0.9911747574806213,0.3803103566169739,0.5125740170478821,-0.0030167666263878345,0.6727989912033081,0.5229032635688782,0.8511442542076111,-0.31667810678482056,0.9852988719940186,0.44224604964256287,0.7318258285522461,0.16843940317630768,0.7183948755264282,0.5496541261672974,0.8906854391098022,-0.30116865038871765,0.9586476683616638,0.46509823203086853,0.7637031674385071,0.1840888261795044,0.7063748836517334,0.46764564514160156,0.9327415227890015,-0.4027249813079834,0.9852116107940674,0.3855639398097992,0.7948228716850281,0.13155271112918854,0.821653425693512
down,0.3729044198989868,0.15772645175457,-0.27036070823669434,0.99998539686203,0.3842662274837494,0.1323353350162506,-0.2821901738643646,0.9999904036521912,0.3900967538356781,0.13031628727912903,-0.2821580767631531,0.9999913573265076,0.3965633511543274,0.1288217455148697,-0.2822646498680115,0.9999913573265076,0.37498414516448975,0.1360192596912384,-0.2424660474061966,0.9999878406524658,0.3734404444694519,0.1364777833223343,-0.24258442223072052,0.9999880790710449,0.3719502091407776,0.13665662705898285,-0.24254241585731506,0.9999858140945435,0.42128151655197144,0.13956288993358612,-0.2735435664653778,0.9999890327453613,0.3929782807826996,0.1415276676416397,-0.1015341505408287,0.9999692440032959,0.3877585530281067,0.18768855929374695,-0.26666370034217834,0.9999895691871643,0.3784528970718384,0.18702948093414307,-0.2169586420059204,0.9999828934669495,0.4838546812534332,0.3027345836162567,-0.33449435234069824,0.9998128414154053,0.40579405426979065,0.2975289523601532,0.04412771016359329,0.99948650598526,0.4395073354244232,0.5270678400993347,-0.32488778233528137,0.974626898765564,0.39560580253601074,0.44832146167755127,-0.025941530242562294,0.19297659397125244,0.35547709465026855,0.4231763482093811,-0.18536829948425293,0.9842096567153931,0.34389060735702515,0.4129670560359955,-0.2673521339893341,0.36657363176345825,0.33191385865211487,0.4070931375026703,-0.2040882110595703,0.9742321968078613,0.31960612535476685,0.38859716057777405,-0.2883187532424927,0.3742131292819977,0.34087246656417847,0.38011467456817627,-0.20467059314250946,0.9734935760498047,0.3339656591415405,0.3716265857219696,-0.293008029460907,0.36159446835517883,0.3531540632247925,0.37807130813598633,-0.18023650348186493,0.9571365714073181,0.3487367033958435,0.3767339885234833,-0.27720797061920166,0.3441377878189087,0.5731766223907471,0.5596269369125366,-0.09883047640323639,0.9999657273292542,0.5119854807853699,0.5383098721504211,0.09872262179851532,0.9998856782913208,0.46372586488723755,0.5964784622192383,-0.4707789421081543,0.9910094738006592,0.3808135390281677,0.5130780339241028,-0.001506674918346107,0.6661425828933716,0.5232102870941162,0.8507193922996521,-0.32054847478866577,0.9848979711532593,0.4424232840538025,0.7306935787200928,0.17222903668880463,0.711768627166748,0.5500282645225525,0.8902812600135803,-0.30623671412467957,0.9571503400802612,0.4649128317832947,0.7629806399345398,0.18812666833400726,0.7004701495170593,0.4677494466304779,0.9329243898391724,-0.41096529364585876,0.9849326610565186,0.38356301188468933,0.7912015318870544,0.13637462258338928,0.8179987072944641
down,0.3726854622364044,0.15780597925186157,-0.2653856873512268,0.9999850988388062,0.3840812146663666,0.13244003057479858,-0.2785962224006653,0.9999903440475464,0.3898825943470001,0.13049596548080444,-0.27855467796325684,0.999991238117218,0.39633235335350037,0.1291097104549408,-0.27865129709243774,0.999991238117218,0.37486380338668823,0.13590076565742493,-0.23736007511615753,0.9999875426292419,0.3733197748661041,0.13627758622169495,-0.2374875247478485,0.999987781047821,0.3718208372592926,0.13637392222881317,-0.23744869232177734,0.9999855756759644,0.4211858808994293,0.14003552496433258,-0.27371519804000854,0.9999887943267822,0.39297395944595337,0.14153258502483368,-0.09669846296310425,0.9999684691429138,0.387073814868927,0.18797333538532257,-0.26376888155937195,0.9999893307685852,0.37796977162361145,0.1870080679655075,-0.21215732395648956,0.9999824166297913,0.4836342930793762,0.30287423729896545,-0.3346019685268402,0.9998118877410889,0.405621200799942,0.2964625060558319,0.04358892887830734,0.9994840025901794,0.43940916657447815,0.525578498840332,-0.32530274987220764,0.9749706983566284,0.3942033350467682,0.4446268677711487,-0.02827388420701027,0.19070009887218475,0.3553312420845032,0.42144596576690674,-0.1805844008922577,0.9836710691452026,0.3432402014732361,0.41057002544403076,-0.2710530459880829,0.3507303297519684,0.3316619396209717,0.40442073345184326,-0.1999441683292389,0.9730651378631592,0.3198353946208954,0.3873133659362793,-0.2921268939971924,0.358501672744751,0.34088703989982605,0.3781746029853821,-0.20118531584739685,0.9723235964775085,0.3348064124584198,0.3700508177280426,-0.2971355617046356,0.34714677929878235,0.35329583287239075,0.37590089440345764,-0.1756601631641388,0.9552664160728455,0.3488784730434418,0.37516868114471436,-0.28110453486442566,0.3315964937210083,0.5731508731842041,0.5595466494560242,-0.09934084117412567,0.9999646544456482,0.5119798183441162,0.5379536747932434,0.09924805164337158,0.9998857378959656,0.4634927213191986,0.5965760946273804,-0.4747536778450012,0.9909597635269165,0.3811819553375244,0.5145992040634155,-0.001933785853907466,0.6620144844055176,0.5235389471054077,0.8507691025733948,-0.3386898636817932,0.9845840334892273,0.44247570633888245,0.7305548191070557,0.16712412238121033,0.7060651183128357,0.5504146218299866,0.8902132511138916,-0.32545047998428345,0.9553549289703369,0.4648062586784363,0.7629599571228027,0.18231357634067535,0.694572925567627,0.46752890944480896,0.9331763386726379,-0.43172550201416016,0.9847891926765442,0.3812158703804016,0.7900380492210388,0.13023242354393005,0.8157679438591003
down,0.37261682748794556,0.15778885781764984,-0.2633923590183258,0.9999852180480957,0.38401705026626587,0.1324985772371292,-0.2765939235687256,0.9999904036521912,0.3898031711578369,0.13058961927890778,-0.2765530049800873,0.9999914169311523,0.3962266147136688,0.12924379110336304,-0.2766464054584503,0.9999914169311523,0.37485653162002563,0.13580790162086487,-0.2351958304643631,0.9999876618385315,0.37333282828330994,0.136134073138237,-0.23532192409038544,0.9999879002571106,0.37184539437294006,0.13618925213813782,-0.2352828085422516,0.9999858736991882,0.4210519790649414,0.14014965295791626,-0.2731693685054779,0.999988853931427,0.3929974436759949,0.14155203104019165,-0.09447705745697021,0.9999687671661377,0.3868851363658905,0.18803715705871582,-0.2620847821235657,0.99998939037323,0.37786856293678284,0.1869836151599884,-0.21023070812225342,0.9999823570251465,0.48313918709754944,0.3029390871524811,-0.33430948853492737,0.9998160600662231,0.4056381285190582,0.29591086506843567,0.04572700709104538,0.9994869232177734,0.43927517533302307,0.5248578190803528,-0.3252950608730316,0.975281834602356,0.3937617838382721,0.44328197836875916,-0.02420218661427498,0.18812143802642822,0.35536351799964905,0.4200671315193176,-0.1822776198387146,0.9835047721862793,0.34306466579437256,0.41001513600349426,-0.26489606499671936,0.3412613570690155,0.33141037821769714,0.4024870991706848,-0.2019960582256317,0.9726619720458984,0.3198036849498749,0.38677287101745605,-0.2849210500717163,0.3488704562187195,0.34108373522758484,0.37749168276786804,-0.20299723744392395,0.9719266891479492,0.3353314995765686,0.37007877230644226,-0.29077503085136414,0.33837154507637024,0.3538796603679657,0.3750646710395813,-0.17733639478683472,0.9544967412948608,0.34914106130599976,0.3750888407230377,-0.27521538734436035,0.32381582260131836,0.573087751865387,0.5593171715736389,-0.0998903289437294,0.9999647736549377,0.5120226144790649,0.5370690822601318,0.0998026579618454,0.999886691570282,0.46343547105789185,0.5964369177818298,-0.4747409224510193,0.9910120964050293,0.38184815645217896,0.5168237686157227,0.003819391131401062,0.660967230796814,0.5235487222671509,0.8508431911468506,-0.34217575192451477,0.9847076535224915,0.4424770474433899,0.7306569218635559,0.17056262493133545,0.7037911415100098,0.5504244565963745,0.8902463912963867,-0.3293978273868561,0.9551216959953308,0.4646947383880615,0.7630761861801147,0.18559041619300842,0.691762387752533,0.4671386182308197,0.9322449564933777,-0.4364912509918213,0.9849475622177124,0.38010627031326294,0.7887268662452698,0.13441313803195953,0.8147178888320923
down,0.37258753180503845,0.15803255140781403,-0.26310598850250244,0.9999855160713196,0.3839571475982666,0.13281454145908356,-0.276088148355484,0.9999906420707703,0.3897337019443512,0.1309594213962555,-0.27604684233665466,0.9999915957450867,0.39612531661987305,0.12967944145202637,-0.27613693475723267,0.9999917149543762,0.3748455345630646,0.13594846427440643,-0.23473875224590302,0.9999879598617554,0.37333762645721436,0.13623474538326263,-0.23486559092998505,0.9999881982803345,0.37186262011528015,0.13625988364219666,-0.23482730984687805,0.9999862909317017,0.42090827226638794,0.14047633111476898,-0.27250751852989197,0.9999890327453613,0.3929923474788666,0.141714945435524,-0.09361766278743744,0.9999691843986511,0.3868463933467865,0.18819686770439148,-0.26162630319595337,0.9999895095825195,0.37784215807914734,0.18707431852817535,-0.2098381519317627,0.999982476234436,0.4824039936065674,0.303043395280838,-0.33406439423561096,0.9998189210891724,0.40568262338638306,0.2953110337257385,0.04698930308222771,0.9994893074035645,0.4390714168548584,0.5248818397521973,-0.3258354365825653,0.9753993153572083,0.39322957396507263,0.4432043433189392,-0.023335065692663193,0.1877090185880661,0.35538607835769653,0.4201022982597351,-0.18517155945301056,0.9833967089653015,0.34308454394340515,0.410204142332077,-0.26483070850372314,0.33682602643966675,0.33121171593666077,0.4022969603538513,-0.20542976260185242,0.9724053144454956,0.319892555475235,0.3866918683052063,-0.2849899232387543,0.34361153841018677,0.3411787748336792,0.3775879442691803,-0.20642895996570587,0.9716737270355225,0.3357228636741638,0.3703809380531311,-0.29066699743270874,0.3336420953273773,0.3542715907096863,0.37508201599121094,-0.18032239377498627,0.9539218544960022,0.3493914306163788,0.3752055764198303,-0.27507641911506653,0.3195449411869049,0.5730578899383545,0.5590442419052124,-0.10039734840393066,0.9999649524688721,0.5121041536331177,0.5358404517173767,0.10030778497457504,0.9998873472213745,0.46339765191078186,0.5962879657745361,-0.4751523435115814,0.9911074638366699,0.382357656955719,0.5170199275016785,0.005912949796766043,0.6616097688674927,0.5235064625740051,0.8509341478347778,-0.3467513918876648,0.9850285053253174,0.44244879484176636,0.7307385206222534,0.17191989719867706,0.7048707008361816,0.5503485202789307,0.8902648091316223,-0.3344861567020416,0.9554890990257263,0.4646241068840027,0.7630952000617981,0.18685215711593628,0.6919471621513367,0.4669530987739563,0.9315782189369202,-0.4424983561038971,0.9852820634841919,0.38015976548194885,0.7879287004470825,0.13553114235401154,0.8159786462783813
down,0.37257999181747437,0.15838782489299774,-0.2636733651161194,0.9999858140945435,0.38390639424324036,0.13320983946323395,-0.2760801911354065,0.9999908208847046,0.38965097069740295,0.13138458132743835,-0.2760380208492279,0.9999917149543762,0.3959488272666931,0.13016946613788605,-0.2761259377002716,0.9999918341636658,0.3748469948768616,0.1363685429096222,-0.2353730946779251,0.9999882578849792,0.373359352350235,0.1366765797138214,-0.2354985922574997,0.9999883770942688,0.3719037175178528,0.13670659065246582,-0.23546245694160461,0.9999865293502808,0.4206317067146301,0.14117473363876343,-0.26983633637428284,0.9999891519546509,0.39295026659965515,0.14185458421707153,-0.09450314939022064,0.999968945980072,0.3868641257286072,0.18833650648593903,-0.26142334938049316,0.9999895095825195,0.3778303265571594,0.1871856302022934,-0.21046802401542664,0.9999825358390808,0.4810057282447815,0.30316007137298584,-0.33170944452285767,0.9998199343681335,0.4057798981666565,0.29387059807777405,0.046703632920980453,0.9994849562644958,0.43874627351760864,0.5254597663879395,-0.3247143626213074,0.975350022315979,0.39251089096069336,0.44213321805000305,-0.024302734062075615,0.182460218667984,0.35538679361343384,0.4206487834453583,-0.18682576715946198,0.9833853244781494,0.3430919349193573,0.4101751148700714,-0.26400014758110046,0.3265262246131897,0.33112385869026184,0.4030335247516632,-0.20695030689239502,0.9723239541053772,0.31992802023887634,0.3869197368621826,-0.28341853618621826,0.3335318863391876,0.341217577457428,0.37826651334762573,-0.2079533338546753,0.9716311693191528,0.33610087633132935,0.3710193634033203,-0.2886452376842499,0.3238712549209595,0.35436248779296875,0.3754507601261139,-0.1820182502269745,0.9537235498428345,0.3496090769767761,0.37535589933395386,-0.2739536762237549,0.31075549125671387,0.5728241205215454,0.5588691830635071,-0.10018489509820938,0.9999647736549377,0.5120649933815002,0.5340060591697693,0.10008303821086884,0.9998862743377686,0.4633919596672058,0.596276581287384,-0.47361236810684204,0.9911073446273804,0.38241368532180786,0.51639723777771,0.005782777909189463,0.6620575785636902,0.5234838128089905,0.8513630628585815,-0.34629687666893005,0.9852827191352844,0.44241824746131897,0.7307283878326416,0.17129281163215637,0.7053828835487366,0.5502414107322693,0.8902943134307861,-0.333792507648468,0.9556770920753479,0.4645666480064392,0.7629712224006653,0.18612930178642273,0.6910742521286011,0.46704158186912537,0.9314669966697693,-0.4416148066520691,0.9855324625968933,0.38036680221557617,0.7870609760284424,0.13501481711864471,0.8161570429801941
down,0.3725770115852356,0.15922921895980835,-0.2600318491458893,0.999987006187439,0.3837783932685852,0.13419120013713837,-0.27200406789779663,0.9999915957450867,0.3894329369068146,0.13229641318321228,-0.27196821570396423,0.9999923706054688,0.3955288231372833,0.13102182745933533,-0.27205944061279297,0.9999924898147583,0.37483394145965576,0.13743600249290466,-0.2315182387828827,0.9999892711639404,0.37337881326675415,0.13771484792232513,-0.23163625597953796,0.9999892711639404,0.3719571828842163,0.1376809924840927,-0.23159277439117432,0.9999874830245972,0.41993069648742676,0.14159655570983887,-0.26579397916793823,0.9999900460243225,0.3928484320640564,0.14199964702129364,-0.09023953974246979,0.9999707937240601,0.38694027066230774,0.18851271271705627,-0.257211834192276,0.9999903440475464,0.3779159486293793,0.1874249279499054,-0.2066076695919037,0.9999837875366211,0.4802786707878113,0.30346062779426575,-0.3295021653175354,0.999832272529602,0.40584176778793335,0.29346591234207153,0.053190480917692184,0.9995054602622986,0.43872666358947754,0.5259402394294739,-0.31831690669059753,0.9757325053215027,0.3940020501613617,0.44198980927467346,-0.010021522641181946,0.17594918608665466,0.3556969165802002,0.42121395468711853,-0.1738097369670868,0.9837828278541565,0.34402352571487427,0.4115290343761444,-0.2460288256406784,0.31988614797592163,0.3312602639198303,0.40393486618995667,-0.1925182044506073,0.9728867411613464,0.3197610378265381,0.3876572847366333,-0.2643415331840515,0.3276679217815399,0.34134018421173096,0.3786880373954773,-0.19375082850456238,0.9722276926040649,0.3375973701477051,0.3767525851726532,-0.27107566595077515,0.31847068667411804,0.35449233651161194,0.3759729564189911,-0.168833389878273,0.9546234607696533,0.349911093711853,0.3778854012489319,-0.2565459907054901,0.30640849471092224,0.5724614858627319,0.5588309168815613,-0.10060890763998032,0.9999673962593079,0.5120497345924377,0.5334482192993164,0.10049927234649658,0.9998910427093506,0.4635441303253174,0.5962434411048889,-0.475281298160553,0.9912859797477722,0.3824407160282135,0.5155529379844666,0.014098790474236012,0.657439649105072,0.5238198041915894,0.8526362776756287,-0.3450213670730591,0.9856757521629333,0.44240885972976685,0.7307285666465759,0.1862628012895584,0.7027631998062134,0.5501970052719116,0.8907598853111267,-0.33228543400764465,0.9569382667541504,0.46449393033981323,0.7625935077667236,0.2018139660358429,0.6898337006568909,0.467353880405426,0.9323326945304871,-0.4379562437534332,0.9859877228736877,0.38080623745918274,0.787357747554779,0.15283606946468353,0.8149986863136292
down,0.37256449460983276,0.15924705564975739,-0.26068565249443054,0.9999876618385315,0.38376447558403015,0.1342497617006302,-0.272542268037796,0.9999920725822449,0.38941824436187744,0.1323411911725998,-0.27250611782073975,0.9999927282333374,0.39549925923347473,0.1310601383447647,-0.27259790897369385,0.9999929070472717,0.3748527467250824,0.13750091195106506,-0.23180122673511505,0.9999898076057434,0.3734356462955475,0.13777807354927063,-0.23191893100738525,0.9999898076057434,0.372062623500824,0.13774536550045013,-0.2318713665008545,0.9999880194664001,0.4197457432746887,0.1414424031972885,-0.2658538222312927,0.9999905824661255,0.3928351104259491,0.14199359714984894,-0.08903662860393524,0.9999716281890869,0.38698118925094604,0.18842753767967224,-0.2577386498451233,0.9999907612800598,0.3779276907444,0.18736976385116577,-0.20681405067443848,0.9999843835830688,0.4802740514278412,0.30355536937713623,-0.33045637607574463,0.999840259552002,0.40551456809043884,0.2934458553791046,0.05672634392976761,0.999514639377594,0.4387679100036621,0.5260138511657715,-0.31869909167289734,0.9759500026702881,0.3949952721595764,0.441832572221756,-0.004170841071754694,0.1706230491399765,0.35630911588668823,0.4211828112602234,-0.17129284143447876,0.9840304255485535,0.3448953926563263,0.4117763042449951,-0.24013450741767883,0.3173028528690338,0.33163297176361084,0.4040433168411255,-0.18961022794246674,0.9732938408851624,0.31988289952278137,0.38785815238952637,-0.257936030626297,0.3261791169643402,0.34154874086380005,0.37868309020996094,-0.19046983122825623,0.9726455211639404,0.33778682351112366,0.3775057792663574,-0.26523810625076294,0.31739023327827454,0.3547019362449646,0.3759869933128357,-0.16601769626140594,0.9551948308944702,0.35004106163978577,0.3784694969654083,-0.25092440843582153,0.30583125352859497,0.5723211169242859,0.5588135123252869,-0.10193701088428497,0.9999687671661377,0.5120272040367126,0.5334436893463135,0.10183155536651611,0.9998933672904968,0.4636659622192383,0.5961939692497253,-0.4780047833919525,0.9914822578430176,0.38215339183807373,0.5148050785064697,0.013547386042773724,0.655743420124054,0.5243771076202393,0.8533815145492554,-0.34718742966651917,0.9859750866889954,0.44265079498291016,0.7306951880455017,0.18264232575893402,0.70302414894104,0.5502471923828125,0.8914019465446472,-0.33444851636886597,0.9578102231025696,0.4647391736507416,0.7619415521621704,0.19790835678577423,0.690593957901001,0.4673653542995453,0.933350145816803,-0.4400445818901062,0.9863440990447998,0.3812689185142517,0.7879610657691956,0.14830192923545837,0.8160310983657837
down,0.37254491448402405,0.15938764810562134,-0.2597147822380066,0.9999876022338867,0.38374772667884827,0.13442866504192352,-0.2714850604534149,0.9999920129776001,0.38941165804862976,0.1324775069952011,-0.27144914865493774,0.9999926686286926,0.39545807242393494,0.13117773830890656,-0.27154067158699036,0.9999927878379822,0.3748314678668976,0.13789652287960052,-0.230871319770813,0.9999896883964539,0.3734172582626343,0.1382506638765335,-0.23098638653755188,0.9999895095825195,0.37204509973526,0.13830508291721344,-0.2309386283159256,0.9999876618385315,0.4195658564567566,0.1413756012916565,-0.2642938196659088,0.9999903440475464,0.39261332154273987,0.1421961635351181,-0.08848248422145844,0.9999706149101257,0.3872281610965729,0.188434898853302,-0.2566945552825928,0.9999904632568359,0.37793293595314026,0.18750500679016113,-0.20591969788074493,0.9999838471412659,0.4803406298160553,0.3031644821166992,-0.32987314462661743,0.9998387098312378,0.4050161838531494,0.293324738740921,0.057961948215961456,0.9995060563087463,0.4387485086917877,0.5259895920753479,-0.3179236948490143,0.97560715675354,0.39498236775398254,0.4408702552318573,-0.0008697936427779496,0.1669771522283554,0.3564968705177307,0.42127254605293274,-0.16923663020133972,0.9839096069335938,0.3451082110404968,0.4127916693687439,-0.23452427983283997,0.3170541226863861,0.33184143900871277,0.4042574465274811,-0.18694855272769928,0.9732051491737366,0.32011693716049194,0.3884618878364563,-0.2516706883907318,0.32663747668266296,0.3417634069919586,0.37872347235679626,-0.1881563365459442,0.9725698232650757,0.3377893269062042,0.37789103388786316,-0.2591944634914398,0.3181614577770233,0.3547646105289459,0.3760085105895996,-0.1640542596578598,0.9550628066062927,0.35005882382392883,0.37879571318626404,-0.24538786709308624,0.3071775734424591,0.5722736120223999,0.5586564540863037,-0.10211318731307983,0.9999678730964661,0.5119840502738953,0.533412516117096,0.10200701653957367,0.9998888969421387,0.4637230932712555,0.5961472392082214,-0.4754790663719177,0.9914619326591492,0.38160622119903564,0.5136786103248596,0.013261663727462292,0.6553782224655151,0.5246312618255615,0.8535057306289673,-0.34698325395584106,0.9859500527381897,0.44288429617881775,0.7298693060874939,0.18009518086910248,0.7015670537948608,0.5503124594688416,0.8915153741836548,-0.3343590199947357,0.9577098488807678,0.46552300453186035,0.760347843170166,0.19498112797737122,0.6898134350776672,0.4673476219177246,0.9340382814407349,-0.4401401877403259,0.9863459467887878,0.38148611783981323,0.7879335284233093,0.14558205008506775,0.8153550028800964
down,0.3725394010543823,0.15954118967056274,-0.25908640027046204,0.999987006187439,0.3837398886680603,0.1345067024230957,-0.27058807015419006,0.9999915361404419,0.38940903544425964,0.13253195583820343,-0.2705526351928711,0.9999921917915344,0.395440936088562,0.1312248706817627,-0.2706437408924103,0.9999924302101135,0.37479788064956665,0.13815222680568695,-0.2305290699005127,0.9999891519546509,0.37336617708206177,0.13858065009117126,-0.2306428700685501,0.9999889135360718,0.3719690442085266,0.13871590793132782,-0.23059730231761932,0.9999869465827942,0.41949671506881714,0.14129027724266052,-0.26249420642852783,0.9999896287918091,0.3924843966960907,0.1423543393611908,-0.08909402787685394,0.9999690055847168,0.38731294870376587,0.18846005201339722,-0.25577104091644287,0.9999898672103882,0.3779296875,0.18767358362674713,-0.20568713545799255,0.999983012676239,0.48035264015197754,0.303141325712204,-0.3272770047187805,0.9998311400413513,0.4050028920173645,0.29324960708618164,0.05627868324518204,0.9994902610778809,0.4387426972389221,0.5260477066040039,-0.31621816754341125,0.974890410900116,0.3947826027870178,0.44106361269950867,-0.00355049641802907,0.16714876890182495,0.356603741645813,0.4213826358318329,-0.1698603630065918,0.9836693406105042,0.3452514708042145,0.41362765431404114,-0.2364208698272705,0.3188159465789795,0.33200111985206604,0.40446850657463074,-0.18778949975967407,0.9729918837547302,0.32063525915145874,0.3891582190990448,-0.2539752125740051,0.3282617926597595,0.34187668561935425,0.37889528274536133,-0.18924328684806824,0.9723729491233826,0.3378395140171051,0.3780910074710846,-0.2610411047935486,0.31970876455307007,0.3548159897327423,0.37607404589653015,-0.1649010330438614,0.9548643231391907,0.3501063585281372,0.37905153632164,-0.2470717430114746,0.30904021859169006,0.5722565650939941,0.5585851669311523,-0.10127713531255722,0.9999665021896362,0.5120021104812622,0.5334163308143616,0.10116700828075409,0.999883770942688,0.4637692868709564,0.5961858630180359,-0.4687156677246094,0.9913561344146729,0.38152065873146057,0.5135088562965393,0.012455417774617672,0.6536532640457153,0.5246806740760803,0.8535686731338501,-0.3428875803947449,0.9857837557792664,0.44301873445510864,0.7289878726005554,0.17775079607963562,0.6978039145469666,0.5503653883934021,0.8916433453559875,-0.33080369234085083,0.9571478962898254,0.4660610556602478,0.7593100666999817,0.1925337016582489,0.686348021030426,0.46735328435897827,0.9349405169487,-0.4368576109409332,0.9861485958099365,0.3815497159957886,0.7876518964767456,0.14224815368652344,0.8124536275863647
down,0.3724910616874695,0.15996891260147095,-0.26619958877563477,0.9999868869781494,0.3836735188961029,0.13459838926792145,-0.27668994665145874,0.9999914169311523,0.3893720805644989,0.13257953524589539,-0.2766534388065338,0.9999920725822449,0.39540988206863403,0.13124658167362213,-0.2767455279827118,0.999992311000824,0.3745405673980713,0.1385357677936554,-0.23788630962371826,0.9999890923500061,0.37299972772598267,0.1390502154827118,-0.23800162971019745,0.9999887943267822,0.37147781252861023,0.13925734162330627,-0.23796133697032928,0.9999867677688599,0.41942715644836426,0.14120261371135712,-0.2646178603172302,0.9999893307685852,0.392093688249588,0.1424393355846405,-0.09629058092832565,0.9999685287475586,0.3874250650405884,0.18855434656143188,-0.2610243558883667,0.9999896287918091,0.3779115378856659,0.1880408674478531,-0.21262843906879425,0.9999827742576599,0.480355829000473,0.3031582534313202,-0.3280446529388428,0.9998255968093872,0.4049464166164398,0.29303720593452454,0.050281357020139694,0.9994833469390869,0.4385465681552887,0.5265725255012512,-0.3199341893196106,0.9747947454452515,0.3941586911678314,0.4409054219722748,-0.01222684234380722,0.16760767996311188,0.35658004879951477,0.42145147919654846,-0.1834675371646881,0.9838271141052246,0.34536412358283997,0.41414785385131836,-0.24668851494789124,0.3198097348213196,0.3320167660713196,0.4049667418003082,-0.20229235291481018,0.9732956290245056,0.3209826946258545,0.389905720949173,-0.26480454206466675,0.32939356565475464,0.34178927540779114,0.3795478045940399,-0.2030160129070282,0.9726954102516174,0.3379903733730316,0.3784855008125305,-0.2714385390281677,0.32054805755615234,0.35475313663482666,0.37643855810165405,-0.17843391001224518,0.9554077982902527,0.35021793842315674,0.3793579638004303,-0.2570498585700989,0.30990907549858093,0.5722526907920837,0.5585148334503174,-0.10040201246738434,0.999965250492096,0.511997640132904,0.5333331823348999,0.10027958452701569,0.9998796582221985,0.46379461884498596,0.5961876511573792,-0.4680900573730469,0.9912188649177551,0.3814084231853485,0.5127583146095276,0.009221462532877922,0.6539642214775085,0.5246440172195435,0.8534746170043945,-0.3393407464027405,0.9856539964675903,0.44311994314193726,0.7281842827796936,0.17555956542491913,0.6957886219024658,0.5504069328308105,0.8917064070701599,-0.3268715441226959,0.956780195236206,0.46674615144729614,0.7579652667045593,0.19050398468971252,0.6840093731880188,0.46745243668556213,0.935441255569458,-0.4328095316886902,0.9860045909881592,0.38149362802505493,0.7871579527854919,0.14010514318943024,0.8101747035980225
down,0.3721497356891632,0.16022717952728271,-0.27465349435806274,0.9999859929084778,0.38345474004745483,0.13466912508010864,-0.2828633785247803,0.9999905824661255,0.3892222046852112,0.1326168328523636,-0.2828257381916046,0.999991238117218,0.39527857303619385,0.13125433027744293,-0.2829224467277527,0.9999915361404419,0.37390831112861633,0.1386895775794983,-0.2464638650417328,0.9999881982803345,0.3722040057182312,0.13923098146915436,-0.24657177925109863,0.9999876022338867,0.37052422761917114,0.1394563913345337,-0.2465386837720871,0.9999852776527405,0.4193243384361267,0.14120133221149445,-0.26236575841903687,0.9999879002571106,0.39131954312324524,0.14252063632011414,-0.10405312478542328,0.9999648928642273,0.3874361515045166,0.1887684464454651,-0.26607269048690796,0.9999883770942688,0.3774893581867218,0.18822161853313446,-0.22077345848083496,0.9999807476997375,0.4801350235939026,0.3029337525367737,-0.3233843743801117,0.9998084902763367,0.4044771194458008,0.29231172800064087,0.043282873928546906,0.9994496703147888,0.43804931640625,0.5283505320549011,-0.32539939880371094,0.9748632311820984,0.39183464646339417,0.43900397419929504,-0.01689317636191845,0.16683903336524963,0.35500842332839966,0.4196833372116089,-0.2016892433166504,0.9848026037216187,0.34425094723701477,0.41035690903663635,-0.24954311549663544,0.3273773491382599,0.3307124972343445,0.4041038155555725,-0.22048404812812805,0.9748700261116028,0.31689122319221497,0.38299888372421265,-0.2684648931026459,0.33846840262413025,0.33952832221984863,0.3776853382587433,-0.22093415260314941,0.974356472492218,0.3305971324443817,0.3716554045677185,-0.2738237679004669,0.3290318548679352,0.35179489850997925,0.3752223551273346,-0.19688664376735687,0.9580455422401428,0.34764087200164795,0.37527045607566833,-0.25942760705947876,0.31859421730041504,0.5719696283340454,0.5581884384155273,-0.09721196442842484,0.9999619722366333,0.511786699295044,0.5325943827629089,0.097044438123703,0.9998695850372314,0.46379631757736206,0.5956420302391052,-0.45531338453292847,0.9905140399932861,0.3806248903274536,0.5103095769882202,4.843101851292886e-05,0.6517761945724487,0.5241115689277649,0.8520921468734741,-0.3254612386226654,0.9850426316261292,0.4434923231601715,0.7270652651786804,0.16225437819957733,0.688123345375061,0.550686776638031,0.8914439678192139,-0.31278136372566223,0.955376923084259,0.4673754572868347,0.7571451663970947,0.17707879841327667,0.6780945062637329,0.466644287109375,0.9358001947402954,-0.414480596780777,0.9852521419525146,0.3820260167121887,0.7863122820854187,0.12731757760047913,0.8018894791603088
down,0.37157154083251953,0.16175435483455658,-0.26463067531585693,0.99998539686203,0.382119745016098,0.13599734008312225,-0.2763287127017975,0.9999900460243225,0.38767531514167786,0.13388118147850037,-0.2762911915779114,0.9999907612800598,0.3936724364757538,0.1321868747472763,-0.2763916850090027,0.999991238117218,0.37309226393699646,0.13972775638103485,-0.23734264075756073,0.9999874234199524,0.3716226816177368,0.1400730311870575,-0.2374509572982788,0.9999867081642151,0.3701116442680359,0.14011576771736145,-0.23741784691810608,0.9999841451644897,0.41816383600234985,0.14122804999351501,-0.2657979130744934,0.9999875426292419,0.3913283348083496,0.14251454174518585,-0.09871600568294525,0.9999631643295288,0.3873128890991211,0.1889612227678299,-0.2604951560497284,0.9999881982803345,0.3774639070034027,0.18877103924751282,-0.21191903948783875,0.9999803304672241,0.48007211089134216,0.30290305614471436,-0.32773441076278687,0.9998117685317993,0.4047353267669678,0.29234060645103455,0.045879583805799484,0.9994601607322693,0.4376915395259857,0.5299643874168396,-0.3278891444206238,0.9758558869361877,0.39102333784103394,0.4390939474105835,-0.013974064961075783,0.1721491813659668,0.35440778732299805,0.41990116238594055,-0.19959710538387299,0.9859971404075623,0.3435605466365814,0.41004008054733276,-0.24772369861602783,0.34225764870643616,0.33028191328048706,0.40429848432540894,-0.21862781047821045,0.9766693115234375,0.3150787949562073,0.37906235456466675,-0.2671556770801544,0.35159891843795776,0.33840805292129517,0.3779582679271698,-0.2195497751235962,0.9761583209037781,0.3283517360687256,0.3669813871383667,-0.2724997401237488,0.3414000868797302,0.3507542014122009,0.3755751848220825,-0.19493553042411804,0.9608235955238342,0.3458552360534668,0.3729436695575714,-0.25787025690078735,0.3301101326942444,0.5717232823371887,0.55823814868927,-0.0968606024980545,0.9999618530273438,0.5114198923110962,0.5327565670013428,0.09670273214578629,0.9998717308044434,0.46363502740859985,0.5952527523040771,-0.4640680253505707,0.9906677007675171,0.3806033730506897,0.5105162262916565,-0.007539915386587381,0.6649245619773865,0.5226540565490723,0.8514819741249084,-0.3264903128147125,0.9852355122566223,0.44402092695236206,0.7311330437660217,0.1537695825099945,0.7023720741271973,0.5503519177436829,0.8905348181724548,-0.313370943069458,0.9558192491531372,0.467782199382782,0.7638983130455017,0.16807496547698975,0.6893238425254822,0.4639202058315277,0.9354330897331238,-0.4179791808128357,0.9851866364479065,0.38510891795158386,0.7933149337768555,0.11422492563724518,0.8095253109931946
down,0.3712311387062073,0.16197092831134796,-0.2660863697528839,0.9999850392341614,0.38182300329208374,0.1360703855752945,-0.27808699011802673,0.9999898076057434,0.3874039947986603,0.133954718708992,-0.2780486047267914,0.9999905824661255,0.393441766500473,0.13224579393863678,-0.2781493365764618,0.9999909996986389,0.3729206919670105,0.13975320756435394,-0.23814383149147034,0.9999870657920837,0.371528685092926,0.14006374776363373,-0.23825880885124207,0.999986469745636,0.3700801432132721,0.14008194208145142,-0.2382228821516037,0.9999839067459106,0.41807079315185547,0.14124619960784912,-0.27139395475387573,0.9999875426292419,0.39144986867904663,0.14240705966949463,-0.09750884026288986,0.9999629259109497,0.38711047172546387,0.1891271322965622,-0.26265445351600647,0.9999881982803345,0.37739142775535583,0.18894919753074646,-0.21271741390228271,0.9999805092811584,0.4801918566226959,0.3028707802295685,-0.33376532793045044,0.9998134970664978,0.40455397963523865,0.2931183874607086,0.04656136780977249,0.9994783997535706,0.43782472610473633,0.5301841497421265,-0.33291560411453247,0.9767977595329285,0.3904241621494293,0.439431756734848,-0.01711929589509964,0.17907173931598663,0.3544376492500305,0.4203192889690399,-0.1987936794757843,0.9863995313644409,0.34338849782943726,0.4104290008544922,-0.25677698850631714,0.3544561564922333,0.33028945326805115,0.40442830324172974,-0.218354731798172,0.9770494699478149,0.3149738311767578,0.37831977009773254,-0.2768082022666931,0.3612576425075531,0.33841532468795776,0.3782796263694763,-0.21896417438983917,0.9764828085899353,0.3287121653556824,0.3667304515838623,-0.28264325857162476,0.35094889998435974,0.35084015130996704,0.3760341703891754,-0.19404561817646027,0.9612031579017639,0.3458499610424042,0.37308454513549805,-0.26721519231796265,0.33878451585769653,0.571564793586731,0.5583934783935547,-0.09809146076440811,0.9999616742134094,0.5107420682907104,0.5333048701286316,0.09796011447906494,0.9998753070831299,0.46368807554244995,0.5952858924865723,-0.47112172842025757,0.9906774759292603,0.3802658021450043,0.5105084180831909,-0.014008304104208946,0.6723876595497131,0.522344708442688,0.8515759706497192,-0.3293827474117279,0.9849681854248047,0.4445919394493103,0.7326747179031372,0.14969870448112488,0.7113584280014038,0.5502728223800659,0.8910472393035889,-0.31545013189315796,0.9549095034599304,0.4684049189090729,0.7647346258163452,0.1641097068786621,0.6963657736778259,0.4631199836730957,0.9353291988372803,-0.42119064927101135,0.9848953485488892,0.38478052616119385,0.7934399843215942,0.11005501449108124,0.8159629106521606
down,0.3710656762123108,0.16050413250923157,-0.26455217599868774,0.9999857544898987,0.38215211033821106,0.13501672446727753,-0.27843862771987915,0.9999904632568359,0.38789013028144836,0.1332007646560669,-0.27840137481689453,0.9999912977218628,0.39384201169013977,0.13182571530342102,-0.27850064635276794,0.9999915957450867,0.3732464909553528,0.13806338608264923,-0.2360120713710785,0.9999876618385315,0.37193581461906433,0.13820193707942963,-0.23613210022449493,0.9999874234199524,0.3706534206867218,0.1380428522825241,-0.2360902726650238,0.9999850988388062,0.41819509863853455,0.14125096797943115,-0.278620183467865,0.9999887347221375,0.3923015892505646,0.14170855283737183,-0.09358462691307068,0.9999663829803467,0.3866129517555237,0.18862348794937134,-0.26407214999198914,0.9999891519546509,0.37715014815330505,0.18827639520168304,-0.21083414554595947,0.9999821782112122,0.48017698526382446,0.3031556010246277,-0.34195902943611145,0.9998244047164917,0.4044920802116394,0.2941947877407074,0.05015946552157402,0.9994989037513733,0.43894362449645996,0.5302696824073792,-0.3361932337284088,0.9775018692016602,0.3910922706127167,0.44104617834091187,-0.0135532571002841,0.18332086503505707,0.35488826036453247,0.4210517406463623,-0.19349345564842224,0.9864164590835571,0.34320247173309326,0.4127313792705536,-0.25708407163619995,0.36303913593292236,0.33055979013442993,0.4045102894306183,-0.214687779545784,0.9768405556678772,0.3170227110385895,0.3842722177505493,-0.2771971821784973,0.36844778060913086,0.33884868025779724,0.3786562979221344,-0.2146197110414505,0.976216197013855,0.33024412393569946,0.36884254217147827,-0.28468912839889526,0.35932016372680664,0.3516838550567627,0.376638799905777,-0.18819209933280945,0.9606068134307861,0.3458724617958069,0.37537482380867004,-0.26833149790763855,0.34621185064315796,0.5715203881263733,0.558639645576477,-0.10176251828670502,0.9999627470970154,0.5101326107978821,0.5339583158493042,0.10169748216867447,0.9998809099197388,0.46383899450302124,0.5953279137611389,-0.4840562343597412,0.9909602999687195,0.3791755735874176,0.5097784399986267,-0.01371135376393795,0.6781130433082581,0.5226565003395081,0.8515868186950684,-0.3364899158477783,0.9848885536193848,0.44467440247535706,0.7324380874633789,0.1535319834947586,0.7204151153564453,0.5505809783935547,0.8913239240646362,-0.32212892174720764,0.9543644189834595,0.46840348839759827,0.7642042636871338,0.16857466101646423,0.7034953236579895,0.4634252190589905,0.9352627396583557,-0.428400456905365,0.9848507046699524,0.3834458887577057,0.7913320064544678,0.11504203081130981,0.8234668374061584
down,0.37215325236320496,0.16072070598602295,-0.27219530940055847,0.9999858140945435,0.3841131031513214,0.13508166372776031,-0.2827730178833008,0.9999906420707703,0.39027169346809387,0.1332736760377884,-0.2827453315258026,0.9999914169311523,0.39604541659355164,0.13188643753528595,-0.282850444316864,0.9999917149543762,0.37419018149375916,0.1382545530796051,-0.24249479174613953,0.999987781047821,0.3726843595504761,0.13853813707828522,-0.24261030554771423,0.9999874234199524,0.37126487493515015,0.13857167959213257,-0.24256844818592072,0.9999850988388062,0.41925984621047974,0.14115633070468903,-0.2736343741416931,0.9999889135360718,0.39217883348464966,0.1417207419872284,-0.09632033109664917,0.9999658465385437,0.3888494074344635,0.18865466117858887,-0.26740866899490356,0.9999890327453613,0.3779546022415161,0.18883027136325836,-0.21703827381134033,0.9999818205833435,0.4801836907863617,0.30316510796546936,-0.34032148122787476,0.9998233914375305,0.40474623441696167,0.2940085232257843,0.05297200009226799,0.9994718432426453,0.439765989780426,0.5301576256752014,-0.33658862113952637,0.9770808815956116,0.3925759196281433,0.44126594066619873,-0.00616194773465395,0.17328593134880066,0.35532015562057495,0.42175403237342834,-0.19682714343070984,0.9861021637916565,0.34306302666664124,0.413318008184433,-0.2440018206834793,0.3497511148452759,0.33064040541648865,0.40508168935775757,-0.21772930026054382,0.9765291213989258,0.31715789437294006,0.3857176899909973,-0.2619720995426178,0.35789817571640015,0.3390914499759674,0.3787342607975006,-0.21741290390491486,0.975949227809906,0.3301489055156708,0.37060546875,-0.26968568563461304,0.34932127594947815,0.35222306847572327,0.37679430842399597,-0.1914033740758896,0.9599888920783997,0.3460116386413574,0.375993549823761,-0.2551184594631195,0.336393803358078,0.5716599225997925,0.5586827397346497,-0.10277433693408966,0.9999632835388184,0.5106576681137085,0.5342050194740295,0.10267887264490128,0.999879777431488,0.4638236463069916,0.5954782962799072,-0.48529690504074097,0.9905098080635071,0.37937742471694946,0.5113396048545837,-0.00446380814537406,0.6711963415145874,0.5226605534553528,0.8516928553581238,-0.33727166056632996,0.9846047163009644,0.44530996680259705,0.7324232459068298,0.17024573683738708,0.7167524695396423,0.5506036281585693,0.8914448022842407,-0.32293444871902466,0.954477071762085,0.46903738379478455,0.764479398727417,0.18617045879364014,0.7009929418563843,0.4635438024997711,0.9352325201034546,-0.4280511736869812,0.9847849011421204,0.3853364586830139,0.7916789650917053,0.1353674978017807,0.8208005428314209
down,0.3723015785217285,0.16060064733028412,-0.2672998011112213,0.9999855160713196,0.3842040002346039,0.13482555747032166,-0.2802390456199646,0.9999905228614807,0.3902592360973358,0.13305306434631348,-0.2802080512046814,0.9999913573265076,0.39599308371543884,0.13167712092399597,-0.2803053557872772,0.9999916553497314,0.37451210618019104,0.13796685636043549,-0.23775295913219452,0.9999875426292419,0.37314373254776,0.13822484016418457,-0.23787391185760498,0.9999873042106628,0.37189096212387085,0.1382361352443695,-0.23783531785011292,0.9999850988388062,0.4194154143333435,0.1406962275505066,-0.276608407497406,0.9999887943267822,0.39243900775909424,0.14129993319511414,-0.09316470474004745,0.9999659657478333,0.38885870575904846,0.18857313692569733,-0.26580601930618286,0.9999887943267822,0.378129780292511,0.18882709741592407,-0.21269850432872772,0.9999815225601196,0.4806300103664398,0.30293378233909607,-0.3426874279975891,0.9998241066932678,0.40499234199523926,0.29383140802383423,0.05345296114683151,0.9994637370109558,0.44025254249572754,0.5287643671035767,-0.34146416187286377,0.9767579436302185,0.392869234085083,0.4422735571861267,-0.0095503069460392,0.1756047010421753,0.35563287138938904,0.4230063259601593,-0.20622289180755615,0.9857898354530334,0.34294191002845764,0.41427338123321533,-0.2543167769908905,0.35079044103622437,0.3307196795940399,0.40533217787742615,-0.22916169464588165,0.9761806726455688,0.3175850510597229,0.3869131803512573,-0.2742304801940918,0.358472615480423,0.339645653963089,0.3790484070777893,-0.2292085886001587,0.9756290912628174,0.3318679928779602,0.3715197741985321,-0.28201988339424133,0.3503597676753998,0.3526347577571869,0.37715938687324524,-0.20122399926185608,0.9592130780220032,0.34618765115737915,0.37642279267311096,-0.2655718922615051,0.3365930914878845,0.5718227624893188,0.5586351752281189,-0.10399080812931061,0.9999633431434631,0.5110026597976685,0.5339263677597046,0.10392193496227264,0.9998798370361328,0.46384233236312866,0.5956549644470215,-0.4907345175743103,0.9905034899711609,0.3796362280845642,0.5120550990104675,-0.0026622056029736996,0.6698766350746155,0.5227764248847961,0.8522692322731018,-0.3505703806877136,0.9847424030303955,0.4457228183746338,0.7319010496139526,0.17176862061023712,0.7164082527160645,0.5506054162979126,0.8916240334510803,-0.33717426657676697,0.9551783204078674,0.4694550931453705,0.7639757990837097,0.18764542043209076,0.7018051743507385,0.46388524770736694,0.9352595210075378,-0.4459545612335205,0.9850015640258789,0.38525640964508057,0.7895112037658691,0.13526169955730438,0.8209754228591919
down,0.37230366468429565,0.16032099723815918,-0.27249443531036377,0.9999851584434509,0.38421279191970825,0.1344238668680191,-0.28412774205207825,0.9999902248382568,0.39024975895881653,0.1326684057712555,-0.284095823764801,0.9999911189079285,0.3960004448890686,0.13129642605781555,-0.28419229388237,0.9999914765357971,0.3746930658817291,0.13767537474632263,-0.24277785420417786,0.9999871850013733,0.3733977675437927,0.1379603147506714,-0.24289968609809875,0.9999869465827942,0.37220498919487,0.13801217079162598,-0.242862731218338,0.9999847412109375,0.41947540640830994,0.14022521674633026,-0.27721795439720154,0.9999883770942688,0.3924907147884369,0.14120760560035706,-0.09746484458446503,0.9999645352363586,0.3887541890144348,0.18846240639686584,-0.2693234980106354,0.9999882578849792,0.3781302571296692,0.18875177204608917,-0.2176622897386551,0.9999807476997375,0.4808298945426941,0.30283433198928833,-0.34321504831314087,0.9998205900192261,0.405079185962677,0.2939305901527405,0.050301533192396164,0.9994408488273621,0.44035840034484863,0.528420627117157,-0.34398308396339417,0.9764747619628906,0.39234888553619385,0.4423563778400421,-0.016296302899718285,0.17268019914627075,0.3559541404247284,0.4238828420639038,-0.21164457499980927,0.9855522513389587,0.34275197982788086,0.41441676020622253,-0.26116544008255005,0.34155914187431335,0.3308574855327606,0.4053175151348114,-0.23421256244182587,0.9759848713874817,0.31780701875686646,0.38711416721343994,-0.2811111509799957,0.3501374423503876,0.34003204107284546,0.3796365559101105,-0.2342233955860138,0.9754819869995117,0.3331531286239624,0.37318241596221924,-0.2881701588630676,0.34223705530166626,0.35284703969955444,0.37765511870384216,-0.20666250586509705,0.9587588310241699,0.34622901678085327,0.3766176402568817,-0.272103875875473,0.32863467931747437,0.5718675851821899,0.5584934949874878,-0.10408899933099747,0.9999624490737915,0.5110152363777161,0.5334422588348389,0.10401396453380585,0.9998764991760254,0.4638686776161194,0.5958158373832703,-0.4914935231208801,0.9903191328048706,0.37966376543045044,0.5121336579322815,-0.004268909804522991,0.6684341430664062,0.5228152871131897,0.8524050116539001,-0.34848493337631226,0.9847830533981323,0.44576603174209595,0.7314069271087646,0.17142096161842346,0.715272843837738,0.5506128668785095,0.891686737537384,-0.3347477316856384,0.9551882147789001,0.46950775384902954,0.7631622552871704,0.18746839463710785,0.7009801268577576,0.4640839695930481,0.9353809952735901,-0.4427766799926758,0.9850894212722778,0.3850371241569519,0.7889249324798584,0.13498494029045105,0.8199777007102966
down,0.37221333384513855,0.1600998491048813,-0.27340686321258545,0.9999846816062927,0.3840671479701996,0.13418136537075043,-0.2851952314376831,0.9999898076057434,0.3900209665298462,0.13239648938179016,-0.28516191244125366,0.9999908804893494,0.3958227038383484,0.1310071051120758,-0.2852596044540405,0.9999911785125732,0.37475818395614624,0.13748592138290405,-0.2438182830810547,0.9999865889549255,0.3734927177429199,0.13777603209018707,-0.24393899738788605,0.999986469745636,0.3723512887954712,0.13784193992614746,-0.24390189349651337,0.9999842047691345,0.419517457485199,0.13994120061397552,-0.27818870544433594,0.9999878406524658,0.3926878571510315,0.14115944504737854,-0.09881223738193512,0.9999628067016602,0.3883170485496521,0.18839645385742188,-0.2703711986541748,0.999987781047821,0.3780877888202667,0.18867267668247223,-0.21864965558052063,0.9999799132347107,0.48123711347579956,0.30238252878189087,-0.34379589557647705,0.9998151659965515,0.40536731481552124,0.29439231753349304,0.04893340915441513,0.9994177222251892,0.4407738149166107,0.528275191783905,-0.34456491470336914,0.9761351346969604,0.3926090598106384,0.4432683289051056,-0.018120678141713142,0.17438443005084991,0.35662615299224854,0.42335230112075806,-0.20968088507652283,0.9853354692459106,0.3424401879310608,0.41365692019462585,-0.263048380613327,0.34222427010536194,0.33120331168174744,0.4046999216079712,-0.2309015691280365,0.975713849067688,0.3178340792655945,0.3862130343914032,-0.28327620029449463,0.35000142455101013,0.340312659740448,0.3796479105949402,-0.2312953770160675,0.9752261638641357,0.3328637480735779,0.3719842731952667,-0.2897249758243561,0.3418577313423157,0.3531251549720764,0.3777422606945038,-0.20459410548210144,0.9582614898681641,0.34619858860969543,0.37673404812812805,-0.2737594246864319,0.32757043838500977,0.571827232837677,0.5582579374313354,-0.1039525493979454,0.9999614357948303,0.510811448097229,0.5332669019699097,0.1038733571767807,0.9998728036880493,0.46388810873031616,0.5958477258682251,-0.49351638555526733,0.9902955889701843,0.3797185719013214,0.5123173594474792,-0.006072591058909893,0.6703300476074219,0.5228295922279358,0.8524462580680847,-0.3490213453769684,0.9848974347114563,0.4457969665527344,0.7312945127487183,0.1701115071773529,0.7173748016357422,0.5506123304367065,0.8917427659034729,-0.3352988064289093,0.9550557732582092,0.4700031876564026,0.7624433636665344,0.18616455793380737,0.702140212059021,0.4641439914703369,0.935490071773529,-0.444225549697876,0.9852259755134583,0.3849124610424042,0.788801908493042,0.1327560395002365,0.8213882446289062
down,0.3727850914001465,0.15913183987140656,-0.28306639194488525,0.9999851584434509,0.3849197030067444,0.13253216445446014,-0.2922596037387848,0.9999901056289673,0.39081281423568726,0.13052773475646973,-0.2922285199165344,0.9999911189079285,0.39683979749679565,0.12873363494873047,-0.2923310399055481,0.9999913573265076,0.3754778206348419,0.13678714632987976,-0.2527093291282654,0.9999871850013733,0.3742218315601349,0.13728182017803192,-0.25282517075538635,0.9999869465827942,0.3730188012123108,0.13752946257591248,-0.25278574228286743,0.9999846816062927,0.42037835717201233,0.13733965158462524,-0.2773617208003998,0.9999881386756897,0.3928505480289459,0.14079180359840393,-0.10353270918130875,0.999963104724884,0.3894346356391907,0.18697302043437958,-0.27602824568748474,0.9999879002571106,0.3787887394428253,0.18807640671730042,-0.2267395555973053,0.9999802708625793,0.48178768157958984,0.3019741177558899,-0.34293967485427856,0.9998131990432739,0.4067811965942383,0.29440757632255554,0.04999763146042824,0.9994069933891296,0.44237273931503296,0.5283234119415283,-0.3433627188205719,0.9757404327392578,0.39295488595962524,0.4435133934020996,-0.013847175054252148,0.16771569848060608,0.35811901092529297,0.42370012402534485,-0.20859213173389435,0.9851849675178528,0.34246018528938293,0.4132564961910248,-0.2576460838317871,0.333672434091568,0.33255091309547424,0.40662163496017456,-0.22879460453987122,0.9755741953849792,0.3186226487159729,0.3863755464553833,-0.2759767174720764,0.3427722752094269,0.3406886160373688,0.38089755177497864,-0.2286776602268219,0.9751295447349548,0.3336503207683563,0.3735730051994324,-0.2823956608772278,0.33404287695884705,0.35364586114883423,0.3788582682609558,-0.2031375914812088,0.9580185413360596,0.34625717997550964,0.37775367498397827,-0.2682243883609772,0.31960928440093994,0.5718033313751221,0.5580812096595764,-0.10415883362293243,0.9999622702598572,0.5107947587966919,0.5329925417900085,0.10405876487493515,0.9998739361763,0.46374815702438354,0.5956287384033203,-0.4950239658355713,0.990174412727356,0.37981608510017395,0.5118892788887024,-0.006676160730421543,0.6707168221473694,0.5229797959327698,0.8524879217147827,-0.3485790193080902,0.9852286577224731,0.44593214988708496,0.7310526371002197,0.16897909343242645,0.7208499312400818,0.5506789684295654,0.8917726278305054,-0.33463719487190247,0.9561411738395691,0.4714788794517517,0.7618603110313416,0.18499961495399475,0.7052466869354248,0.46415218710899353,0.9355758428573608,-0.44263261556625366,0.985589861869812,0.38642317056655884,0.7902655005455017,0.13145704567432404,0.8227561116218567
down,0.3735767602920532,0.15564832091331482,-0.2837246060371399,0.9999854564666748,0.38634228706359863,0.1295977681875229,-0.29318901896476746,0.9999901652336121,0.3921279013156891,0.12794166803359985,-0.29315581917762756,0.9999910593032837,0.39832502603530884,0.1263255476951599,-0.2932527959346771,0.9999914169311523,0.376825749874115,0.13371439278125763,-0.25384047627449036,0.9999874830245972,0.3755955994129181,0.1342642456293106,-0.253956139087677,0.999987006187439,0.3743390440940857,0.13459530472755432,-0.2539180815219879,0.9999849200248718,0.42124924063682556,0.13561882078647614,-0.27721264958381653,0.9999881386756897,0.39354509115219116,0.13914772868156433,-0.10677038133144379,0.9999633431434631,0.390230655670166,0.18471135199069977,-0.2771316170692444,0.999987781047821,0.3793546259403229,0.1854187399148941,-0.2281932383775711,0.9999802112579346,0.48208823800086975,0.3019784390926361,-0.3427073359489441,0.9998113512992859,0.4070565104484558,0.2941844165325165,0.04713023453950882,0.9994108080863953,0.4426712989807129,0.5286698341369629,-0.34428754448890686,0.9756038784980774,0.3933771848678589,0.4414508044719696,-0.014622839167714119,0.15682464838027954,0.358242928981781,0.4239257872104645,-0.21651485562324524,0.9853088855743408,0.3423115611076355,0.41291487216949463,-0.25412315130233765,0.3203715682029724,0.3325793445110321,0.40697547793388367,-0.2378547191619873,0.9758914113044739,0.3184860348701477,0.3863801658153534,-0.27193787693977356,0.3320206105709076,0.3407135009765625,0.3811250925064087,-0.23672525584697723,0.9754900932312012,0.3337186276912689,0.3738298714160919,-0.2795630991458893,0.3231385350227356,0.35364121198654175,0.3792016804218292,-0.21099761128425598,0.9584783315658569,0.3463424742221832,0.37793177366256714,-0.26506307721138,0.3089918792247772,0.571709156036377,0.5579953789710999,-0.10354437679052353,0.9999608993530273,0.5107966661453247,0.5325236320495605,0.10341664403676987,0.9998706579208374,0.4635953903198242,0.5952533483505249,-0.4842480719089508,0.9899812340736389,0.37981778383255005,0.5116007328033447,-0.007682273630052805,0.6751218438148499,0.523185133934021,0.8522806763648987,-0.3401974141597748,0.9852347373962402,0.4459472596645355,0.7313989996910095,0.16415630280971527,0.7235729098320007,0.5509445667266846,0.8916424512863159,-0.32635101675987244,0.9561792016029358,0.47134947776794434,0.7626698017120361,0.17973284423351288,0.7085456252098083,0.4644191265106201,0.934924304485321,-0.4332570433616638,0.9855663180351257,0.38593265414237976,0.791145920753479,0.12727808952331543,0.8231825232505798
down,0.37390393018722534,0.15147504210472107,-0.28022637963294983,0.9999857544898987,0.38774096965789795,0.1260160505771637,-0.2894488573074341,0.9999904632568359,0.3935476243495941,0.12489017844200134,-0.28941813111305237,0.999991238117218,0.39980393648147583,0.1238032653927803,-0.28950852155685425,0.9999915957450867,0.37792661786079407,0.12936876714229584,-0.25037169456481934,0.9999879598617554,0.3766006827354431,0.12978047132492065,-0.2504871189594269,0.9999874234199524,0.37523284554481506,0.12997427582740784,-0.2504483461380005,0.9999855160713196,0.42265433073043823,0.1346069723367691,-0.27320829033851624,0.999988317489624,0.39448100328445435,0.1363513469696045,-0.10391725599765778,0.9999651908874512,0.39035564661026,0.1820056140422821,-0.27366548776626587,0.9999879598617554,0.379326730966568,0.18211179971694946,-0.22501499950885773,0.9999806880950928,0.4821215569972992,0.30193158984184265,-0.3375279903411865,0.9998109936714172,0.4073874056339264,0.2939984202384949,0.04709228128194809,0.9994233250617981,0.44272080063819885,0.5288147330284119,-0.340086966753006,0.9753467440605164,0.39339786767959595,0.44006866216659546,-0.014869880862534046,0.14958852529525757,0.3581386208534241,0.423928827047348,-0.21787218749523163,0.9853442311286926,0.3422486186027527,0.4128601551055908,-0.25425058603286743,0.3102792203426361,0.3321914076805115,0.4069017171859741,-0.240128755569458,0.9761345386505127,0.31760942935943604,0.38642314076423645,-0.2722277045249939,0.3244878649711609,0.34057706594467163,0.38141530752182007,-0.2388278990983963,0.9757590293884277,0.3336072564125061,0.3743557333946228,-0.28040915727615356,0.315995454788208,0.3534140884876251,0.3795832395553589,-0.21248385310173035,0.9589370489120483,0.34638088941574097,0.37862247228622437,-0.2654113471508026,0.3029870092868805,0.5717872381210327,0.5578991174697876,-0.10274557769298553,0.9999600052833557,0.5113979578018188,0.5324204564094543,0.10261015594005585,0.999869167804718,0.46340030431747437,0.5944000482559204,-0.477317750453949,0.9898250699043274,0.38008272647857666,0.5114989876747131,-0.003926538862287998,0.669609785079956,0.5232088565826416,0.8515105247497559,-0.3387046456336975,0.9849715828895569,0.44580450654029846,0.7308965921401978,0.16353031992912292,0.7172210812568665,0.5509649515151978,0.8910879492759705,-0.3252194821834564,0.955500066280365,0.47137898206710815,0.7621073126792908,0.17888115346431732,0.7039730548858643,0.4652453362941742,0.9340111017227173,-0.431039959192276,0.9852142930030823,0.3851965069770813,0.7913057804107666,0.12682536244392395,0.818352460861206
down,0.374614953994751,0.15086276829242706,-0.28295522928237915,0.9999861121177673,0.38907039165496826,0.12531422078609467,-0.29113703966140747,0.9999906420707703,0.3950865864753723,0.12420748919248581,-0.29110652208328247,0.999991238117218,0.40138110518455505,0.12312480807304382,-0.2911975383758545,0.9999915957450867,0.37887170910835266,0.12866276502609253,-0.25280696153640747,0.9999883770942688,0.3774487376213074,0.12908576428890228,-0.2529224753379822,0.9999878406524658,0.3759921193122864,0.12927693128585815,-0.2528807520866394,0.9999859929084778,0.42389315366744995,0.13400483131408691,-0.27145901322364807,0.9999881386756897,0.3948635458946228,0.13565509021282196,-0.1048377975821495,0.9999664425849915,0.3911348879337311,0.18133117258548737,-0.27491405606269836,0.9999876618385315,0.37957632541656494,0.1816256195306778,-0.2272106111049652,0.9999808073043823,0.48213958740234375,0.3010731041431427,-0.33477669954299927,0.9998036623001099,0.407345712184906,0.2938597798347473,0.04696568474173546,0.9994316697120667,0.44292840361595154,0.5285205245018005,-0.3355259299278259,0.9747648239135742,0.3934883773326874,0.4400245249271393,-0.014721736311912537,0.1485452502965927,0.35842546820640564,0.42431268095970154,-0.21376383304595947,0.9852391481399536,0.34292906522750854,0.41288137435913086,-0.25226670503616333,0.3120942711830139,0.33258703351020813,0.40747183561325073,-0.2351052314043045,0.9761379957199097,0.31791049242019653,0.3872976005077362,-0.2698499858379364,0.3273182511329651,0.3407247066497803,0.38144421577453613,-0.23347687721252441,0.9757691025733948,0.3334801197052002,0.37412235140800476,-0.27760079503059387,0.318502813577652,0.3534460663795471,0.37967804074287415,-0.2082391083240509,0.9590281844139099,0.34645897150039673,0.3782898485660553,-0.2630869746208191,0.30585840344429016,0.5719213485717773,0.5578209757804871,-0.10263420641422272,0.9999591112136841,0.5116525888442993,0.5324236750602722,0.10248762369155884,0.9998672604560852,0.4630337357521057,0.5938200354576111,-0.4744442105293274,0.9894365668296814,0.3802056610584259,0.5104228854179382,-0.0018450369825586677,0.661077618598938,0.5232263803482056,0.8512934446334839,-0.3387168347835541,0.9846106767654419,0.4458518624305725,0.7303751707077026,0.16397449374198914,0.7078748345375061,0.5509780049324036,0.8908795714378357,-0.32537251710891724,0.9547876119613647,0.47164472937583923,0.7614708542823792,0.17927560210227966,0.6974822282791138,0.4653186798095703,0.9337770342826843,-0.43038806319236755,0.9848700165748596,0.3856041133403778,0.7911377549171448,0.12868787348270416,0.8120241761207581
down,0.37495264410972595,0.15082642436027527,-0.28329482674598694,0.999986469745636,0.38948923349380493,0.12528398633003235,-0.29131120443344116,0.9999909400939941,0.39556005597114563,0.12417594343423843,-0.29127994179725647,0.9999914169311523,0.4018678665161133,0.12308710813522339,-0.2913699448108673,0.999991774559021,0.3791375160217285,0.1286310851573944,-0.25308603048324585,0.9999887943267822,0.3776693344116211,0.12905189394950867,-0.2532024085521698,0.9999882578849792,0.3761776089668274,0.12923690676689148,-0.25316041707992554,0.9999864101409912,0.4243091642856598,0.1339164674282074,-0.26988622546195984,0.9999881982803345,0.3948920965194702,0.13548368215560913,-0.10466084629297256,0.9999672174453735,0.3916418254375458,0.18121694028377533,-0.27504318952560425,0.9999875426292419,0.3797750174999237,0.18156574666500092,-0.22749149799346924,0.9999805688858032,0.4822501540184021,0.3001197278499603,-0.33408424258232117,0.9997982978820801,0.4076058864593506,0.29356956481933594,0.047268301248550415,0.9994240999221802,0.44339364767074585,0.5277093648910522,-0.33520931005477905,0.974524974822998,0.3942064940929413,0.4393988847732544,-0.013536743819713593,0.14433619379997253,0.35867762565612793,0.4245520234107971,-0.21335497498512268,0.9852181077003479,0.3431379497051239,0.41285622119903564,-0.25103265047073364,0.30717933177948,0.33305150270462036,0.4081498086452484,-0.2347819060087204,0.9762637615203857,0.3182041645050049,0.38783687353134155,-0.2687622606754303,0.32434314489364624,0.3407996594905853,0.38154906034469604,-0.23324671387672424,0.975925624370575,0.33381932973861694,0.3744501769542694,-0.2770366072654724,0.3155136704444885,0.3534587025642395,0.3797585666179657,-0.20783981680870056,0.9593239426612854,0.34654632210731506,0.37805449962615967,-0.26210325956344604,0.303531289100647,0.5719451904296875,0.5576905012130737,-0.10273003578186035,0.999958336353302,0.5119427442550659,0.5324519872665405,0.10257302224636078,0.9998649954795837,0.46251025795936584,0.5931214094161987,-0.47467368841171265,0.9890725612640381,0.3801501989364624,0.5103002190589905,-0.0004325691261328757,0.6535887122154236,0.5232495069503784,0.8509778380393982,-0.342090904712677,0.9844254851341248,0.4459153711795807,0.7297042012214661,0.16333256661891937,0.6992764472961426,0.5509883165359497,0.8904739618301392,-0.32932040095329285,0.9545893669128418,0.47202906012535095,0.7608279585838318,0.1784488409757614,0.6913200616836548,0.4653584957122803,0.9336069822311401,-0.43388110399246216,0.9846972227096558,0.38584595918655396,0.7911039590835571,0.12811648845672607,0.8059113025665283
down,0.3755207061767578,0.15050989389419556,-0.2857286036014557,0.999987006187439,0.39024901390075684,0.1250891536474228,-0.2931002378463745,0.9999912977218628,0.3964529037475586,0.1240314468741417,-0.2930700182914734,0.9999916553497314,0.4027624726295471,0.12297963351011276,-0.29316598176956177,0.9999920129776001,0.3794936239719391,0.12840743362903595,-0.25551801919937134,0.9999892711639404,0.3778935968875885,0.12884218990802765,-0.25563061237335205,0.9999886155128479,0.3762984871864319,0.12902213633060455,-0.25558385252952576,0.9999867677688599,0.4248502850532532,0.13384684920310974,-0.2697025537490845,0.9999884963035583,0.3948577642440796,0.13527461886405945,-0.10686241090297699,0.9999680519104004,0.39245980978012085,0.1809292882680893,-0.2764659821987152,0.9999876618385315,0.3800109922885895,0.18138828873634338,-0.22976544499397278,0.999980628490448,0.48242712020874023,0.30010128021240234,-0.3337628245353699,0.999792754650116,0.408186674118042,0.2932981550693512,0.04586435854434967,0.999406099319458,0.4435068964958191,0.5279563665390015,-0.33302658796310425,0.9745951294898987,0.39501580595970154,0.43797552585601807,-0.012093890458345413,0.13660815358161926,0.3587195575237274,0.42448848485946655,-0.2056978940963745,0.9852701425552368,0.343376487493515,0.4128170311450958,-0.24609136581420898,0.2947000563144684,0.3331007957458496,0.4082704186439514,-0.22557787597179413,0.9763931035995483,0.3182790279388428,0.38823288679122925,-0.2629813253879547,0.3144240379333496,0.3408288359642029,0.3815937042236328,-0.22369003295898438,0.9760901927947998,0.3335598111152649,0.3758556842803955,-0.27208277583122253,0.30597808957099915,0.35347887873649597,0.37977081537246704,-0.19977806508541107,0.959739089012146,0.3469589054584503,0.3785165250301361,-0.2574881613254547,0.29568448662757874,0.5719414353370667,0.5576589107513428,-0.102347731590271,0.999957799911499,0.5120827555656433,0.5324020981788635,0.10218135267496109,0.9998622536659241,0.4620458483695984,0.593043327331543,-0.4721994400024414,0.988874077796936,0.37988609075546265,0.5104690790176392,-0.0002891637268476188,0.6488304734230042,0.5232822299003601,0.8506454229354858,-0.33547061681747437,0.9842253923416138,0.4457959532737732,0.7295195460319519,0.1647867113351822,0.6943405270576477,0.5510281920433044,0.8901421427726746,-0.3219142556190491,0.9543134570121765,0.4719228148460388,0.7607221603393555,0.1801297515630722,0.6870699524879456,0.465918630361557,0.9329205751419067,-0.42383942008018494,0.9844754934310913,0.3853704333305359,0.7914051413536072,0.13067679107189178,0.8015611171722412
down,0.3757922351360321,0.15043966472148895,-0.28625577688217163,0.9999874830245972,0.39054372906684875,0.12502114474773407,-0.29347723722457886,0.9999915957450867,0.3968309760093689,0.12395790964365005,-0.29344791173934937,0.9999918937683105,0.4031626582145691,0.12289401888847351,-0.29354599118232727,0.9999921917915344,0.3795549273490906,0.128385528922081,-0.2560226023197174,0.9999896287918091,0.37792307138442993,0.12884767353534698,-0.2561328709125519,0.9999890327453613,0.3763010501861572,0.12905065715312958,-0.25608429312705994,0.9999871253967285,0.4251552224159241,0.1337682008743286,-0.2692158818244934,0.999988853931427,0.39457160234451294,0.13521549105644226,-0.10741181671619415,0.9999690651893616,0.392869770526886,0.18083159625530243,-0.2768181264400482,0.9999879002571106,0.38006871938705444,0.18137450516223907,-0.23030295968055725,0.9999808669090271,0.4825359880924225,0.30011695623397827,-0.3323814272880554,0.9997879266738892,0.40864476561546326,0.29323360323905945,0.04555690661072731,0.9993928074836731,0.4440411627292633,0.5283679366111755,-0.3265231251716614,0.9742912650108337,0.39592525362968445,0.4381827116012573,-0.010843929834663868,0.1323404759168625,0.35922589898109436,0.42498379945755005,-0.19401122629642487,0.9849852323532104,0.3438172936439514,0.4134497046470642,-0.24040746688842773,0.2870737612247467,0.333308607339859,0.4089268445968628,-0.21259181201457977,0.9759719967842102,0.3184720575809479,0.38923412561416626,-0.25685015320777893,0.30826902389526367,0.3413114845752716,0.3822506070137024,-0.21129007637500763,0.9757000207901001,0.3335222601890564,0.37750524282455444,-0.26573970913887024,0.30003881454467773,0.3540463447570801,0.3801060914993286,-0.18810418248176575,0.9593754410743713,0.3474583923816681,0.37983331084251404,-0.25160375237464905,0.29085773229599,0.5720659494400024,0.557655394077301,-0.10180222988128662,0.9999577403068542,0.5122974514961243,0.532236635684967,0.10163231939077377,0.9998617172241211,0.4619046747684479,0.5931536555290222,-0.4714745581150055,0.9886675477027893,0.37959057092666626,0.5104299187660217,-0.0002626370987854898,0.6446192264556885,0.5232779383659363,0.8505246639251709,-0.33112654089927673,0.9839066863059998,0.4456252455711365,0.7299733757972717,0.1665572226047516,0.6907235980033875,0.5510229468345642,0.8900721073150635,-0.3170474171638489,0.9541149139404297,0.4714586138725281,0.7608535885810852,0.1821666657924652,0.6838759779930115,0.4661128520965576,0.9325632452964783,-0.41715550422668457,0.9841816425323486,0.3851020634174347,0.7915041446685791,0.13366934657096863,0.7975605130195618
down,0.37589725852012634,0.1503903865814209,-0.2866761088371277,0.9999876022338867,0.3907027244567871,0.12492453306913376,-0.2938475012779236,0.9999915957450867,0.3970573842525482,0.12385191023349762,-0.293819785118103,0.9999919533729553,0.40343722701072693,0.1227809488773346,-0.29392120242118835,0.9999921917915344,0.379580557346344,0.12837059795856476,-0.2565978765487671,0.9999897480010986,0.3779423236846924,0.12884169816970825,-0.2567058503627777,0.9999891519546509,0.37629127502441406,0.12905101478099823,-0.2566570043563843,0.9999871253967285,0.42539533972740173,0.13367168605327606,-0.26920285820961,0.999988853931427,0.394370436668396,0.13517673313617706,-0.10822504758834839,0.9999691843986511,0.3930390775203705,0.18079209327697754,-0.2770828604698181,0.9999879598617554,0.3801022171974182,0.18136882781982422,-0.23082883656024933,0.9999807476997375,0.48269563913345337,0.30014747381210327,-0.3319281339645386,0.9997817277908325,0.4086478352546692,0.29319584369659424,0.044941872358322144,0.9993764162063599,0.4443724751472473,0.5287234783172607,-0.32544490694999695,0.9740307331085205,0.3963063359260559,0.43822380900382996,-0.009703999385237694,0.13003325462341309,0.3594459891319275,0.42510440945625305,-0.19272342324256897,0.9848269820213318,0.3439812660217285,0.4137336015701294,-0.23743145167827606,0.2837491035461426,0.33321642875671387,0.40907952189445496,-0.21114571392536163,0.9757438898086548,0.3179855942726135,0.3894394338130951,-0.2538453936576843,0.3061797320842743,0.34138160943984985,0.3823310136795044,-0.21002337336540222,0.975504457950592,0.3331701457500458,0.37818098068237305,-0.2626638114452362,0.2981294095516205,0.35436248779296875,0.3802131116390228,-0.18686209619045258,0.9593153595924377,0.3476661741733551,0.38077545166015625,-0.24858100712299347,0.28965994715690613,0.5721033215522766,0.5577379465103149,-0.10140626132488251,0.9999576210975647,0.5123816728591919,0.5322216749191284,0.10123571008443832,0.9998608827590942,0.461813747882843,0.5931978821754456,-0.4702261984348297,0.9884735941886902,0.37939080595970154,0.5104278326034546,0.0013015426229685545,0.6415712833404541,0.5232519507408142,0.850400984287262,-0.3296154737472534,0.9836282134056091,0.4456561207771301,0.7303113341331482,0.170394167304039,0.6873704791069031,0.5509887933731079,0.8899802565574646,-0.31551215052604675,0.9539968371391296,0.47143903374671936,0.7610349655151367,0.18620382249355316,0.6811248660087585,0.4662196636199951,0.9321660995483398,-0.41537919640541077,0.9839385151863098,0.3850856423377991,0.7915811538696289,0.13851912319660187,0.79383385181427
down,0.37599310278892517,0.150479257106781,-0.2907836437225342,0.9999873042106628,0.39080116152763367,0.124912329018116,-0.29728424549102783,0.9999912977218628,0.39717724919319153,0.12381215393543243,-0.29724860191345215,0.9999917149543762,0.40358391404151917,0.12271939218044281,-0.29734766483306885,0.9999920129776001,0.37960827350616455,0.12851016223430634,-0.26111847162246704,0.9999894499778748,0.3779177665710449,0.12903445959091187,-0.26123046875,0.9999887943267822,0.3762134611606598,0.12928828597068787,-0.2611914277076721,0.9999865293502808,0.4255865514278412,0.13356779515743256,-0.26870840787887573,0.9999883770942688,0.3938186466693878,0.1353326439857483,-0.11239995807409286,0.9999675154685974,0.393270879983902,0.18076927959918976,-0.2794349789619446,0.9999874830245972,0.3801668584346771,0.18139833211898804,-0.23465760052204132,0.999980092048645,0.48273658752441406,0.2999540865421295,-0.33072173595428467,0.9997727870941162,0.40787702798843384,0.29189860820770264,0.04171472042798996,0.9993571043014526,0.44422006607055664,0.5301389694213867,-0.3284892439842224,0.9735718965530396,0.3923359513282776,0.43706876039505005,-0.022624582052230835,0.13097161054611206,0.35851001739501953,0.42225655913352966,-0.20439644157886505,0.9848424792289734,0.3410665690898895,0.4072127342224121,-0.25959861278533936,0.28006020188331604,0.3318358063697815,0.40567559003829956,-0.22398872673511505,0.9757462739944458,0.3167954385280609,0.38552337884902954,-0.27823084592819214,0.30263885855674744,0.3411685526371002,0.38055551052093506,-0.22380022704601288,0.9755640625953674,0.3333805203437805,0.37351155281066895,-0.28418436646461487,0.29419761896133423,0.3540216088294983,0.3785591125488281,-0.19916895031929016,0.9596033096313477,0.34747394919395447,0.3772045075893402,-0.26973778009414673,0.2859221398830414,0.5721109509468079,0.5577772855758667,-0.10065187513828278,0.9999568462371826,0.5124302506446838,0.5322422385215759,0.10046539455652237,0.9998602271080017,0.46146783232688904,0.5928348302841187,-0.47088193893432617,0.9881752729415894,0.3797151744365692,0.5128889679908752,-0.005141386296600103,0.6414613723754883,0.5231515169143677,0.8498591780662537,-0.33436375856399536,0.983379065990448,0.4456726908683777,0.7309113144874573,0.16066522896289825,0.6855552196502686,0.5509456396102905,0.8898552656173706,-0.3207651972770691,0.9534825086593628,0.4714665412902832,0.7613810896873474,0.17612224817276,0.6779528260231018,0.46625155210494995,0.9316677451133728,-0.42261162400245667,0.9837259650230408,0.38498666882514954,0.7919279932975769,0.12600165605545044,0.7913997173309326
down,0.3759972155094147,0.152572900056839,-0.2959624230861664,0.9999864101409912,0.3898108899593353,0.1263098567724228,-0.3022831082344055,0.9999905824661255,0.39559534192085266,0.12492299824953079,-0.3022415041923523,0.9999909996986389,0.40144625306129456,0.12352056801319122,-0.3023366928100586,0.9999914169311523,0.37937691807746887,0.12999677658081055,-0.26555097103118896,0.9999884963035583,0.37774333357810974,0.13052546977996826,-0.2656652331352234,0.9999877214431763,0.3760765492916107,0.1307709962129593,-0.2656283974647522,0.9999853372573853,0.4240611493587494,0.13369233906269073,-0.2718738913536072,0.9999871850013733,0.39334636926651,0.13582296669483185,-0.11507077515125275,0.99996417760849,0.39300841093063354,0.18106609582901,-0.2847821116447449,0.9999862313270569,0.3802046775817871,0.18202820420265198,-0.23935993015766144,0.9999781250953674,0.48276814818382263,0.2986387014389038,-0.33243170380592346,0.999751627445221,0.40742582082748413,0.2919003367424011,0.03819875046610832,0.9993215203285217,0.4437313973903656,0.5306069254875183,-0.3427986204624176,0.973599910736084,0.39045196771621704,0.43860045075416565,-0.030614744871854782,0.1423121839761734,0.35806190967559814,0.41989654302597046,-0.2332952320575714,0.9850533604621887,0.33971932530403137,0.40280118584632874,-0.2735356092453003,0.29685094952583313,0.3311828374862671,0.4046168327331543,-0.25552505254745483,0.9758676886558533,0.3155560791492462,0.3790488839149475,-0.2941383719444275,0.31632116436958313,0.3403361737728119,0.3792458772659302,-0.2544177770614624,0.9757073521614075,0.3317287266254425,0.36552318930625916,-0.29876798391342163,0.3061625361442566,0.3528722822666168,0.37688860297203064,-0.22825837135314941,0.9597220420837402,0.346102237701416,0.3725436329841614,-0.28335148096084595,0.2959015965461731,0.5721280574798584,0.5572333931922913,-0.1002897247672081,0.999954104423523,0.5121452212333679,0.5314220786094666,0.1000981479883194,0.9998551607131958,0.4609523415565491,0.5923667550086975,-0.4753287434577942,0.9876947999000549,0.3796185851097107,0.5103971362113953,-0.018350476399064064,0.6488442420959473,0.5228602886199951,0.8489826917648315,-0.34144824743270874,0.9832845330238342,0.4444156587123871,0.7303978800773621,0.1428108811378479,0.6913556456565857,0.5507851839065552,0.8890210390090942,-0.32832539081573486,0.9535872936248779,0.4686616063117981,0.7613181471824646,0.15773704648017883,0.6821092963218689,0.4661504626274109,0.9312804341316223,-0.432481050491333,0.9835594296455383,0.3839460015296936,0.7910855412483215,0.10517211258411407,0.793652355670929
down,0.3759438991546631,0.15743161737918854,-0.306679904460907,0.9999833106994629,0.38886749744415283,0.12975724041461945,-0.31232813000679016,0.9999881982803345,0.3947538733482361,0.12777182459831238,-0.3122750222682953,0.999988853931427,0.40060099959373474,0.1259240210056305,-0.31236550211906433,0.9999893307685852,0.37830471992492676,0.13359467685222626,-0.2769288122653961,0.9999855756759644,0.37649255990982056,0.134210005402565,-0.27705448865890503,0.999984622001648,0.3747031092643738,0.1345694363117218,-0.2770311236381531,0.999981701374054,0.4234803318977356,0.13485510647296906,-0.27840593457221985,0.9999834299087524,0.391776978969574,0.1379702091217041,-0.1266862452030182,0.9999549388885498,0.39289146661758423,0.18337082862854004,-0.2937816381454468,0.9999827742576599,0.3801426589488983,0.18533430993556976,-0.250055193901062,0.9999724626541138,0.4827819764614105,0.2971629798412323,-0.33294573426246643,0.9997069835662842,0.4065011441707611,0.29054829478263855,0.023731159046292305,0.9992460608482361,0.44357991218566895,0.5302050113677979,-0.3414307236671448,0.9728202819824219,0.3886597752571106,0.438637375831604,-0.0533260814845562,0.15232957899570465,0.358165979385376,0.4203076958656311,-0.23151294887065887,0.9844628572463989,0.33797404170036316,0.4009529948234558,-0.3041089177131653,0.3117208480834961,0.3317791819572449,0.4055190086364746,-0.2532118856906891,0.9746949672698975,0.31634703278541565,0.3795199990272522,-0.3275591731071472,0.32926926016807556,0.3403877913951874,0.3788536489009857,-0.25330713391304016,0.9745798110961914,0.3320762515068054,0.36528438329696655,-0.3310103416442871,0.3176842927932739,0.35298746824264526,0.37609589099884033,-0.22688846290111542,0.9580630660057068,0.34582382440567017,0.37038081884384155,-0.31351280212402344,0.30608415603637695,0.572119414806366,0.556163489818573,-0.09852026402950287,0.9999470114707947,0.5116893649101257,0.5306758284568787,0.09832336753606796,0.9998400807380676,0.46066051721572876,0.5912280082702637,-0.4699521064758301,0.9865798354148865,0.37963852286338806,0.5073338150978088,-0.021620366722345352,0.6475043296813965,0.5227633714675903,0.8483156561851501,-0.34411436319351196,0.9823911786079407,0.4435668885707855,0.7285465598106384,0.13698650896549225,0.6844045519828796,0.5505785942077637,0.8879113793373108,-0.33187711238861084,0.951744556427002,0.46753978729248047,0.7603989243507385,0.1517796516418457,0.6757962107658386,0.466078519821167,0.9312247633934021,-0.437330961227417,0.9825692772865295,0.3841020464897156,0.7894038558006287,0.09893952310085297,0.7864575386047363
down,0.37597548961639404,0.15810571610927582,-0.3056427538394928,0.9999834895133972,0.388679176568985,0.130483478307724,-0.3116048276424408,0.9999881386756897,0.39456698298454285,0.128452867269516,-0.3115536570549011,0.9999887943267822,0.40041303634643555,0.12654651701450348,-0.3116450011730194,0.9999892115592957,0.3779865503311157,0.13430999219417572,-0.275505006313324,0.9999856948852539,0.3761081099510193,0.13496693968772888,-0.275630921125412,0.9999847412109375,0.37427690625190735,0.13541027903556824,-0.27560165524482727,0.9999820590019226,0.4232241213321686,0.13528506457805634,-0.2787826955318451,0.9999828338623047,0.3907944858074188,0.13924278318881989,-0.124689020216465,0.9999544024467468,0.3928941786289215,0.1838359236717224,-0.29332810640335083,0.9999821186065674,0.3800860047340393,0.18627487123012543,-0.24870340526103973,0.9999715685844421,0.482837051153183,0.2964109480381012,-0.3334293067455292,0.9996801614761353,0.40557894110679626,0.29125016927719116,0.026891836896538734,0.9992383122444153,0.4435460567474365,0.528732419013977,-0.34014853835105896,0.9728304147720337,0.388010174036026,0.44110536575317383,-0.04772689938545227,0.16694042086601257,0.35847851634025574,0.4201575517654419,-0.22450625896453857,0.983765184879303,0.3357343077659607,0.39797455072402954,-0.29762348532676697,0.3299460709095001,0.331961989402771,0.405511736869812,-0.24525360763072968,0.9732328057289124,0.31482264399528503,0.37800779938697815,-0.3209087550640106,0.34385788440704346,0.34044918417930603,0.3785097002983093,-0.24530120193958282,0.9731074571609497,0.3304022550582886,0.36443570256233215,-0.32365357875823975,0.3311838209629059,0.3531447649002075,0.3757764995098114,-0.2196228951215744,0.9559230804443359,0.34421029686927795,0.3690550923347473,-0.30675700306892395,0.3183320164680481,0.5721019506454468,0.5562212467193604,-0.09908000379800797,0.9999448657035828,0.5113770961761475,0.532136082649231,0.09888292849063873,0.9998387694358826,0.46058136224746704,0.5912414193153381,-0.47175151109695435,0.9856116771697998,0.37965983152389526,0.5063880681991577,-0.012700825929641724,0.6425643563270569,0.5227091312408447,0.8482462763786316,-0.3496718406677246,0.9815953373908997,0.44373655319213867,0.727782666683197,0.1467754989862442,0.676293671131134,0.550545334815979,0.8878716230392456,-0.33766788244247437,0.9504143595695496,0.4681413173675537,0.7594327330589294,0.1617390364408493,0.6698808670043945,0.4657425880432129,0.9311501383781433,-0.44200244545936584,0.9820342659950256,0.3847517669200897,0.7893425822257996,0.11175811290740967,0.7808491587638855
down,0.37612003087997437,0.15817540884017944,-0.30507171154022217,0.9999841451644897,0.388721764087677,0.1306656002998352,-0.31072086095809937,0.9999886155128479,0.394600510597229,0.128660187125206,-0.310673326253891,0.9999891519546509,0.4004465639591217,0.12674850225448608,-0.31076616048812866,0.9999895095825195,0.3779674470424652,0.1344442069530487,-0.2745572030544281,0.9999864101409912,0.3760868012905121,0.13509687781333923,-0.27468401193618774,0.9999854564666748,0.3742574155330658,0.13555026054382324,-0.2746509611606598,0.999983012676239,0.4231224060058594,0.1353844553232193,-0.27757716178894043,0.9999831914901733,0.3905625641345978,0.13958753645420074,-0.12282659113407135,0.9999558925628662,0.3930082321166992,0.18386603891849518,-0.2927358150482178,0.999982476234436,0.3801712393760681,0.18644925951957703,-0.24797379970550537,0.9999722838401794,0.48284441232681274,0.2963353991508484,-0.3329525887966156,0.9996719360351562,0.405332088470459,0.2925328016281128,0.02872307598590851,0.9992343783378601,0.4435259699821472,0.5275706648826599,-0.33819830417633057,0.9726632237434387,0.3895062804222107,0.444383829832077,-0.04433535411953926,0.17404668033123016,0.3586551547050476,0.42003703117370605,-0.22251155972480774,0.9834553003311157,0.33749932050704956,0.4036802053451538,-0.29285871982574463,0.34207436442375183,0.3321181833744049,0.40555524826049805,-0.24333539605140686,0.9726831316947937,0.3160509467124939,0.38387733697891235,-0.3157077133655548,0.3542543053627014,0.34046414494514465,0.3784811794757843,-0.24333953857421875,0.9725629687309265,0.3301740288734436,0.3664417266845703,-0.31916543841362,0.3411351144313812,0.35332247614860535,0.375762403011322,-0.21765732765197754,0.9551795721054077,0.34407827258110046,0.3710496127605438,-0.3022598326206207,0.3275696635246277,0.5720639228820801,0.5566473007202148,-0.09932798147201538,0.9999460577964783,0.5112868547439575,0.5335688591003418,0.09912963956594467,0.9998413920402527,0.4605461061000824,0.5913899540901184,-0.4724962115287781,0.9854252934455872,0.3797280788421631,0.5058395266532898,-0.004517681431025267,0.6356298327445984,0.5226295590400696,0.848315417766571,-0.34851211309432983,0.9813186526298523,0.4437737464904785,0.7270160913467407,0.15758129954338074,0.6715041399002075,0.550523579120636,0.8878886699676514,-0.33626651763916016,0.9499744176864624,0.46819132566452026,0.7582094073295593,0.17267028987407684,0.6658164858818054,0.4657214283943176,0.9312107563018799,-0.4400022625923157,0.9818572998046875,0.3848296105861664,0.7894074320793152,0.1226225271821022,0.7774790525436401
down,0.3761304020881653,0.15836261212825775,-0.3002399802207947,0.9999848008155823,0.3886191248893738,0.13100454211235046,-0.3060670495033264,0.9999891519546509,0.3944717049598694,0.12900079786777496,-0.306026428937912,0.9999896287918091,0.4002704620361328,0.1271129697561264,-0.3061225116252899,0.999989926815033,0.377918004989624,0.1346697211265564,-0.2694898247718811,0.9999870657920837,0.3760457932949066,0.1353016197681427,-0.26961132884025574,0.9999862313270569,0.3742232918739319,0.13574664294719696,-0.2695724368095398,0.9999838471412659,0.42282581329345703,0.13564173877239227,-0.27484434843063354,0.9999838471412659,0.39052915573120117,0.1397916078567505,-0.11766847223043442,0.9999575614929199,0.3929842412471771,0.18400979042053223,-0.28872328996658325,0.999983012676239,0.3801875710487366,0.18674196302890778,-0.24332039058208466,0.9999731779098511,0.48283520340919495,0.2964777946472168,-0.33258765935897827,0.9996755719184875,0.40546998381614685,0.2929421365261078,0.03469572216272354,0.999230682849884,0.4436522126197815,0.5274078249931335,-0.33575209975242615,0.9724215269088745,0.39102476835250854,0.44517630338668823,-0.03224813565611839,0.17347432672977448,0.3588942587375641,0.4201258718967438,-0.21658892929553986,0.9831764101982117,0.33934709429740906,0.40686890482902527,-0.2748761475086212,0.34413859248161316,0.33260494470596313,0.40594640374183655,-0.23728668689727783,0.9723162055015564,0.3176884055137634,0.3879818320274353,-0.29610466957092285,0.3567706346511841,0.3405294716358185,0.37868964672088623,-0.23741237819194794,0.9722023010253906,0.33056625723838806,0.37060850858688354,-0.3010185658931732,0.3439747095108032,0.35348230600357056,0.376056045293808,-0.21173551678657532,0.9547260403633118,0.3442544639110565,0.3741811513900757,-0.28477421402931213,0.33027851581573486,0.5720425248146057,0.557349681854248,-0.09995036572217941,0.9999487400054932,0.5112918615341187,0.5342778563499451,0.09975064545869827,0.9998461604118347,0.4606420397758484,0.5919989943504333,-0.47443270683288574,0.9855438470840454,0.37950167059898376,0.5051059126853943,-0.0004139841184951365,0.628662645816803,0.5224258899688721,0.8484422564506531,-0.34779247641563416,0.981337308883667,0.44375699758529663,0.7262132167816162,0.1622602492570877,0.6686325073242188,0.5504747033119202,0.8879342079162598,-0.3352750539779663,0.950215220451355,0.4682787358760834,0.757200300693512,0.1773628145456314,0.6632794141769409,0.4656897187232971,0.9314273595809937,-0.43852558732032776,0.9818970561027527,0.3848121762275696,0.7894583940505981,0.1277005970478058,0.7752289175987244
down,0.3761562705039978,0.1586528867483139,-0.2993168234825134,0.9999850392341614,0.38861456513404846,0.1313464343547821,-0.3047259449958801,0.9999893307685852,0.39446645975112915,0.12932291626930237,-0.30468547344207764,0.9999898076057434,0.4002755582332611,0.12743490934371948,-0.30477848649024963,0.9999901056289673,0.37790489196777344,0.13494877517223358,-0.2685183882713318,0.9999874830245972,0.3760312795639038,0.13555076718330383,-0.26863911747932434,0.9999866485595703,0.3742064833641052,0.13598059117794037,-0.2686014771461487,0.9999842643737793,0.42279356718063354,0.13584336638450623,-0.27162760496139526,0.9999839663505554,0.39047735929489136,0.1399802416563034,-0.11641256511211395,0.9999586343765259,0.39300957322120667,0.18415389955043793,-0.2872592508792877,0.9999831914901733,0.3802068531513214,0.18697451055049896,-0.24233904480934143,0.9999738335609436,0.48276931047439575,0.2964460253715515,-0.3301650583744049,0.9996781945228577,0.4055148959159851,0.29256609082221985,0.0352640226483345,0.9992343187332153,0.4436660408973694,0.527478039264679,-0.3364907205104828,0.9720168709754944,0.39104974269866943,0.4455312490463257,-0.03736855462193489,0.17337331175804138,0.35880160331726074,0.42023736238479614,-0.22796781361103058,0.9832082986831665,0.33964401483535767,0.40721595287323,-0.2853918671607971,0.3465917110443115,0.33277612924575806,0.40608155727386475,-0.25043389201164246,0.9724642038345337,0.31952786445617676,0.39034897089004517,-0.30784478783607483,0.35946154594421387,0.3404647707939148,0.3787045478820801,-0.24997225403785706,0.9723519682884216,0.33088940382003784,0.3708289563655853,-0.31193479895591736,0.34662920236587524,0.35315972566604614,0.37605416774749756,-0.22334575653076172,0.954979419708252,0.34418222308158875,0.37414321303367615,-0.294975221157074,0.3328404426574707,0.5721286535263062,0.5574405789375305,-0.09988109767436981,0.9999496340751648,0.5114906430244446,0.5343377590179443,0.09967651963233948,0.9998471140861511,0.4607716500759125,0.5921319127082825,-0.4733731150627136,0.9856137633323669,0.379314124584198,0.5045772790908813,-0.00515078054741025,0.6251116394996643,0.5222399234771729,0.8484704494476318,-0.3464503884315491,0.9813851118087769,0.44360479712486267,0.7256546020507812,0.1533820480108261,0.6664960384368896,0.5504080653190613,0.8879343867301941,-0.3339090347290039,0.9502898454666138,0.4683054983615875,0.7569090723991394,0.16807609796524048,0.6614670157432556,0.46550941467285156,0.9316256046295166,-0.43724972009658813,0.9818646907806396,0.38453778624534607,0.7894636392593384,0.116474948823452,0.7734710574150085
down,0.3763164281845093,0.15940409898757935,-0.30049923062324524,0.9999846816062927,0.3887241780757904,0.1318681240081787,-0.3053339123725891,0.9999892115592957,0.39459553360939026,0.12979325652122498,-0.30529382824897766,0.9999896287918091,0.40048733353614807,0.12790538370609283,-0.3053860366344452,0.999989926815033,0.3778952956199646,0.13551658391952515,-0.2699292004108429,0.9999873638153076,0.3759966194629669,0.13613033294677734,-0.2700519263744354,0.999986469745636,0.3741075098514557,0.13658374547958374,-0.2700203061103821,0.999984085559845,0.4228455424308777,0.13614962995052338,-0.2705913186073303,0.9999833703041077,0.39029186964035034,0.14031235873699188,-0.11845457553863525,0.9999580979347229,0.3932379484176636,0.1845625936985016,-0.2876228094100952,0.9999828338623047,0.3802472949028015,0.1877581924200058,-0.24370069801807404,0.9999737739562988,0.4826132357120514,0.29639703035354614,-0.327223539352417,0.9996740221977234,0.4055542051792145,0.29188990592956543,0.030438223853707314,0.9992181658744812,0.44353604316711426,0.5282136797904968,-0.3401375412940979,0.9713115096092224,0.3909599781036377,0.4464976489543915,-0.04902150481939316,0.1736076921224594,0.3580888509750366,0.4207439720630646,-0.242402121424675,0.9834384322166443,0.33959904313087463,0.40666893124580383,-0.30132853984832764,0.3495709300041199,0.3328291177749634,0.4071415662765503,-0.2657305598258972,0.9728749394416809,0.3212316334247589,0.391557902097702,-0.32452937960624695,0.3622068464756012,0.3399621546268463,0.37881889939308167,-0.26483890414237976,0.972756028175354,0.33098381757736206,0.36945414543151855,-0.3278311789035797,0.3489426374435425,0.3518528342247009,0.3760537803173065,-0.23789355158805847,0.9556024670600891,0.3437556326389313,0.37182724475860596,-0.310625821352005,0.33519628643989563,0.5721668601036072,0.5576509833335876,-0.09875278174877167,0.9999502301216125,0.511495053768158,0.5344381332397461,0.09853826463222504,0.9998447299003601,0.4609031081199646,0.5920211672782898,-0.4699305593967438,0.985836923122406,0.3791581392288208,0.5038785934448242,-0.008856834843754768,0.6184675693511963,0.5219243168830872,0.848508358001709,-0.3432844281196594,0.9815889596939087,0.44334155321121216,0.725420355796814,0.14797665178775787,0.6633828282356262,0.5503677129745483,0.8879833817481995,-0.33070117235183716,0.9504090547561646,0.468220055103302,0.7568754553794861,0.16259942948818207,0.6574426293373108,0.465273916721344,0.9324700236320496,-0.4339830279350281,0.9817788600921631,0.3842484951019287,0.7894219160079956,0.11021747440099716,0.7707703113555908
down,0.3762872517108917,0.1595270335674286,-0.3004281520843506,0.9999849200248718,0.3885744512081146,0.1320168375968933,-0.30527570843696594,0.9999895095825195,0.3944242596626282,0.1299462914466858,-0.3052356243133545,0.9999898672103882,0.4002469480037689,0.12807193398475647,-0.3053279519081116,0.9999901652336121,0.37783175706863403,0.13565070927143097,-0.2698320746421814,0.9999877214431763,0.3759439289569855,0.13625980913639069,-0.26995548605918884,0.9999868273735046,0.37406548857688904,0.1367107778787613,-0.26992368698120117,0.9999845027923584,0.42257899045944214,0.13632702827453613,-0.2703603506088257,0.9999837279319763,0.3902551531791687,0.14043721556663513,-0.11806178092956543,0.999958872795105,0.3930432200431824,0.18469390273094177,-0.2875373363494873,0.9999832510948181,0.380222350358963,0.18793714046478271,-0.24359767138957977,0.9999745488166809,0.48257502913475037,0.2964041829109192,-0.3269127905368805,0.9996790885925293,0.4055142402648926,0.2919485867023468,0.030815983191132545,0.9992164373397827,0.4434715807437897,0.5283467769622803,-0.3402431607246399,0.971366286277771,0.39066433906555176,0.4472426176071167,-0.04887261241674423,0.17407169938087463,0.35796695947647095,0.4206227660179138,-0.2402513325214386,0.9836633205413818,0.33931028842926025,0.4065117835998535,-0.30258750915527344,0.3488691747188568,0.3327957093715668,0.4062959849834442,-0.2633894383907318,0.9731916785240173,0.3210873007774353,0.3913067579269409,-0.32617753744125366,0.36110347509384155,0.33992844820022583,0.37852898240089417,-0.2626497149467468,0.9730479717254639,0.33101874589920044,0.36932554841041565,-0.32932209968566895,0.34758657217025757,0.3518259525299072,0.3757990598678589,-0.23572301864624023,0.9560283422470093,0.34368807077407837,0.37169668078422546,-0.3118739724159241,0.33380651473999023,0.5721653699874878,0.5578839182853699,-0.09867849946022034,0.9999520778656006,0.5114588737487793,0.5347527265548706,0.09846331179141998,0.9998477101325989,0.46093517541885376,0.5919724106788635,-0.4735274314880371,0.9861510396003723,0.3790006637573242,0.5036897659301758,-0.010770158842206001,0.6147331595420837,0.5217058062553406,0.8485336899757385,-0.34747761487960815,0.9819800853729248,0.44313064217567444,0.7253739833831787,0.1444244682788849,0.6629495620727539,0.5503314733505249,0.8880153298377991,-0.3349400460720062,0.9512415528297424,0.46807727217674255,0.756909966468811,0.15887822210788727,0.6560420393943787,0.46519580483436584,0.9329136610031128,-0.4393135905265808,0.9820356369018555,0.38388675451278687,0.7897316813468933,0.10526813566684723,0.7707404494285583
down,0.3759443163871765,0.15931057929992676,-0.2975815534591675,0.9999856352806091,0.3878442943096161,0.13204562664031982,-0.30299943685531616,0.9999902248382568,0.39363718032836914,0.12999621033668518,-0.30296197533607483,0.9999905824661255,0.39922183752059937,0.12813474237918854,-0.30305635929107666,0.9999909400939941,0.37756824493408203,0.13561664521694183,-0.26671162247657776,0.9999884366989136,0.37576544284820557,0.1362188160419464,-0.2668352723121643,0.9999876022338867,0.3739701807498932,0.1366560310125351,-0.26679718494415283,0.9999854564666748,0.4215085506439209,0.1364891231060028,-0.26983293890953064,0.9999850392341614,0.39020851254463196,0.1405368149280548,-0.11417238414287567,0.9999609589576721,0.3922455608844757,0.18473292887210846,-0.28552865982055664,0.9999842643737793,0.3800334334373474,0.1878415048122406,-0.24054941534996033,0.9999760985374451,0.48247671127319336,0.2967880368232727,-0.32769954204559326,0.9996969699859619,0.4055541455745697,0.2925437092781067,0.03653162717819214,0.9992210865020752,0.4432564377784729,0.5285726189613342,-0.34019607305526733,0.9717671871185303,0.3896394371986389,0.44765785336494446,-0.043446943163871765,0.1719415783882141,0.3579300045967102,0.4201434552669525,-0.23201212286949158,0.983832836151123,0.338461309671402,0.4057806134223938,-0.29768770933151245,0.33890455961227417,0.3326985538005829,0.40474170446395874,-0.2545017600059509,0.9734006524085999,0.31955912709236145,0.3892052173614502,-0.32052502036094666,0.3505208194255829,0.3401743769645691,0.37772801518440247,-0.25429803133010864,0.9732139706611633,0.3309888541698456,0.36928558349609375,-0.322834312915802,0.33690229058265686,0.35221216082572937,0.37539029121398926,-0.22745046019554138,0.9561982154846191,0.34368544816970825,0.3724464476108551,-0.3067348599433899,0.32330843806266785,0.5721850395202637,0.5581297874450684,-0.09931638091802597,0.999954879283905,0.5115727186203003,0.5350601077079773,0.0991092175245285,0.9998540282249451,0.46098241209983826,0.5919467210769653,-0.4772363305091858,0.9863900542259216,0.3789825141429901,0.5035377740859985,-0.010355724021792412,0.6128627061843872,0.5215662121772766,0.8485671877861023,-0.3529779613018036,0.9824573397636414,0.44305500388145447,0.7254517674446106,0.14283029735088348,0.6641795039176941,0.5502947568893433,0.888146698474884,-0.3406885266304016,0.9524253010749817,0.46799927949905396,0.7569275498390198,0.15699440240859985,0.6567286849021912,0.46511363983154297,0.9330384135246277,-0.4455757737159729,0.9825646877288818,0.38277050852775574,0.7904747724533081,0.1027752012014389,0.7728984355926514
down,0.3749730885028839,0.1588478982448578,-0.2912510931491852,0.9999868869781494,0.38672274351119995,0.13194823265075684,-0.2963619828224182,0.999991238117218,0.3923843204975128,0.12990990281105042,-0.29632291197776794,0.9999915957450867,0.39775246381759644,0.12808261811733246,-0.296419233083725,0.9999918937683105,0.37705790996551514,0.13551530241966248,-0.2607238292694092,0.9999896883964539,0.37535640597343445,0.13614289462566376,-0.26084816455841064,0.999988853931427,0.37367933988571167,0.13657714426517487,-0.26081013679504395,0.9999868273735046,0.41972261667251587,0.13676849007606506,-0.26260894536972046,0.9999866485595703,0.3899877965450287,0.1407075822353363,-0.10961582511663437,0.9999650716781616,0.38987308740615845,0.18468500673770905,-0.2789244055747986,0.9999858140945435,0.37874364852905273,0.18719065189361572,-0.2347627878189087,0.999978244304657,0.48241129517555237,0.2967787981033325,-0.3218533396720886,0.9997158050537109,0.40567460656166077,0.2925790846347809,0.0380602702498436,0.9992448091506958,0.4426109790802002,0.5289748907089233,-0.33366549015045166,0.9719721674919128,0.38925498723983765,0.4484446942806244,-0.048345185816287994,0.1694476455450058,0.3578539788722992,0.41925179958343506,-0.2217549979686737,0.983997642993927,0.3380574882030487,0.404013991355896,-0.3041314482688904,0.3268031179904938,0.3326007127761841,0.40465646982192993,-0.2426075041294098,0.9735310077667236,0.31957700848579407,0.389223575592041,-0.32747504115104675,0.338262677192688,0.34002789855003357,0.377807080745697,-0.2421438992023468,0.9733230471611023,0.33094918727874756,0.3691377341747284,-0.329344242811203,0.32455411553382874,0.35220879316329956,0.3752059042453766,-0.2169923335313797,0.9565718173980713,0.34350401163101196,0.37225252389907837,-0.31306201219558716,0.31230226159095764,0.573245644569397,0.5579640865325928,-0.09840266406536102,0.9999577403068542,0.512755274772644,0.5356941223144531,0.09819362312555313,0.9998610019683838,0.46105891466140747,0.59297776222229,-0.4686931073665619,0.986921489238739,0.38463976979255676,0.5002291798591614,-0.01196739636361599,0.6106465458869934,0.5215718150138855,0.8485111594200134,-0.3418601155281067,0.9828577041625977,0.4429561197757721,0.7255264520645142,0.1398710310459137,0.6634807586669922,0.5503378510475159,0.8878603577613831,-0.3292517066001892,0.9527743458747864,0.4673425257205963,0.7586053609848022,0.15387986600399017,0.6530731916427612,0.46563705801963806,0.9332767128944397,-0.4303494393825531,0.9828998446464539,0.3801884353160858,0.7861337661743164,0.10077331215143204,0.7737255096435547
down,0.3747895061969757,0.15878044068813324,-0.28960803151130676,0.9999884366989136,0.386526882648468,0.1319659799337387,-0.29472440481185913,0.9999924302101135,0.39217013120651245,0.12992970645427704,-0.2946818768978119,0.9999927282333374,0.3975388705730438,0.12811310589313507,-0.2947692275047302,0.9999929666519165,0.37695640325546265,0.13553006947040558,-0.2584053874015808,0.9999910593032837,0.37527066469192505,0.13616721332073212,-0.2585303783416748,0.9999902844429016,0.3736116290092468,0.13660183548927307,-0.25849077105522156,0.9999884963035583,0.4194800853729248,0.1370789259672165,-0.26117414236068726,0.9999884963035583,0.3899260461330414,0.14102387428283691,-0.10615910589694977,0.999969482421875,0.3895907700061798,0.1846693456172943,-0.2774312496185303,0.9999874830245972,0.3785175085067749,0.18705259263515472,-0.2324901521205902,0.999980628490448,0.48239725828170776,0.29730701446533203,-0.32218337059020996,0.9997364282608032,0.40611809492111206,0.292279452085495,0.0423174649477005,0.999273955821991,0.44242388010025024,0.5313048958778381,-0.33474352955818176,0.9726089239120483,0.3887496590614319,0.4468013048171997,-0.045222505927085876,0.16368523240089417,0.3579714000225067,0.4191776216030121,-0.22013933956623077,0.9844723343849182,0.3371615707874298,0.40096771717071533,-0.3040042519569397,0.3106512725353241,0.33250850439071655,0.4057968854904175,-0.24108655750751495,0.9741491675376892,0.3191344141960144,0.38873231410980225,-0.3272211253643036,0.3226242959499359,0.3399730324745178,0.3782614767551422,-0.24106211960315704,0.9739434719085693,0.33130085468292236,0.3704698383808136,-0.3296542763710022,0.30917075276374817,0.35263529419898987,0.375341534614563,-0.21536047756671906,0.9574239253997803,0.3435235321521759,0.37221628427505493,-0.3132305145263672,0.29798731207847595,0.5737951993942261,0.5576831102371216,-0.09922237694263458,0.9999592304229736,0.5139272809028625,0.5352590084075928,0.09901638329029083,0.9998666644096375,0.46127480268478394,0.5935247540473938,-0.47940731048583984,0.9874115586280823,0.3826785683631897,0.5000109076499939,-0.01942245289683342,0.6199750900268555,0.521588921546936,0.8485517501831055,-0.35153675079345703,0.9835828542709351,0.44289430975914,0.7283616662025452,0.12865020334720612,0.6707091331481934,0.5503964424133301,0.8876906633377075,-0.338800311088562,0.9545259475708008,0.46661633253097534,0.7620946168899536,0.14217256009578705,0.6589118838310242,0.4662333130836487,0.933540940284729,-0.4419125020503998,0.9836738109588623,0.38134583830833435,0.7904757857322693,0.08875871449708939,0.7792901396751404
down,0.37477535009384155,0.15812407433986664,-0.2901882529258728,0.9999898076057434,0.38654592633247375,0.13160263001918793,-0.2955007553100586,0.9999933838844299,0.3921908736228943,0.1296258121728897,-0.2954568564891815,0.9999936819076538,0.3975791335105896,0.1278494894504547,-0.29554474353790283,0.9999938607215881,0.37694495916366577,0.13522520661354065,-0.25888752937316895,0.9999922513961792,0.375266969203949,0.13587532937526703,-0.2590125799179077,0.9999915361404419,0.3736185133457184,0.13631540536880493,-0.2589704394340515,0.9999898672103882,0.4195707440376282,0.13704605400562286,-0.26227837800979614,0.9999901056289673,0.3899531960487366,0.14103616774082184,-0.10541968047618866,0.9999729990959167,0.38960951566696167,0.18427252769470215,-0.278134286403656,0.9999889135360718,0.37850549817085266,0.18628636002540588,-0.23277179896831512,0.9999827146530151,0.48239535093307495,0.29844915866851807,-0.32421875,0.9997526407241821,0.40658873319625854,0.2921600043773651,0.04683958366513252,0.9993050694465637,0.4423615336418152,0.5331974625587463,-0.3309294879436493,0.973217785358429,0.3893667757511139,0.44638651609420776,-0.032094426453113556,0.16063497960567474,0.3581922650337219,0.4200887084007263,-0.20141375064849854,0.985031247138977,0.3370579481124878,0.4002433717250824,-0.283223420381546,0.30529409646987915,0.33260220289230347,0.40776532888412476,-0.21990232169628143,0.9749209880828857,0.3186801075935364,0.388534814119339,-0.30353546142578125,0.31767186522483826,0.33996182680130005,0.37921828031539917,-0.21966072916984558,0.9747141599655151,0.3317297697067261,0.3718808591365814,-0.30706021189689636,0.3043798506259918,0.3532125651836395,0.375987708568573,-0.1959654986858368,0.9586029648780823,0.3436804413795471,0.3722977042198181,-0.29270705580711365,0.29341921210289,0.5740565657615662,0.5577031970024109,-0.10033084452152252,0.9999609589576721,0.5140870809555054,0.5350672006607056,0.10012049973011017,0.9998723268508911,0.46129804849624634,0.5935510993003845,-0.48359185457229614,0.9876742362976074,0.38199999928474426,0.49933484196662903,-0.018191728740930557,0.6251224279403687,0.521750271320343,0.8486418128013611,-0.3520437180995941,0.9838916659355164,0.4431625306606293,0.7292667627334595,0.133257657289505,0.6755731105804443,0.5505045056343079,0.8875999450683594,-0.33851373195648193,0.9557135701179504,0.46682924032211304,0.7625470757484436,0.14730176329612732,0.6634673476219177,0.46676844358444214,0.9336190223693848,-0.4394206404685974,0.9841451644897461,0.38340482115745544,0.7934050559997559,0.0958489403128624,0.7837738990783691
down,0.3747211694717407,0.1573628932237625,-0.29192668199539185,0.9999906420707703,0.38654378056526184,0.13093633949756622,-0.2980182468891144,0.9999939799308777,0.3922036290168762,0.12896789610385895,-0.2979762554168701,0.9999942183494568,0.3976476490497589,0.12714436650276184,-0.2980731129646301,0.9999943971633911,0.3769000172615051,0.13483120501041412,-0.26137083768844604,0.9999929666519165,0.37521934509277344,0.1355350911617279,-0.2614983916282654,0.9999923706054688,0.37356120347976685,0.13601751625537872,-0.2614585757255554,0.999990701675415,0.4197571277618408,0.13658499717712402,-0.26712778210639954,0.9999911785125732,0.38987621665000916,0.14101320505142212,-0.10981037467718124,0.9999756217002869,0.3896290063858032,0.18388639390468597,-0.2802654206752777,0.9999900460243225,0.3784787058830261,0.18568356335163116,-0.23486442863941193,0.9999843835830688,0.48235049843788147,0.2986980676651001,-0.3270605802536011,0.999765157699585,0.4067777097225189,0.29215675592422485,0.04043165594339371,0.9993478655815125,0.44215935468673706,0.5339491367340088,-0.33117908239364624,0.9732850790023804,0.38921886682510376,0.4465042054653168,-0.044418368488550186,0.15991702675819397,0.3580964505672455,0.42184120416641235,-0.20537269115447998,0.9849669933319092,0.3370237946510315,0.4004652202129364,-0.30050545930862427,0.30330297350883484,0.332550585269928,0.40914085507392883,-0.22459420561790466,0.9748021364212036,0.31863275170326233,0.38924387097358704,-0.32319730520248413,0.3163759410381317,0.3398891091346741,0.38060539960861206,-0.22422334551811218,0.9745954871177673,0.33246102929115295,0.37402665615081787,-0.32506173849105835,0.30350151658058167,0.3532663881778717,0.3767559826374054,-0.199998676776886,0.9585833549499512,0.3439065217971802,0.3728793263435364,-0.3093721866607666,0.2926179766654968,0.5740827322006226,0.558039128780365,-0.10010548681020737,0.9999630451202393,0.5140087604522705,0.5351171493530273,0.09988956153392792,0.9998794794082642,0.46132463216781616,0.5936294794082642,-0.4798761308193207,0.9877913594245911,0.38762980699539185,0.5017343163490295,-0.01154971681535244,0.6209625005722046,0.5218307375907898,0.848668098449707,-0.3324873149394989,0.9836729764938354,0.44363585114479065,0.7292637228965759,0.15305142104625702,0.6760812997817993,0.5505300164222717,0.8874475359916687,-0.3176501393318176,0.9550321102142334,0.4670840799808502,0.7620882391929626,0.16845743358135223,0.6619983315467834,0.46711039543151855,0.9337756633758545,-0.41703104972839355,0.9840262532234192,0.3829156756401062,0.7913379073143005,0.11704272031784058,0.7852224111557007
down,0.37471213936805725,0.1572965383529663,-0.3001922369003296,0.9999905228614807,0.386574923992157,0.1307670772075653,-0.3061063885688782,0.9999938011169434,0.3922598361968994,0.12876394391059875,-0.3060586154460907,0.9999940991401672,0.39775922894477844,0.12690015137195587,-0.30615362524986267,0.9999940991401672,0.3768364191055298,0.1347837597131729,-0.2703062891960144,0.9999927878379822,0.3751125931739807,0.1355111449956894,-0.2704434394836426,0.9999924302101135,0.3734031021595001,0.13601648807525635,-0.2704158127307892,0.9999908208847046,0.4198513627052307,0.1364762783050537,-0.2739519476890564,0.9999908804893494,0.38963234424591064,0.14104606211185455,-0.1202971339225769,0.9999762177467346,0.38974320888519287,0.18385310471057892,-0.288021981716156,0.9999901652336121,0.3784487843513489,0.1856321543455124,-0.24370816349983215,0.9999849200248718,0.48252516984939575,0.2984579801559448,-0.32863864302635193,0.999756932258606,0.4060060977935791,0.292777419090271,0.026776935905218124,0.9993906617164612,0.44222965836524963,0.5339718461036682,-0.33337321877479553,0.9730743169784546,0.38804692029953003,0.4517025351524353,-0.06645601987838745,0.17827066779136658,0.35770702362060547,0.4252338409423828,-0.21766158938407898,0.9845525622367859,0.3378678560256958,0.4057145416736603,-0.32925885915756226,0.32969531416893005,0.33261314034461975,0.41171833872795105,-0.23789756000041962,0.9740992188453674,0.32044845819473267,0.393341988325119,-0.35457998514175415,0.33916884660720825,0.34023624658584595,0.382472962141037,-0.23757386207580566,0.9738819003105164,0.3337227404117584,0.37549853324890137,-0.35447409749031067,0.3254237771034241,0.3533881902694702,0.37835994362831116,-0.2125280797481537,0.9576926231384277,0.34433960914611816,0.3736383318901062,-0.3372723460197449,0.31248530745506287,0.5740739107131958,0.5583369135856628,-0.0985005795955658,0.9999629259109497,0.5130182504653931,0.5362831950187683,0.09826238453388214,0.999882698059082,0.46138086915016174,0.5937206149101257,-0.4751858115196228,0.9878346920013428,0.3927077353000641,0.5081169009208679,-0.01643630489706993,0.6162704229354858,0.5219225287437439,0.8487368226051331,-0.32461515069007874,0.9831448197364807,0.4444437623023987,0.7291093468666077,0.1517980992794037,0.6765880584716797,0.5505161285400391,0.8873423933982849,-0.30941927433013916,0.9531883001327515,0.4682100713253021,0.7613486647605896,0.16694191098213196,0.6594436168670654,0.4675355553627014,0.9342120885848999,-0.4092675745487213,0.9833840727806091,0.3864038586616516,0.7914450764656067,0.11434046179056168,0.7854077816009521
down,0.3746756911277771,0.15713490545749664,-0.300242155790329,0.9999899864196777,0.38657504320144653,0.1305675059556961,-0.30634504556655884,0.9999933838844299,0.3922625184059143,0.1285918951034546,-0.3062981069087982,0.9999936819076538,0.39776939153671265,0.1267547309398651,-0.3063952624797821,0.999993622303009,0.37679070234298706,0.1346358060836792,-0.27030977606773376,0.9999921917915344,0.3750534653663635,0.1353895366191864,-0.2704448103904724,0.9999920129776001,0.3733302056789398,0.13591396808624268,-0.2704152762889862,0.9999902844429016,0.41987401247024536,0.13646955788135529,-0.2751454710960388,0.9999903440475464,0.3895740509033203,0.14104928076267242,-0.12029065191745758,0.9999753832817078,0.3897077143192291,0.18381516635417938,-0.28829047083854675,0.9999898672103882,0.378354012966156,0.18555381894111633,-0.2436748445034027,0.999984622001648,0.4826940894126892,0.29815950989723206,-0.3298311233520508,0.9997485280036926,0.4054259657859802,0.29340240359306335,0.027111027389764786,0.999411940574646,0.44230905175209045,0.5334888696670532,-0.3329009711742401,0.9731501340866089,0.3877417743206024,0.4532616436481476,-0.06309202313423157,0.1921154260635376,0.35753190517425537,0.42590802907943726,-0.21328434348106384,0.9841750264167786,0.3380632996559143,0.405895859003067,-0.3243301808834076,0.34877464175224304,0.3329295516014099,0.4125217795372009,-0.23284204304218292,0.973444402217865,0.321318119764328,0.3939307630062103,-0.34897515177726746,0.35571134090423584,0.3405854105949402,0.38298487663269043,-0.2326754629611969,0.9732106924057007,0.33441299200057983,0.374544620513916,-0.3495185673236847,0.34136104583740234,0.3533695340156555,0.37883517146110535,-0.20803138613700867,0.9568433165550232,0.34476131200790405,0.3737384080886841,-0.3326103687286377,0.326682448387146,0.5739782452583313,0.5585886240005493,-0.09796961396932602,0.9999619722366333,0.5122238397598267,0.5377857685089111,0.09773676097393036,0.9998832941055298,0.46164077520370483,0.5939691066741943,-0.4764321446418762,0.9876016974449158,0.3935392200946808,0.5131082534790039,-0.02360852062702179,0.61326664686203,0.5220118165016174,0.8486958146095276,-0.3209220767021179,0.982310950756073,0.44600167870521545,0.7299794554710388,0.1480417251586914,0.6765308976173401,0.5504785776138306,0.8871132135391235,-0.3049529790878296,0.9510475993156433,0.47061362862586975,0.7615630030632019,0.16419312357902527,0.6570468544960022,0.46822112798690796,0.9345481991767883,-0.40356382727622986,0.982593834400177,0.38853520154953003,0.7925199866294861,0.10951350629329681,0.7854337096214294
down,0.3746645450592041,0.15695761144161224,-0.2985318899154663,0.9999890923500061,0.3866249918937683,0.13038717210292816,-0.30503296852111816,0.9999927282333374,0.3923254907131195,0.12843583524227142,-0.304989755153656,0.9999931454658508,0.3978738486766815,0.1266128271818161,-0.3050905466079712,0.9999929666519165,0.3767715394496918,0.13449709117412567,-0.26915794610977173,0.9999913573265076,0.3750306963920593,0.1352672129869461,-0.2692890167236328,0.9999911785125732,0.3733040988445282,0.13580390810966492,-0.26925915479660034,0.9999893307685852,0.4200095534324646,0.136445090174675,-0.2747545838356018,0.9999895691871643,0.3895479142665863,0.1410502791404724,-0.12006852775812149,0.9999735951423645,0.3897494077682495,0.18377698957920074,-0.2869921922683716,0.9999891519546509,0.37833598256111145,0.18546703457832336,-0.24255748093128204,0.9999837279319763,0.48275652527809143,0.29810115694999695,-0.3293965458869934,0.9997414350509644,0.40535467863082886,0.2936757206916809,0.027295365929603577,0.9994146823883057,0.4421366751194,0.5334877371788025,-0.3320009410381317,0.9732406139373779,0.3876003623008728,0.4534035623073578,-0.061970990151166916,0.1975022852420807,0.3571588397026062,0.4260585308074951,-0.21154800057411194,0.9841011166572571,0.33804577589035034,0.40620020031929016,-0.3198888897895813,0.35631388425827026,0.3328034281730652,0.412489116191864,-0.23115763068199158,0.9733697175979614,0.3212735056877136,0.39387112855911255,-0.344266414642334,0.3624502718448639,0.3403695523738861,0.38275501132011414,-0.2309425324201584,0.9731175899505615,0.3341340124607086,0.37290826439857483,-0.3448546528816223,0.34789004921913147,0.35302895307540894,0.3788657784461975,-0.20632171630859375,0.9567765593528748,0.34484851360321045,0.3736916482448578,-0.32812464237213135,0.33249786496162415,0.5737754106521606,0.5589762330055237,-0.09713302552700043,0.9999608993530273,0.511827290058136,0.5385518074035645,0.0969160795211792,0.9998828172683716,0.46170300245285034,0.5942944884300232,-0.47515296936035156,0.9874364137649536,0.3933350443840027,0.5152148604393005,-0.027079563587903976,0.6159464120864868,0.5219110250473022,0.8482043743133545,-0.31668731570243835,0.9817705154418945,0.44658246636390686,0.7309104204177856,0.1439528465270996,0.6799713969230652,0.550200343132019,0.8866804242134094,-0.3005537688732147,0.9499102830886841,0.47148066759109497,0.7619014382362366,0.16030383110046387,0.6596553921699524,0.46831512451171875,0.9343996644020081,-0.39861777424812317,0.9820737838745117,0.3889131247997284,0.7928900122642517,0.105526864528656,0.7869978547096252
down,0.37483450770378113,0.15682575106620789,-0.2927008271217346,0.9999874830245972,0.38673609495162964,0.13037757575511932,-0.29980969429016113,0.9999915361404419,0.39241188764572144,0.128453329205513,-0.2997686266899109,0.9999921321868896,0.39798569679260254,0.1266610473394394,-0.2998700439929962,0.9999918937683105,0.37693408131599426,0.13441669940948486,-0.263766348361969,0.999989926815033,0.37528014183044434,0.1351577490568161,-0.26389190554618835,0.9999896883964539,0.373640239238739,0.13567346334457397,-0.2638629972934723,0.9999877214431763,0.42035621404647827,0.13664954900741577,-0.27162787318229675,0.9999881386756897,0.39030760526657104,0.14108185470104218,-0.11732199043035507,0.9999703764915466,0.3899346590042114,0.18377083539962769,-0.28191691637039185,0.9999879002571106,0.37867897748947144,0.18540740013122559,-0.23733539879322052,0.9999821186065674,0.48278528451919556,0.2981221377849579,-0.32732725143432617,0.9997339248657227,0.4056450426578522,0.29340046644210815,0.02813875675201416,0.9994221925735474,0.4421624541282654,0.5332136750221252,-0.3305228352546692,0.9735240936279297,0.3870212435722351,0.44874459505081177,-0.058710742741823196,0.19611552357673645,0.3569691777229309,0.42581719160079956,-0.21152439713478088,0.9840273261070251,0.33755165338516235,0.4053494334220886,-0.3124045729637146,0.35153645277023315,0.33249014616012573,0.4109455645084381,-0.23234879970550537,0.9733594059944153,0.320828378200531,0.39165154099464417,-0.33609309792518616,0.3586759567260742,0.34026044607162476,0.38230782747268677,-0.23202192783355713,0.973105251789093,0.3347456455230713,0.3713827431201935,-0.3384149372577667,0.34473344683647156,0.3528810739517212,0.3788650929927826,-0.20657801628112793,0.9567175507545471,0.3451817035675049,0.3735799491405487,-0.32125845551490784,0.3295881152153015,0.5735141634941101,0.5591863393783569,-0.09630802273750305,0.999957799911499,0.5117451548576355,0.538727343082428,0.09610667079687119,0.9998777508735657,0.46232885122299194,0.5950796604156494,-0.4768120348453522,0.9873514771461487,0.3877192735671997,0.5121397972106934,-0.03380829840898514,0.6236664652824402,0.5216838121414185,0.8473414182662964,-0.31367227435112,0.9812600016593933,0.4468042850494385,0.7307755947113037,0.13821037113666534,0.6852566599845886,0.5497856736183167,0.8859566450119019,-0.2974328100681305,0.9486393928527832,0.4717870354652405,0.761730968952179,0.1545078456401825,0.6646023392677307,0.468789279460907,0.9332346320152283,-0.39581090211868286,0.9815739989280701,0.3892728388309479,0.7929210066795349,0.0994114801287651,0.7899819612503052
down,0.3749947249889374,0.1576065868139267,-0.2828834652900696,0.9999862909317017,0.38663798570632935,0.13128183782100677,-0.29160070419311523,0.9999908208847046,0.3921982944011688,0.12924537062644958,-0.29156172275543213,0.9999914765357971,0.39766889810562134,0.12741994857788086,-0.2916640043258667,0.9999912977218628,0.3770686686038971,0.13482722640037537,-0.2542561888694763,0.999988853931427,0.3755246698856354,0.13541585206985474,-0.2543784976005554,0.9999886751174927,0.3740272521972656,0.13579383492469788,-0.2543458342552185,0.999986469745636,0.42045897245407104,0.13712899386882782,-0.2698054909706116,0.9999873638153076,0.39157453179359436,0.14108029007911682,-0.10949955135583878,0.9999678730964661,0.3900173604488373,0.18420815467834473,-0.27427253127098083,0.9999873638153076,0.3790917992591858,0.18577444553375244,-0.22798994183540344,0.999981164932251,0.48274874687194824,0.298758864402771,-0.3274702727794647,0.9997420310974121,0.4068956971168518,0.2927032709121704,0.03592602163553238,0.9994377493858337,0.4422159194946289,0.5328710675239563,-0.3296516239643097,0.9744572639465332,0.387281596660614,0.4471747875213623,-0.04714856296777725,0.1944877654314041,0.35694000124931335,0.4256560504436493,-0.20508098602294922,0.9842477440834045,0.3374847173690796,0.4043892025947571,-0.30001330375671387,0.3459288775920868,0.33250224590301514,0.4099419116973877,-0.22585837543010712,0.9737098813056946,0.32080864906311035,0.38919597864151,-0.32319924235343933,0.353075236082077,0.3403017222881317,0.38205158710479736,-0.2260664999485016,0.9734311699867249,0.33540523052215576,0.3707408607006073,-0.3257170021533966,0.3398629128932953,0.3528591990470886,0.37888309359550476,-0.20027291774749756,0.9570165872573853,0.346735417842865,0.3719676434993744,-0.30905216932296753,0.32466909289360046,0.5732823014259338,0.5594707131385803,-0.0964096412062645,0.999956488609314,0.5116504430770874,0.5387543439865112,0.09622056037187576,0.9998742938041687,0.4627153277397156,0.5954992771148682,-0.4834490418434143,0.9874919652938843,0.39214983582496643,0.5157356262207031,-0.03480358421802521,0.6321965456008911,0.5215243101119995,0.8469712734222412,-0.3185405731201172,0.9811872839927673,0.44682130217552185,0.7304996848106384,0.1384938359260559,0.6916595697402954,0.5496434569358826,0.8853249549865723,-0.30180948972702026,0.9488544464111328,0.4717794358730316,0.7613269090652466,0.15479043126106262,0.6719396710395813,0.4693491458892822,0.9326133131980896,-0.4007766842842102,0.981613278388977,0.38927173614501953,0.7928408980369568,0.09986253082752228,0.7951441407203674
down,0.37512481212615967,0.1580372452735901,-0.2829703092575073,0.9999859929084778,0.386666476726532,0.13176822662353516,-0.2915836274623871,0.9999906420707703,0.3922100067138672,0.12966836988925934,-0.29154321551322937,0.9999912977218628,0.39768022298812866,0.12780480086803436,-0.2916415333747864,0.9999911189079285,0.37729519605636597,0.13511529564857483,-0.25407010316848755,0.9999884366989136,0.375885546207428,0.13557395339012146,-0.254192590713501,0.9999881982803345,0.3745235204696655,0.1358061283826828,-0.2541593611240387,0.9999861121177673,0.4205777049064636,0.13727213442325592,-0.26932573318481445,0.9999871850013733,0.3925386965274811,0.1409887671470642,-0.10866197198629379,0.9999672174453735,0.3900677561759949,0.18445758521556854,-0.27437925338745117,0.9999872446060181,0.37934231758117676,0.18605834245681763,-0.22794362902641296,0.9999811053276062,0.482678085565567,0.2993145287036896,-0.3281272351741791,0.9997522234916687,0.4076126515865326,0.29221004247665405,0.036828383803367615,0.9994580149650574,0.4423135221004486,0.5326764583587646,-0.3321455419063568,0.9755182266235352,0.3873853087425232,0.4453037679195404,-0.04577989876270294,0.19152820110321045,0.3569134771823883,0.4256739020347595,-0.21143738925457,0.9847502112388611,0.3374582827091217,0.40390315651893616,-0.2989571690559387,0.3413541615009308,0.3325430750846863,0.40995606780052185,-0.23392489552497864,0.9745112657546997,0.3210216164588928,0.3887495994567871,-0.3219159245491028,0.34893861413002014,0.3403107225894928,0.3819582164287567,-0.23380720615386963,0.9742332696914673,0.33577394485473633,0.370930016040802,-0.32489871978759766,0.3363099694252014,0.35278698801994324,0.3789287209510803,-0.2067066878080368,0.9579548239707947,0.34736818075180054,0.37110990285873413,-0.30807268619537354,0.3212745785713196,0.5729974508285522,0.5596211552619934,-0.0965336263179779,0.9999561905860901,0.5114898681640625,0.5386068224906921,0.09635240584611893,0.9998737573623657,0.462937593460083,0.5955818891525269,-0.48417672514915466,0.9876570701599121,0.3925646245479584,0.5162901282310486,-0.03668684884905815,0.6412042379379272,0.5213916301727295,0.846905529499054,-0.32487156987190247,0.9814821481704712,0.4467743933200836,0.7303135395050049,0.13466277718544006,0.697659432888031,0.5495997071266174,0.8852064609527588,-0.3090372681617737,0.9495062232017517,0.47154760360717773,0.7606721520423889,0.1507335752248764,0.6786973476409912,0.4693673253059387,0.9321461319923401,-0.4103504717350006,0.9819463491439819,0.38920751214027405,0.7929174900054932,0.09536518156528473,0.8000564575195312
down,0.37522634863853455,0.1579202115535736,-0.28246575593948364,0.9999858140945435,0.38680681586265564,0.13173192739486694,-0.29136893153190613,0.9999905228614807,0.39231401681900024,0.12967510521411896,-0.29132407903671265,0.9999911785125732,0.3977869153022766,0.12783530354499817,-0.29141637682914734,0.9999911189079285,0.3775801360607147,0.13496726751327515,-0.2536442279815674,0.9999881982803345,0.3762797713279724,0.13534359633922577,-0.2537679076194763,0.9999879598617554,0.3750211298465729,0.13548271358013153,-0.2537364363670349,0.999985933303833,0.4207344055175781,0.13729338347911835,-0.27012449502944946,0.9999870657920837,0.3933020532131195,0.14078187942504883,-0.10870878398418427,0.9999668002128601,0.39009958505630493,0.18441906571388245,-0.2744283080101013,0.9999871253967285,0.3794679045677185,0.18600599467754364,-0.22769992053508759,0.9999809861183167,0.4828345775604248,0.2994017004966736,-0.32913073897361755,0.9997560381889343,0.40765175223350525,0.2921431362628937,0.03580823540687561,0.9994718432426453,0.4425387382507324,0.5324122905731201,-0.3341611921787262,0.9763185977935791,0.3874128460884094,0.44420069456100464,-0.04637330025434494,0.19223856925964355,0.3569149076938629,0.42538681626319885,-0.21651029586791992,0.9851772785186768,0.3374842405319214,0.4040309488773346,-0.30030399560928345,0.3431014120578766,0.33238697052001953,0.4085010588169098,-0.23969753086566925,0.9752225279808044,0.3209073841571808,0.38869041204452515,-0.323968768119812,0.35080617666244507,0.34038057923316956,0.38143157958984375,-0.24016857147216797,0.9749574065208435,0.33590608835220337,0.3711419701576233,-0.32783040404319763,0.3385424315929413,0.35276901721954346,0.37875357270240784,-0.2121398150920868,0.9588679075241089,0.3469111919403076,0.3714953064918518,-0.30987784266471863,0.3234485387802124,0.5727181434631348,0.5597116947174072,-0.09657448530197144,0.999955415725708,0.5112203359603882,0.5383828282356262,0.09639657288789749,0.9998729228973389,0.4627573490142822,0.5950376391410828,-0.48269081115722656,0.9876569509506226,0.3841753304004669,0.5092471241950989,-0.03641923516988754,0.6471638083457947,0.5212823152542114,0.8468211889266968,-0.32645636796951294,0.9816827774047852,0.44669732451438904,0.7301693558692932,0.1336597353219986,0.6999958753585815,0.5495501756668091,0.885168731212616,-0.31105607748031616,0.9496663808822632,0.47144681215286255,0.7602382302284241,0.14964237809181213,0.6818386912345886,0.46918612718582153,0.9316839575767517,-0.412874698638916,0.9821022748947144,0.3892691433429718,0.7933893799781799,0.09432200342416763,0.8017055988311768
down,0.3755604028701782,0.15836475789546967,-0.2840731143951416,0.9999854564666748,0.3870132267475128,0.13209538161754608,-0.29229995608329773,0.9999901652336121,0.39253583550453186,0.12998560070991516,-0.2922500669956207,0.9999909996986389,0.39801281690597534,0.12813794612884521,-0.2923375964164734,0.9999909400939941,0.3777041435241699,0.13523118197917938,-0.2555963099002838,0.999987781047821,0.37637418508529663,0.13554877042770386,-0.2557210922241211,0.9999874830245972,0.37509384751319885,0.13563747704029083,-0.2556963860988617,0.9999854564666748,0.4209885001182556,0.1373315155506134,-0.2699720859527588,0.999986469745636,0.3934122920036316,0.14074917137622833,-0.11194608360528946,0.9999657869338989,0.39070141315460205,0.1846044957637787,-0.2752034366130829,0.9999867081642151,0.3799061179161072,0.18650703132152557,-0.22974149882793427,0.9999801516532898,0.4835802912712097,0.2992921769618988,-0.32816872000694275,0.9997451901435852,0.4076406955718994,0.2918068766593933,0.028081292286515236,0.9994640350341797,0.44281062483787537,0.5319948792457581,-0.33463671803474426,0.9766619205474854,0.38711225986480713,0.4430049955844879,-0.05354774743318558,0.1951463520526886,0.356842041015625,0.4243108928203583,-0.22339236736297607,0.9853882789611816,0.33652788400650024,0.40384310483932495,-0.30503949522972107,0.34692782163619995,0.3317495584487915,0.4058483839035034,-0.24666686356067657,0.9755736589431763,0.31814607977867126,0.3866609036922455,-0.32985442876815796,0.35510027408599854,0.34040090441703796,0.3804674446582794,-0.24740596115589142,0.9753477573394775,0.33439671993255615,0.37042590975761414,-0.33383554220199585,0.34304168820381165,0.3527390956878662,0.3782980144023895,-0.2193189561367035,0.9595308303833008,0.346221923828125,0.37210768461227417,-0.314665287733078,0.3284493386745453,0.5725988745689392,0.5597683191299438,-0.09589462727308273,0.9999529123306274,0.5112531781196594,0.5379147529602051,0.09570609033107758,0.9998682737350464,0.462226927280426,0.5946772694587708,-0.4727047383785248,0.9871824383735657,0.3791030943393707,0.5048896670341492,-0.034945450723171234,0.6484284400939941,0.5213068127632141,0.8467294573783875,-0.32557564973831177,0.9814996719360352,0.44650912284851074,0.730279266834259,0.1318158358335495,0.6956278681755066,0.5495651960372925,0.8852748274803162,-0.310966432094574,0.9492537975311279,0.4713953137397766,0.7602956295013428,0.14767871797084808,0.6784708499908447,0.46828532218933105,0.9313716292381287,-0.41189485788345337,0.9817809462547302,0.38931751251220703,0.7944071292877197,0.09397273510694504,0.7972241640090942
down,0.37567517161369324,0.15878605842590332,-0.28461435437202454,0.999984860420227,0.3871828615665436,0.13232657313346863,-0.2929394841194153,0.9999897480010986,0.3927615284919739,0.13019540905952454,-0.2928842604160309,0.9999905824661255,0.39827603101730347,0.1283653974533081,-0.2929714024066925,0.9999906420707703,0.37782320380210876,0.13542383909225464,-0.2564780116081238,0.9999872446060181,0.37647315859794617,0.13571971654891968,-0.2566048502922058,0.9999869465827942,0.3751783072948456,0.13578368723392487,-0.25658294558525085,0.999984860420227,0.42135030031204224,0.13757888972759247,-0.2705671191215515,0.9999856948852539,0.3936287760734558,0.14080247282981873,-0.11356210708618164,0.99996417760849,0.39094358682632446,0.18492412567138672,-0.27575963735580444,0.9999862313270569,0.3801383972167969,0.18705694377422333,-0.2305525839328766,0.9999790787696838,0.48467737436294556,0.29906293749809265,-0.3279663920402527,0.9997316002845764,0.40728363394737244,0.2919667363166809,0.025601854547858238,0.9994509816169739,0.4428897500038147,0.531696081161499,-0.3350831866264343,0.9770950675010681,0.38642269372940063,0.4419068992137909,-0.05288262292742729,0.20131593942642212,0.356677383184433,0.4222846031188965,-0.22432784736156464,0.9854600429534912,0.3347315490245819,0.4016982316970825,-0.30079370737075806,0.3547038733959198,0.330644816160202,0.4039064049720764,-0.24711577594280243,0.9755822420120239,0.313900351524353,0.3827390968799591,-0.32531994581222534,0.36229658126831055,0.34023159742355347,0.379552960395813,-0.24755482375621796,0.9753506779670715,0.3304639756679535,0.3682253658771515,-0.3292602300643921,0.3502793610095978,0.3525218069553375,0.3777649402618408,-0.22015616297721863,0.9596953988075256,0.3446313142776489,0.37240317463874817,-0.31040531396865845,0.3362930417060852,0.5724645256996155,0.5598132610321045,-0.09557044506072998,0.9999510645866394,0.5111575722694397,0.5378366112709045,0.09537332504987717,0.9998636245727539,0.46184927225112915,0.5942749381065369,-0.46947726607322693,0.9868596792221069,0.3782379925251007,0.5027422308921814,-0.03276686742901802,0.6479424238204956,0.5213937759399414,0.8466425538063049,-0.327490895986557,0.9814735651016235,0.4458692967891693,0.7303777933120728,0.1304645985364914,0.6913961172103882,0.5496116876602173,0.8853314518928528,-0.31306979060173035,0.9492148160934448,0.4712603986263275,0.7603536248207092,0.1459818184375763,0.6747064590454102,0.4673994481563568,0.9307812452316284,-0.4135843813419342,0.9815783500671387,0.38921719789505005,0.7947510480880737,0.09312661737203598,0.7934786081314087
down,0.3761436343193054,0.1592271775007248,-0.28938809037208557,0.999984622001648,0.38798829913139343,0.1324383020401001,-0.29663795232772827,0.99998939037323,0.39368414878845215,0.13028475642204285,-0.2965795397758484,0.9999902248382568,0.39936625957489014,0.1284603774547577,-0.29666608572006226,0.9999902844429016,0.37815865874290466,0.13566263020038605,-0.2610097825527191,0.9999868869781494,0.37667909264564514,0.13597986102104187,-0.26113590598106384,0.9999865889549255,0.37527018785476685,0.13606902956962585,-0.26111510396003723,0.9999845027923584,0.42222124338150024,0.13768747448921204,-0.27101925015449524,0.9999848008155823,0.3936816453933716,0.14092285931110382,-0.11722004413604736,0.9999633431434631,0.3919275403022766,0.18512751162052155,-0.278999924659729,0.9999858140945435,0.3804941773414612,0.1877778321504593,-0.23486435413360596,0.9999784827232361,0.48573222756385803,0.29875290393829346,-0.3271852731704712,0.9997103810310364,0.4068530201911926,0.2920821011066437,0.021884968504309654,0.9994421601295471,0.44311657547950745,0.5306371450424194,-0.33578404784202576,0.9774803519248962,0.3858404755592346,0.44128134846687317,-0.05452343076467514,0.213279128074646,0.3567494750022888,0.4214458763599396,-0.23066139221191406,0.9855585098266602,0.3338104784488678,0.39932581782341003,-0.30020877718925476,0.371867835521698,0.33038783073425293,0.40366145968437195,-0.25369149446487427,0.9756055474281311,0.3118714392185211,0.37901556491851807,-0.3250963091850281,0.37784990668296814,0.34014615416526794,0.37945112586021423,-0.25350111722946167,0.9753847718238831,0.3294045627117157,0.36789974570274353,-0.3284260034561157,0.3655901849269867,0.35246211290359497,0.3774973452091217,-0.22638292610645294,0.9599873423576355,0.343938946723938,0.37243372201919556,-0.3094260096549988,0.3523414433002472,0.5723970532417297,0.5598419308662415,-0.09503855556249619,0.9999486804008484,0.5111444592475891,0.5376431941986084,0.0948275774717331,0.9998577833175659,0.4615812301635742,0.5934706926345825,-0.46205848455429077,0.9865414500236511,0.37792640924453735,0.5025535821914673,-0.024894800037145615,0.6481884717941284,0.5214368104934692,0.8465932011604309,-0.32733505964279175,0.9815157651901245,0.4454498887062073,0.7304506301879883,0.13668176531791687,0.6872721910476685,0.5496078133583069,0.8852477073669434,-0.31324464082717896,0.9492325782775879,0.47117847204208374,0.7606022357940674,0.15221062302589417,0.6708200573921204,0.46700066328048706,0.9305397272109985,-0.4131784439086914,0.9813755750656128,0.3889291286468506,0.7948555946350098,0.10186691582202911,0.7885793447494507
down,0.37650948762893677,0.15901139378547668,-0.2828295826911926,0.9999855160713196,0.38860949873924255,0.1322552114725113,-0.2916620373725891,0.9999899864196777,0.3942280411720276,0.13022083044052124,-0.29161304235458374,0.9999908208847046,0.39990904927253723,0.12844909727573395,-0.2916968762874603,0.9999908804893494,0.37874728441238403,0.13528333604335785,-0.25473663210868835,0.999987781047821,0.37727978825569153,0.13549131155014038,-0.2548666000366211,0.9999874830245972,0.3758293688297272,0.1355026662349701,-0.2548406422138214,0.9999855756759644,0.42259007692337036,0.13774822652339935,-0.2703551948070526,0.9999856352806091,0.39385372400283813,0.14088712632656097,-0.11249126493930817,0.9999662041664124,0.392120897769928,0.18519169092178345,-0.2749677300453186,0.9999866485595703,0.38060542941093445,0.1877598911523819,-0.22909899055957794,0.9999797940254211,0.4863716959953308,0.29868942499160767,-0.32663172483444214,0.9997151494026184,0.40675482153892517,0.29280930757522583,0.02599979378283024,0.9994643330574036,0.44395893812179565,0.52931147813797,-0.32980936765670776,0.9777451753616333,0.3876233696937561,0.44350191950798035,-0.049806028604507446,0.22688116133213043,0.3585582375526428,0.42332127690315247,-0.2153298556804657,0.9854035377502441,0.33536985516548157,0.40261366963386536,-0.2973136305809021,0.3862987160682678,0.3324041962623596,0.40775638818740845,-0.23735110461711884,0.9753639698028564,0.3145720958709717,0.3865493834018707,-0.32159096002578735,0.3901362419128418,0.34161606431007385,0.3815356492996216,-0.2379453182220459,0.9751415848731995,0.3315660357475281,0.37591230869293213,-0.3252487778663635,0.37788358330726624,0.3538155257701874,0.3787398338317871,-0.21087531745433807,0.9596845507621765,0.34465110301971436,0.37726080417633057,-0.3066446781158447,0.36422231793403625,0.5723572969436646,0.560077428817749,-0.09530268609523773,0.9999494552612305,0.5114797949790955,0.5376227498054504,0.09510199725627899,0.9998617172241211,0.461514949798584,0.5924853086471558,-0.46056270599365234,0.9865593314170837,0.3781254291534424,0.5025011301040649,-0.012328618206083775,0.6462241411209106,0.5214804410934448,0.8465710878372192,-0.3267962634563446,0.9817324280738831,0.44533705711364746,0.7304713129997253,0.15453064441680908,0.6821829676628113,0.5495690107345581,0.8852328658103943,-0.31338730454444885,0.9498116374015808,0.47085490822792053,0.7606620192527771,0.17037716507911682,0.6672315001487732,0.4668394923210144,0.9304825067520142,-0.4143519997596741,0.981600821018219,0.38870537281036377,0.7947975993156433,0.12022093683481216,0.7840948104858398
down,0.37652045488357544,0.15914003551006317,-0.269279807806015,0.9999860525131226,0.38849443197250366,0.13249684870243073,-0.28051188588142395,0.9999904036521912,0.3940342366695404,0.1304870843887329,-0.2804650366306305,0.9999912977218628,0.39955848455429077,0.12875674664974213,-0.2805505096912384,0.9999912977218628,0.3789047300815582,0.13529928028583527,-0.24198642373085022,0.9999881982803345,0.37756139039993286,0.1354408860206604,-0.24211660027503967,0.9999880790710449,0.37627112865448,0.1353820115327835,-0.24208998680114746,0.9999862313270569,0.4224371016025543,0.13803242146968842,-0.269424170255661,0.9999866485595703,0.3948506712913513,0.14093759655952454,-0.10321380198001862,0.9999683499336243,0.3918638229370117,0.18559576570987701,-0.26488935947418213,0.9999874830245972,0.3806579113006592,0.1878204196691513,-0.21679918467998505,0.9999807476997375,0.48679399490356445,0.2987450361251831,-0.3262397050857544,0.999732255935669,0.4076070189476013,0.292976975440979,0.031505901366472244,0.9994856715202332,0.44453468918800354,0.5284218788146973,-0.3235670328140259,0.9782400727272034,0.39059320092201233,0.4439810514450073,-0.04259512200951576,0.23386938869953156,0.3604465126991272,0.42449331283569336,-0.1994442641735077,0.9853441715240479,0.338954359292984,0.40706828236579895,-0.2869841158390045,0.38797494769096375,0.3343489468097687,0.4091165363788605,-0.2207731306552887,0.9752104878425598,0.31763115525245667,0.38960567116737366,-0.3107791543006897,0.39034217596054077,0.34370195865631104,0.3825596570968628,-0.22211062908172607,0.9749360084533691,0.33510059118270874,0.3791593909263611,-0.31516924500465393,0.37840133905410767,0.3563145101070404,0.3798462748527527,-0.19517949223518372,0.9594425559043884,0.3472464084625244,0.38059985637664795,-0.29669493436813354,0.36473020911216736,0.5724091529846191,0.5603699088096619,-0.09537215530872345,0.9999511241912842,0.5121307373046875,0.5376309752464294,0.09518323093652725,0.9998670220375061,0.4615198075771332,0.5920219421386719,-0.4608428478240967,0.987088680267334,0.3783336579799652,0.502161979675293,-0.011572916060686111,0.6501491665840149,0.521550714969635,0.8465744256973267,-0.32863032817840576,0.9823383092880249,0.44511866569519043,0.7305067181587219,0.152665913105011,0.6826806664466858,0.5495456457138062,0.8852428793907166,-0.31542280316352844,0.951443076133728,0.4703451693058014,0.7611062526702881,0.16812893748283386,0.6686174869537354,0.46675848960876465,0.9303966164588928,-0.4173964858055115,0.9821772575378418,0.38823312520980835,0.7948082089424133,0.1173425167798996,0.7845633625984192
down,0.37675121426582336,0.15893390774726868,-0.26596999168395996,0.9999863505363464,0.388677179813385,0.13238827884197235,-0.2770678699016571,0.9999907612800598,0.3941603899002075,0.13044123351573944,-0.27702564001083374,0.9999917149543762,0.3996506333351135,0.12874749302864075,-0.27711221575737,0.9999915957450867,0.37949973344802856,0.13506117463111877,-0.23885886371135712,0.9999884366989136,0.37834426760673523,0.13513986766338348,-0.2389882355928421,0.9999884963035583,0.3772188723087311,0.13500507175922394,-0.23896141350269318,0.9999865889549255,0.42254310846328735,0.13813583552837372,-0.26574644446372986,0.9999874830245972,0.39606955647468567,0.14089620113372803,-0.10085383802652359,0.9999701380729675,0.39192670583724976,0.18558236956596375,-0.26146477460861206,0.9999881982803345,0.38105830550193787,0.18773941695690155,-0.21380409598350525,0.9999813437461853,0.48712438344955444,0.29887673258781433,-0.3243153691291809,0.9997474551200867,0.4088033139705658,0.29299601912498474,0.03391014784574509,0.9994922280311584,0.4453969895839691,0.528346598148346,-0.32087278366088867,0.9783117771148682,0.3929218053817749,0.4450640082359314,-0.041247788816690445,0.23432593047618866,0.36159902811050415,0.42695608735084534,-0.19542983174324036,0.9851629137992859,0.340300589799881,0.40883636474609375,-0.28416818380355835,0.3803636431694031,0.3351530432701111,0.41144418716430664,-0.2157849371433258,0.9749489426612854,0.32157444953918457,0.3955923616886139,-0.3073311746120453,0.3827740550041199,0.3444661498069763,0.38405686616897583,-0.21703609824180603,0.9746263027191162,0.336294561624527,0.3805192708969116,-0.31160610914230347,0.37113913893699646,0.35751575231552124,0.3811433017253876,-0.19096767902374268,0.9590913653373718,0.34965434670448303,0.38128599524497986,-0.2938511073589325,0.3579867482185364,0.5727677941322327,0.5607109069824219,-0.0954437106847763,0.9999523758888245,0.5127004384994507,0.5378558039665222,0.09526501595973969,0.999870240688324,0.4617314338684082,0.5918802618980408,-0.4602748453617096,0.9876828789710999,0.3784737288951874,0.501619279384613,-0.01196075789630413,0.6538259983062744,0.5216947793960571,0.8466523289680481,-0.33151745796203613,0.9830071330070496,0.4449942708015442,0.7300927639007568,0.14894086122512817,0.6835837960243225,0.5495671033859253,0.8853944540023804,-0.31871914863586426,0.9530760049819946,0.4703303873538971,0.7613565325737,0.1636500060558319,0.6703640818595886,0.4666537344455719,0.9303838014602661,-0.4214407801628113,0.9827668070793152,0.3879132568836212,0.794337809085846,0.11216583102941513,0.7852304577827454
down,0.37686511874198914,0.1588411033153534,-0.26600170135498047,0.9999866485595703,0.3887784481048584,0.13235577940940857,-0.27715036273002625,0.999991238117218,0.3942275941371918,0.13043484091758728,-0.27710598707199097,0.9999921321868896,0.3996869623661041,0.12875500321388245,-0.2771909832954407,0.9999920725822449,0.37983617186546326,0.13490091264247894,-0.23825415968894958,0.9999889731407166,0.37876802682876587,0.1349087506532669,-0.2383863925933838,0.9999890327453613,0.3777309060096741,0.13468384742736816,-0.238357275724411,0.9999871253967285,0.4225925803184509,0.13816317915916443,-0.26563459634780884,0.999988317489624,0.39708152413368225,0.1406853199005127,-0.09786392748355865,0.9999715089797974,0.3919672966003418,0.18554863333702087,-0.26167964935302734,0.9999886751174927,0.38152629137039185,0.18763697147369385,-0.21322031319141388,0.9999817609786987,0.4877195358276367,0.2990995943546295,-0.32620590925216675,0.999758780002594,0.40927377343177795,0.29363980889320374,0.03828687220811844,0.9994879364967346,0.44584688544273376,0.5278547406196594,-0.32396945357322693,0.9783578515052795,0.3939850926399231,0.4453738331794739,-0.0369168296456337,0.22759521007537842,0.3620714247226715,0.426827996969223,-0.19751952588558197,0.9849435091018677,0.34009024500846863,0.4087011516094208,-0.28358104825019836,0.3685778081417084,0.3353049159049988,0.4114897549152374,-0.21826083958148956,0.9745556116104126,0.31900227069854736,0.39375633001327515,-0.30667051672935486,0.37195929884910583,0.34459763765335083,0.3843288719654083,-0.2193947285413742,0.9741744995117188,0.33557090163230896,0.38062959909439087,-0.31179913878440857,0.36072075366973877,0.3577967882156372,0.3815021514892578,-0.19305168092250824,0.9582781195640564,0.34903258085250854,0.3819389045238495,-0.2936938405036926,0.3479465842247009,0.5730995535850525,0.5608081817626953,-0.09803725779056549,0.9999547600746155,0.5130781531333923,0.5378352999687195,0.09787636995315552,0.9998760223388672,0.4621230959892273,0.5917969346046448,-0.4716077744960785,0.9883992075920105,0.3784434199333191,0.500359058380127,-0.012195931747555733,0.6571000814437866,0.5219165682792664,0.8470744490623474,-0.3517625629901886,0.9840050935745239,0.44435054063796997,0.7296113967895508,0.14173753559589386,0.6862117052078247,0.5496404767036438,0.8859080076217651,-0.33961743116378784,0.9555362462997437,0.46952810883522034,0.761521577835083,0.15592160820960999,0.6728867888450623,0.46632036566734314,0.9305499792098999,-0.4453769624233246,0.9837167263031006,0.38640832901000977,0.7939046025276184,0.10269025713205338,0.7874749302864075
down,0.3770288825035095,0.15853913128376007,-0.26617059111595154,0.9999870657920837,0.38900190591812134,0.1322692185640335,-0.27731505036354065,0.9999917149543762,0.39443129301071167,0.1303928643465042,-0.2772715091705322,0.9999924898147583,0.3998725712299347,0.12874191999435425,-0.2773565351963043,0.9999925494194031,0.38009753823280334,0.13470123708248138,-0.23825392127037048,0.9999894499778748,0.37902066111564636,0.13466979563236237,-0.23838606476783752,0.9999895095825195,0.37797778844833374,0.134412482380867,-0.23835554718971252,0.9999877214431763,0.4228295683860779,0.13818761706352234,-0.2667616605758667,0.9999891519546509,0.3975067734718323,0.14057227969169617,-0.09672057628631592,0.9999727606773376,0.39207983016967773,0.18548157811164856,-0.26195353269577026,0.9999891519546509,0.38179367780685425,0.18746736645698547,-0.21322432160377502,0.9999822974205017,0.4879876673221588,0.2992521822452545,-0.3292456269264221,0.9997704029083252,0.40953880548477173,0.29403120279312134,0.041313622146844864,0.9994861483573914,0.44602352380752563,0.5276997685432434,-0.3298189342021942,0.9784993529319763,0.39455822110176086,0.44538867473602295,-0.033343859016895294,0.22092635929584503,0.3624504506587982,0.4266856610774994,-0.2027081996202469,0.9849414229393005,0.3401132822036743,0.40856361389160156,-0.28119632601737976,0.3601725101470947,0.33542829751968384,0.4115369915962219,-0.22478528320789337,0.9745243787765503,0.3179193437099457,0.3921847343444824,-0.30395638942718506,0.3643624782562256,0.3446049392223358,0.38443878293037415,-0.22491797804832458,0.974109947681427,0.3348808288574219,0.3804275095462799,-0.3094392418861389,0.3535774350166321,0.35782796144485474,0.38162410259246826,-0.19783718883991241,0.9579605460166931,0.34852954745292664,0.3819713890552521,-0.29150164127349854,0.3411393463611603,0.5733503103256226,0.5608742833137512,-0.1000954657793045,0.999957263469696,0.5135066509246826,0.5378493666648865,0.09994612634181976,0.9998816847801208,0.46224674582481384,0.5917165875434875,-0.47613057494163513,0.9889056086540222,0.37859320640563965,0.5002819299697876,-0.011353463865816593,0.6589751839637756,0.5220184326171875,0.8472697734832764,-0.3527880012989044,0.9847596287727356,0.44420289993286133,0.7294676899909973,0.1451178342103958,0.6886932253837585,0.5497380495071411,0.88624107837677,-0.3403961956501007,0.9574928283691406,0.4693242907524109,0.7617219686508179,0.15953554213047028,0.6755897402763367,0.4661232829093933,0.9306105971336365,-0.44621744751930237,0.9844916462898254,0.38630980253219604,0.7935900092124939,0.10647764056921005,0.7897675633430481
down,0.37718576192855835,0.15797577798366547,-0.2715061902999878,0.9999873638153076,0.3892947733402252,0.13193632662296295,-0.2816776633262634,0.9999918341636658,0.39475908875465393,0.13016685843467712,-0.28163477778434753,0.9999926686286926,0.40025559067726135,0.12858226895332336,-0.2817211151123047,0.9999927282333374,0.38026541471481323,0.1343500316143036,-0.24304941296577454,0.9999898076057434,0.37915337085723877,0.13433483242988586,-0.24318011105060577,0.9999897480010986,0.3780902326107025,0.13410493731498718,-0.24314764142036438,0.9999879002571106,0.42335447669029236,0.13819828629493713,-0.2680426836013794,0.9999895095825195,0.3976064622402191,0.14048893749713898,-0.1000693067908287,0.9999728798866272,0.3923269212245941,0.18530359864234924,-0.26582473516464233,0.9999892711639404,0.38198626041412354,0.18721142411231995,-0.21770207583904266,0.9999821782112122,0.4881606698036194,0.29925182461738586,-0.33120426535606384,0.9997755289077759,0.4098428785800934,0.2939559519290924,0.04094194620847702,0.9994763135910034,0.44619855284690857,0.5279656052589417,-0.3327171206474304,0.978461742401123,0.3945022523403168,0.4444408714771271,-0.033003635704517365,0.21116243302822113,0.36259907484054565,0.42677226662635803,-0.20708820223808289,0.9848955869674683,0.339976966381073,0.408092200756073,-0.2798110842704773,0.3472345471382141,0.33551084995269775,0.4116583466529846,-0.22899344563484192,0.9745419025421143,0.3175604045391083,0.3908814787864685,-0.30189257860183716,0.35378503799438477,0.3445926308631897,0.38452187180519104,-0.22924280166625977,0.9741395115852356,0.33474504947662354,0.3802090883255005,-0.30789369344711304,0.34322530031204224,0.35780707001686096,0.3816981017589569,-0.2021598070859909,0.9578136205673218,0.348259299993515,0.38186103105545044,-0.290323942899704,0.3312126398086548,0.57350093126297,0.5608900785446167,-0.10091988742351532,0.9999581575393677,0.5139859914779663,0.5373700261116028,0.1007600650191307,0.9998835921287537,0.4621986746788025,0.5914281010627747,-0.4764654040336609,0.9889142513275146,0.378635048866272,0.5002691149711609,-0.010783107951283455,0.6588804721832275,0.5221155285835266,0.8473254442214966,-0.3522160053253174,0.9851694107055664,0.44412660598754883,0.7293528914451599,0.14688698947429657,0.6882109642028809,0.5498338937759399,0.88636714220047,-0.3396296203136444,0.9588944315910339,0.4692602753639221,0.7618021368980408,0.16158024966716766,0.6766553521156311,0.4659516215324402,0.9306535720825195,-0.44373735785484314,0.9849646687507629,0.3859427273273468,0.7933236956596375,0.11001720279455185,0.7891443967819214
down,0.377214252948761,0.15726211667060852,-0.26744329929351807,0.9999871253967285,0.38941317796707153,0.13145889341831207,-0.27898865938186646,0.9999917149543762,0.39487987756729126,0.12983694672584534,-0.27894407510757446,0.9999926090240479,0.40038934350013733,0.12833300232887268,-0.2790282666683197,0.9999926686286926,0.3803580403327942,0.13365322351455688,-0.23938636481761932,0.9999895691871643,0.37923648953437805,0.13359513878822327,-0.23951689898967743,0.9999895691871643,0.37818002700805664,0.1333208680152893,-0.23948562145233154,0.9999876022338867,0.42354995012283325,0.13820946216583252,-0.26787054538726807,0.9999895095825195,0.3977317214012146,0.14025087654590607,-0.09792739897966385,0.9999725818634033,0.3922586739063263,0.18522153794765472,-0.26353830099105835,0.9999891519546509,0.38203075528144836,0.1867942214012146,-0.21416565775871277,0.9999817609786987,0.48827022314071655,0.29919588565826416,-0.3307096064090729,0.999779224395752,0.4099367558956146,0.29370325803756714,0.0408901646733284,0.9994763135910034,0.44632720947265625,0.5279618501663208,-0.3305995464324951,0.9785574078559875,0.394560307264328,0.4433405101299286,-0.031739749014377594,0.20881573855876923,0.3626202344894409,0.4267827272415161,-0.20370829105377197,0.9850044846534729,0.339839369058609,0.40758511424064636,-0.27715471386909485,0.3451087772846222,0.3355773389339447,0.41166627407073975,-0.22533874213695526,0.9747704267501831,0.31764766573905945,0.3905925452709198,-0.29971200227737427,0.3529220223426819,0.34463319182395935,0.3845442533493042,-0.22628402709960938,0.9743746519088745,0.33517536520957947,0.37997567653656006,-0.30619269609451294,0.3427067697048187,0.35784071683883667,0.3817252814769745,-0.1990567147731781,0.9581503868103027,0.34826961159706116,0.38161447644233704,-0.2878764569759369,0.3308802843093872,0.5735403895378113,0.5608505010604858,-0.10087914764881134,0.9999579191207886,0.5142363905906677,0.5371159315109253,0.10072175413370132,0.9998838901519775,0.46217814087867737,0.5910754203796387,-0.4740913510322571,0.9890713095664978,0.37871694564819336,0.500928521156311,-0.011150794103741646,0.6612098217010498,0.5221463441848755,0.8473317623138428,-0.3504612445831299,0.9854555130004883,0.44410473108291626,0.7293663024902344,0.14554141461849213,0.6892256736755371,0.5498569011688232,0.8864169716835022,-0.3378860354423523,0.9597927331924438,0.46930474042892456,0.7619454264640808,0.1601068675518036,0.6780766844749451,0.4658779501914978,0.9306703209877014,-0.44188350439071655,0.9852381348609924,0.38617759943008423,0.7932307720184326,0.10838621854782104,0.7897717952728271
down,0.37742742896080017,0.1567353457212448,-0.2672939896583557,0.9999867677688599,0.38972899317741394,0.13108837604522705,-0.2786499857902527,0.9999915361404419,0.39516177773475647,0.1295744627714157,-0.27860552072525024,0.9999924898147583,0.40066462755203247,0.12814116477966309,-0.2786889672279358,0.9999925494194031,0.38067978620529175,0.13319028913974762,-0.23929712176322937,0.9999892711639404,0.379560649394989,0.1331222653388977,-0.23942747712135315,0.9999892711639404,0.37848740816116333,0.13284632563591003,-0.23939666152000427,0.9999873042106628,0.42380291223526,0.13820701837539673,-0.2673257291316986,0.9999893307685852,0.3979252874851227,0.14011722803115845,-0.09817853569984436,0.9999721646308899,0.3924541473388672,0.18503881990909576,-0.2632271647453308,0.9999889135360718,0.38218092918395996,0.1864491105079651,-0.21410104632377625,0.9999812245368958,0.48836296796798706,0.29917922616004944,-0.3296094536781311,0.9997769594192505,0.40999507904052734,0.29364919662475586,0.0394396111369133,0.9994669556617737,0.44665175676345825,0.5279203057289124,-0.32946327328681946,0.9783297181129456,0.39435702562332153,0.443307489156723,-0.0356244221329689,0.20647481083869934,0.3624987006187439,0.42684587836265564,-0.2043425589799881,0.9847426414489746,0.3394646644592285,0.4073020815849304,-0.28280767798423767,0.3389987349510193,0.33547812700271606,0.4116564393043518,-0.22613489627838135,0.974449098110199,0.3184916079044342,0.3914320766925812,-0.30607208609580994,0.3477235734462738,0.3447115123271942,0.3846099376678467,-0.2271997630596161,0.9740666151046753,0.33576884865760803,0.37995609641075134,-0.31181055307388306,0.33766189217567444,0.3578881621360779,0.3818122148513794,-0.1997959166765213,0.9577195644378662,0.3484003245830536,0.38166335225105286,-0.29324859380722046,0.3261055052280426,0.5735700130462646,0.5608510971069336,-0.10042206197977066,0.9999567270278931,0.5143954157829285,0.5371090769767761,0.10026372969150543,0.9998828172683716,0.4621891975402832,0.5904764533042908,-0.4700623154640198,0.9890149831771851,0.37879419326782227,0.5012102723121643,-0.012711768969893456,0.6631697416305542,0.5221578478813171,0.8473058938980103,-0.3467197120189667,0.9854884147644043,0.4441225528717041,0.7293875813484192,0.1428307443857193,0.6901048421859741,0.5498767495155334,0.8864780068397522,-0.3341958522796631,0.959888219833374,0.46937114000320435,0.7620474100112915,0.15730872750282288,0.6786366105079651,0.4658088684082031,0.9306101202964783,-0.43757301568984985,0.9852461218833923,0.3864924907684326,0.793152928352356,0.10562820732593536,0.7897073030471802
down,0.5022497773170471,0.13517817854881287,-0.3811139464378357,0.9999620914459229,0.5106569528579712,0.11412736773490906,-0.350860059261322,0.9999220371246338,0.5158392190933228,0.11457259207963943,-0.35092541575431824,0.9999288320541382,0.5199026465415955,0.1155385971069336,-0.35105380415916443,0.9998742341995239,0.49249592423439026,0.11521507054567337,-0.3520704209804535,0.9999189376831055,0.4866824150085449,0.11691958457231522,-0.35213208198547363,0.9999344348907471,0.48249107599258423,0.11897256970405579,-0.35212746262550354,0.9998953342437744,0.5277054309844971,0.13337889313697815,-0.21055027842521667,0.9999083280563354,0.4762011468410492,0.13819563388824463,-0.21527691185474396,0.9999245405197144,0.5143874883651733,0.16571953892707825,-0.33312952518463135,0.9999861717224121,0.4915107786655426,0.16519182920455933,-0.33465591073036194,0.9999858140945435,0.5750332474708557,0.3148285448551178,-0.14469966292381287,0.9984622001647949,0.4314427971839905,0.3218398988246918,-0.15038499236106873,0.9996330738067627,0.6098037362098694,0.5385843515396118,-0.3818081021308899,0.9366961717605591,0.40351682901382446,0.5428193807601929,-0.35017964243888855,0.9793274998664856,0.6073893308639526,0.401154100894928,-0.7017931342124939,0.916541337966919,0.4045567512512207,0.40458008646965027,-0.6673865914344788,0.9788326025009155,0.6172016859054565,0.37738507986068726,-0.7588592171669006,0.861108660697937,0.39824631810188293,0.3770197033882141,-0.7250751852989197,0.9629749655723572,0.6157704591751099,0.36576974391937256,-0.7325374484062195,0.8392609357833862,0.4010848104953766,0.36127981543540955,-0.7144042253494263,0.955527126789093,0.6112850904464722,0.37046676874160767,-0.6986560821533203,0.7318043112754822,0.4061266779899597,0.36698704957962036,-0.6706939339637756,0.9152137637138367,0.5505148768424988,0.6033974885940552,0.002472482156008482,0.9996107220649719,0.4680449068546295,0.6054857969284058,-0.002419105265289545,0.9997754693031311,0.6251306533813477,0.6209603548049927,-0.5542478561401367,0.995564877986908,0.38129696249961853,0.616093099117279,-0.5061054229736328,0.9952823519706726,0.602458119392395,0.8545411229133606,-0.21515575051307678,0.989528477191925,0.3984937369823456,0.8617777228355408,-0.1976972371339798,0.9970314502716064,0.5888881683349609,0.8902385234832764,-0.1897229105234146,0.9703130722045898,0.41808661818504333,0.9019830226898193,-0.1758316606283188,0.983849048614502,0.6270890831947327,0.9500753879547119,-0.3673253059387207,0.9827421307563782,0.3586433529853821,0.9484698176383972,-0.35714733600616455,0.9915227890014648
down,0.5072577595710754,0.14217300713062286,-0.40511804819107056,0.9999591112136841,0.5149320363998413,0.1202206090092659,-0.37118011713027954,0.9999192357063293,0.5196047425270081,0.12041246891021729,-0.37124037742614746,0.9999257922172546,0.5239905118942261,0.121087945997715,-0.3713698387145996,0.9998688101768494,0.4965026378631592,0.12076526135206223,-0.3776681423187256,0.9999182820320129,0.48953738808631897,0.12176212668418884,-0.3777700960636139,0.999934732913971,0.48322877287864685,0.1232561245560646,-0.37778547406196594,0.9998980760574341,0.5299243330955505,0.13509054481983185,-0.2173967808485031,0.9998971223831177,0.47603631019592285,0.13939866423606873,-0.24184289574623108,0.9999251365661621,0.5167073607444763,0.1721508800983429,-0.3502165675163269,0.9999830722808838,0.4945927560329437,0.17174512147903442,-0.3586401343345642,0.9999843835830688,0.5751534700393677,0.3154620826244354,-0.14672455191612244,0.9982250332832336,0.43136557936668396,0.32325562834739685,-0.17400549352169037,0.9995898604393005,0.6098520755767822,0.538634181022644,-0.391502320766449,0.920737087726593,0.4034744203090668,0.5454392433166504,-0.37958553433418274,0.9738180041313171,0.6074469089508057,0.38815444707870483,-0.7183240056037903,0.8961001038551331,0.4053651690483093,0.40516552329063416,-0.6843840479850769,0.97414231300354,0.614901065826416,0.3731587827205658,-0.7745126485824585,0.8354009985923767,0.3987805247306824,0.37645989656448364,-0.7398656010627747,0.9560251832008362,0.6153603792190552,0.3631022870540619,-0.7461696863174438,0.8111637234687805,0.4023369252681732,0.36121848225593567,-0.7271904945373535,0.9473458528518677,0.6096208691596985,0.3655605614185333,-0.7151557803153992,0.6972336769104004,0.40743008255958557,0.367415189743042,-0.6861504912376404,0.9015567302703857,0.5520825982093811,0.6056509017944336,0.0018795740325003862,0.9994768500328064,0.4679061770439148,0.6102151870727539,-0.0018018720438703895,0.9997215867042542,0.6254329681396484,0.6201114058494568,-0.5789028406143188,0.9951273798942566,0.3812696933746338,0.6176220178604126,-0.5553649663925171,0.9945564866065979,0.6022028923034668,0.8533638715744019,-0.21929237246513367,0.9878203272819519,0.3999624252319336,0.8617162704467773,-0.2181967943906784,0.9966452717781067,0.5868480205535889,0.8866902589797974,-0.192424014210701,0.9647605419158936,0.41758593916893005,0.8998281955718994,-0.19385702908039093,0.9830461740493774,0.626522421836853,0.9498358964920044,-0.37169602513313293,0.9805399179458618,0.3596504330635071,0.9477800130844116,-0.38231992721557617,0.9908262491226196
down,0.5085159540176392,0.14853739738464355,-0.41807112097740173,0.9999518394470215,0.5163360238075256,0.12539809942245483,-0.38472747802734375,0.9999086260795593,0.5209276676177979,0.1254947930574417,-0.3847903609275818,0.9999162554740906,0.525566577911377,0.12653832137584686,-0.38492313027381897,0.9998500943183899,0.49781909584999084,0.1264781802892685,-0.3910788893699646,0.9999085664749146,0.4905211925506592,0.1277632713317871,-0.391181081533432,0.9999288320541382,0.48367562890052795,0.1293630450963974,-0.39119333028793335,0.9998905062675476,0.5310004949569702,0.139622300863266,-0.22215458750724792,0.9998714923858643,0.47551900148391724,0.14322522282600403,-0.2517011761665344,0.9999169707298279,0.5174294710159302,0.1807202845811844,-0.361142635345459,0.9999775290489197,0.49603915214538574,0.1812015324831009,-0.36946356296539307,0.9999810457229614,0.5746148824691772,0.31517526507377625,-0.14742806553840637,0.9981212615966797,0.4303855299949646,0.32328498363494873,-0.17799292504787445,0.9995437264442444,0.6108483076095581,0.5364277958869934,-0.3873545229434967,0.9076419472694397,0.4040876030921936,0.5448735356330872,-0.3860541582107544,0.9675968885421753,0.6090281009674072,0.3836897015571594,-0.7232517004013062,0.8874499201774597,0.40592217445373535,0.4062988758087158,-0.6973519325256348,0.9710285067558289,0.6146694421768188,0.3703851103782654,-0.7808789014816284,0.8264220952987671,0.398337185382843,0.37809646129608154,-0.7533898949623108,0.9518627524375916,0.6149818301200867,0.3595829904079437,-0.7540612816810608,0.8014634847640991,0.40241116285324097,0.3634287416934967,-0.7404337525367737,0.9427309036254883,0.6093114614486694,0.3616734445095062,-0.7207165956497192,0.6851553320884705,0.40775030851364136,0.3693010210990906,-0.6988344192504883,0.8935109376907349,0.5523179173469543,0.6063730716705322,0.0015731198946014047,0.9993622303009033,0.4664381444454193,0.6114661693572998,-0.0014837761409580708,0.9996711611747742,0.6255195736885071,0.6198491454124451,-0.58250892162323,0.9949291348457336,0.3810729682445526,0.6187652945518494,-0.5626583099365234,0.9937873482704163,0.6018704771995544,0.853322446346283,-0.2184203863143921,0.9862719178199768,0.40003952383995056,0.8609025478363037,-0.2166585624217987,0.9963353872299194,0.5854758024215698,0.8864133954048157,-0.19007065892219543,0.959383487701416,0.41647377610206604,0.8986940383911133,-0.19263800978660583,0.9826255440711975,0.6265798807144165,0.9500105977058411,-0.36864495277404785,0.9784749746322632,0.3599092364311218,0.945273756980896,-0.3808523714542389,0.9903467297554016
down,0.510977566242218,0.1550678014755249,-0.42485594749450684,0.9999439716339111,0.5177069902420044,0.13112087547779083,-0.39180079102516174,0.9998981952667236,0.5223667025566101,0.13108471035957336,-0.3918713331222534,0.9999052882194519,0.5268563628196716,0.13120611011981964,-0.39200878143310547,0.9998288154602051,0.5005269050598145,0.13207271695137024,-0.39986175298690796,0.9999009966850281,0.49248528480529785,0.13275840878486633,-0.39997607469558716,0.9999233484268188,0.48557329177856445,0.1338346302509308,-0.3999937176704407,0.999885082244873,0.5311256051063538,0.14175006747245789,-0.22652678191661835,0.9998465776443481,0.47545918822288513,0.14593666791915894,-0.2626504600048065,0.9999155402183533,0.5185859203338623,0.18639779090881348,-0.36567673087120056,0.999972403049469,0.4996921420097351,0.1882789582014084,-0.37634697556495667,0.9999788403511047,0.5744441747665405,0.31449154019355774,-0.14919513463974,0.9979944825172424,0.4290541708469391,0.3235030472278595,-0.18287476897239685,0.9995395541191101,0.6121053099632263,0.5323156714439392,-0.38452163338661194,0.8871304392814636,0.4039875566959381,0.546202540397644,-0.38423028588294983,0.9653364419937134,0.6084153652191162,0.38201484084129333,-0.7263338565826416,0.8654066324234009,0.4055789113044739,0.4069201946258545,-0.6925333738327026,0.9694371819496155,0.6140204071998596,0.36756885051727295,-0.7846250534057617,0.802517831325531,0.3978762626647949,0.378669410943985,-0.7472920417785645,0.9495229125022888,0.6143149733543396,0.35632625222206116,-0.7595950961112976,0.7757267355918884,0.40253791213035583,0.36362817883491516,-0.7355374097824097,0.9402127861976624,0.6088265180587769,0.35942479968070984,-0.7248887419700623,0.6553571820259094,0.4077768325805664,0.36943212151527405,-0.6939851641654968,0.8892030119895935,0.5522421598434448,0.6062586307525635,0.0013036432210355997,0.9991931915283203,0.4658968448638916,0.6115236878395081,-0.00119697954505682,0.9996110796928406,0.6255640387535095,0.6188053488731384,-0.574264407157898,0.9944130778312683,0.38068142533302307,0.6194279789924622,-0.5617236495018005,0.9931102991104126,0.6017789244651794,0.8535590171813965,-0.2288186252117157,0.9847009778022766,0.400264173746109,0.8609962463378906,-0.23049673438072205,0.9959015250205994,0.5848097205162048,0.8872538208961487,-0.20343127846717834,0.9558926224708557,0.4165075421333313,0.8986733555793762,-0.2065705955028534,0.9818717837333679,0.627210795879364,0.9506027102470398,-0.3830329179763794,0.9762284159660339,0.3599565923213959,0.9450207948684692,-0.39530497789382935,0.9894152879714966
down,0.5109552145004272,0.162917822599411,-0.42647916078567505,0.9999383091926575,0.5179235935211182,0.13757997751235962,-0.39443179965019226,0.999890148639679,0.522531270980835,0.13749068975448608,-0.3945068418979645,0.9998949766159058,0.5269660949707031,0.13723641633987427,-0.3946550190448761,0.999811589717865,0.501057505607605,0.13779199123382568,-0.4032127857208252,0.999897301197052,0.4932268559932709,0.1377250999212265,-0.40333786606788635,0.9999203085899353,0.48652997612953186,0.13792666792869568,-0.40335482358932495,0.999885082244873,0.531112015247345,0.14662040770053864,-0.22795036435127258,0.999823272228241,0.47545528411865234,0.14838403463363647,-0.2659623622894287,0.9999170303344727,0.5185970067977905,0.19415026903152466,-0.3659839332103729,0.9999685287475586,0.4997172951698303,0.1954115927219391,-0.37715449929237366,0.9999775886535645,0.5736905932426453,0.3137984871864319,-0.1486586630344391,0.997851550579071,0.42855435609817505,0.3236701488494873,-0.18179504573345184,0.9995619058609009,0.6122201681137085,0.5237826704978943,-0.3808652460575104,0.8693128228187561,0.40396246314048767,0.5472816228866577,-0.37662261724472046,0.9637054204940796,0.6065765023231506,0.3823174834251404,-0.7188838124275208,0.8307996392250061,0.40529561042785645,0.4073757231235504,-0.6757041811943054,0.9675594568252563,0.6115652322769165,0.3661828339099884,-0.7777119874954224,0.7634403705596924,0.3976539373397827,0.3792382478713989,-0.7307463884353638,0.9465938210487366,0.6130297183990479,0.35543787479400635,-0.7545198202133179,0.7334601879119873,0.40248480439186096,0.3638196587562561,-0.7204285860061646,0.9369643926620483,0.6068537831306458,0.3588772118091583,-0.7183758020401001,0.6095841526985168,0.4075687825679779,0.36968961358070374,-0.6774255037307739,0.8844290375709534,0.5524198412895203,0.6066582202911377,-0.0002884512359742075,0.9990105032920837,0.4659636914730072,0.6132777333259583,0.0004209147300571203,0.9995586276054382,0.6254191398620605,0.6178093552589417,-0.5678091645240784,0.99371337890625,0.3805813491344452,0.6189283728599548,-0.5611559152603149,0.9924684762954712,0.6017597913742065,0.853513777256012,-0.23376567661762238,0.9829212427139282,0.40026211738586426,0.8610572218894958,-0.23733463883399963,0.9955431818962097,0.5847493410110474,0.8875097632408142,-0.20882537961006165,0.951791524887085,0.4164299964904785,0.898856520652771,-0.21401271224021912,0.9815069437026978,0.6271763443946838,0.9508137106895447,-0.3879784047603607,0.9736959934234619,0.3599887490272522,0.9451684951782227,-0.4016907215118408,0.9886313676834106
down,0.5116201639175415,0.16478295624256134,-0.4594690799713135,0.9999439120292664,0.518553614616394,0.1392078548669815,-0.42637601494789124,0.9998998641967773,0.5231032371520996,0.13899146020412445,-0.4264393448829651,0.999904453754425,0.5277004241943359,0.13875779509544373,-0.42658406496047974,0.999826967716217,0.5018974542617798,0.13947758078575134,-0.43326887488365173,0.9999051690101624,0.4942268431186676,0.13950790464878082,-0.43338465690612793,0.999926745891571,0.48744383454322815,0.13958801329135895,-0.4333948493003845,0.9998937845230103,0.5316889882087708,0.1486743986606598,-0.253201961517334,0.9998400807380676,0.4754338264465332,0.15003810822963715,-0.2838320732116699,0.9999250173568726,0.5190783143043518,0.19539101421833038,-0.3966292440891266,0.9999717473983765,0.500801146030426,0.1970367580652237,-0.4057576060295105,0.9999799132347107,0.5753666162490845,0.31455177068710327,-0.16735069453716278,0.9981496334075928,0.42832082509994507,0.32376226782798767,-0.19221463799476624,0.9995940923690796,0.6136889457702637,0.5314844250679016,-0.4128648340702057,0.8752562999725342,0.40387025475502014,0.5472832918167114,-0.4048219621181488,0.964417040348053,0.6095936894416809,0.38362109661102295,-0.7677727937698364,0.8378778100013733,0.404658704996109,0.4065781831741333,-0.7329062223434448,0.9677714109420776,0.6140926480293274,0.36587321758270264,-0.8301380276679993,0.771675705909729,0.3973369300365448,0.37894341349601746,-0.7916743159294128,0.9467191100120544,0.6142459511756897,0.3548969626426697,-0.8051417469978333,0.7424085140228271,0.402313232421875,0.36377042531967163,-0.7801732420921326,0.9371380805969238,0.6100396513938904,0.35879725217819214,-0.766526460647583,0.6188041567802429,0.40714845061302185,0.36950546503067017,-0.735117495059967,0.8843196034431458,0.5533496141433716,0.6067147254943848,-0.0017581958090886474,0.9989868402481079,0.4664299488067627,0.6139440536499023,0.0019120160723105073,0.9995535016059875,0.625421404838562,0.6172072291374207,-0.6073859930038452,0.9937926530838013,0.3814204931259155,0.6188415288925171,-0.5846531987190247,0.9924612045288086,0.6017237305641174,0.8516637086868286,-0.2355811595916748,0.9826024174690247,0.4004361033439636,0.861327588558197,-0.2380298674106598,0.9955846071243286,0.5847423076629639,0.8847357034683228,-0.20971694588661194,0.9501497745513916,0.41663604974746704,0.9000381231307983,-0.21357925236225128,0.9820045232772827,0.6264263391494751,0.950744092464447,-0.39209625124931335,0.9731582403182983,0.3603120446205139,0.9455732703208923,-0.40607166290283203,0.9887894988059998
down,0.5115053057670593,0.16693176329135895,-0.44435563683509827,0.999945878982544,0.5185785889625549,0.14106479287147522,-0.4119192063808441,0.999904215335846,0.5231875777244568,0.14083632826805115,-0.41198039054870605,0.9999100565910339,0.5279083847999573,0.14066030085086823,-0.41212087869644165,0.9998358488082886,0.5018971562385559,0.1414002776145935,-0.4192541241645813,0.9999056458473206,0.49435123801231384,0.14133121073246002,-0.41936856508255005,0.9999276399612427,0.4875839352607727,0.14130449295043945,-0.4193797707557678,0.9998939037322998,0.5322617292404175,0.15125465393066406,-0.24243977665901184,0.9998510479927063,0.47551146149635315,0.15246599912643433,-0.2748643159866333,0.9999259114265442,0.5192656517028809,0.1973469853401184,-0.3828018307685852,0.9999730587005615,0.5006695985794067,0.19913840293884277,-0.3924158811569214,0.9999804496765137,0.5764284133911133,0.31469106674194336,-0.15813829004764557,0.998451292514801,0.42874637246131897,0.32461073994636536,-0.18303361535072327,0.9995980858802795,0.6120689511299133,0.5306575894355774,-0.3963775932788849,0.8786700963973999,0.40459054708480835,0.54518061876297,-0.3890589773654938,0.9635263681411743,0.6103574633598328,0.38484615087509155,-0.7467146515846252,0.8520606756210327,0.40466588735580444,0.4067727029323578,-0.7128484845161438,0.9677618145942688,0.6151770353317261,0.3675464987754822,-0.8077080845832825,0.7911803126335144,0.39727598428726196,0.37928542494773865,-0.7709087133407593,0.946992814540863,0.6146996021270752,0.355419784784317,-0.7852029800415039,0.7641255259513855,0.40208515524864197,0.3638511598110199,-0.7608057260513306,0.9378255009651184,0.6112642884254456,0.35932809114456177,-0.7462183833122253,0.6445810198783875,0.40716323256492615,0.36961355805397034,-0.7155262231826782,0.8861240148544312,0.5543597340583801,0.606555700302124,-0.0025332996156066656,0.9989745616912842,0.466787189245224,0.6145140528678894,0.00269358791410923,0.9995360374450684,0.6254841089248657,0.6166623830795288,-0.5931345224380493,0.9941701889038086,0.3818530738353729,0.6190291047096252,-0.5684374570846558,0.9926468729972839,0.6017120480537415,0.851238489151001,-0.2286810576915741,0.9831542372703552,0.4009002149105072,0.8613967299461365,-0.22759976983070374,0.9956002235412598,0.5847897529602051,0.8836406469345093,-0.20137743651866913,0.9481080174446106,0.4171273708343506,0.9001873731613159,-0.20260994136333466,0.9823510050773621,0.6257117986679077,0.9506807327270508,-0.38337525725364685,0.9733168482780457,0.36065390706062317,0.9457356929779053,-0.3923754096031189,0.9889037013053894
down,0.5112995505332947,0.1682635098695755,-0.42075061798095703,0.9999511241912842,0.5185197591781616,0.14234057068824768,-0.38823387026786804,0.9999136328697205,0.5231674313545227,0.14209096133708954,-0.3882891535758972,0.9999192357063293,0.5279038548469543,0.14195649325847626,-0.38842347264289856,0.9998536109924316,0.5017635226249695,0.14240258932113647,-0.39586031436920166,0.9999135732650757,0.4942808151245117,0.14212214946746826,-0.3959716856479645,0.999933660030365,0.4875440001487732,0.14189939200878143,-0.3959788680076599,0.9999028444290161,0.5323305130004883,0.152526393532753,-0.22038674354553223,0.9998670816421509,0.4755472242832184,0.15305301547050476,-0.25435832142829895,0.9999307990074158,0.5191841125488281,0.19881568849086761,-0.35985109210014343,0.9999756813049316,0.5004421472549438,0.20020239055156708,-0.37001824378967285,0.9999819397926331,0.5762245059013367,0.31445902585983276,-0.13905730843544006,0.9987170696258545,0.42891210317611694,0.32449695467948914,-0.16572986543178558,0.9996197819709778,0.6120011210441589,0.5269846320152283,-0.37147173285484314,0.8894912600517273,0.40479427576065063,0.5430682897567749,-0.36768898367881775,0.9631701707839966,0.6134728789329529,0.38572660088539124,-0.7129265069961548,0.8684095740318298,0.40442004799842834,0.4067551791667938,-0.6868555545806885,0.9683998823165894,0.6163225769996643,0.369620680809021,-0.7723255157470703,0.8109695315361023,0.3973834812641144,0.37915459275245667,-0.7440376281738281,0.9482100009918213,0.6154294013977051,0.3562435507774353,-0.7498876452445984,0.7859723567962646,0.4020884931087494,0.363715797662735,-0.7348855137825012,0.9395601153373718,0.612812876701355,0.3601329028606415,-0.7121579647064209,0.672347903251648,0.4071745276451111,0.3694404661655426,-0.6897948384284973,0.8898769021034241,0.5548585057258606,0.6060892939567566,-0.0027767254505306482,0.9990242719650269,0.46694216132164,0.614652693271637,0.0029417991172522306,0.9995474219322205,0.6254638433456421,0.6160601377487183,-0.5873602628707886,0.994658350944519,0.38250792026519775,0.6187200546264648,-0.5622749924659729,0.9929826259613037,0.6017035245895386,0.851109504699707,-0.23592138290405273,0.9839866757392883,0.4009762406349182,0.8615952134132385,-0.2339428961277008,0.9956902265548706,0.5848127603530884,0.883249044418335,-0.2096490114927292,0.9481493234634399,0.41711434721946716,0.9005915522575378,-0.21017606556415558,0.9828014969825745,0.6251699924468994,0.950680136680603,-0.3899534344673157,0.9742063283920288,0.3606591820716858,0.9461672306060791,-0.39803722500801086,0.989194393157959
down,0.5123200416564941,0.16934344172477722,-0.3928488492965698,0.9999492764472961,0.5191481709480286,0.14317686855793,-0.36049407720565796,0.9999127388000488,0.5238481760025024,0.14281398057937622,-0.36055436730384827,0.9999171495437622,0.5286370515823364,0.14259204268455505,-0.3606876730918884,0.9998530745506287,0.5027412176132202,0.14335070550441742,-0.36837777495384216,0.9999141097068787,0.4956447184085846,0.1429513543844223,-0.36848586797714233,0.9999336004257202,0.4887762665748596,0.14269405603408813,-0.3684994578361511,0.9999058842658997,0.5325586199760437,0.15361739695072174,-0.19677121937274933,0.9998603463172913,0.4761464595794678,0.15432208776474,-0.23160922527313232,0.9999306797981262,0.5202094912528992,0.19965803623199463,-0.3338375687599182,0.9999740123748779,0.5020720958709717,0.20068033039569855,-0.3442215919494629,0.9999811053276062,0.5759905576705933,0.3144843876361847,-0.11841639131307602,0.9986912608146667,0.4313115179538727,0.32433122396469116,-0.149357870221138,0.9996233582496643,0.6114332675933838,0.5220267176628113,-0.34785500168800354,0.8829683065414429,0.40479421615600586,0.5428959727287292,-0.34446051716804504,0.9629198312759399,0.6136614084243774,0.38835829496383667,-0.6834685802459717,0.8608678579330444,0.4036329686641693,0.4065815806388855,-0.6512362957000732,0.9698176980018616,0.616473376750946,0.3721385896205902,-0.7412452101707458,0.8015676140785217,0.3975219130516052,0.37939369678497314,-0.7068759799003601,0.9503737092018127,0.6156802177429199,0.3594540059566498,-0.7184915542602539,0.7755963802337646,0.40250134468078613,0.36328527331352234,-0.6979325413703918,0.9423857927322388,0.6128398180007935,0.3627924919128418,-0.6827590465545654,0.6621526479721069,0.4070678651332855,0.3692244589328766,-0.6539653539657593,0.895753800868988,0.5554434657096863,0.6064106225967407,-0.002624757355079055,0.998996376991272,0.4672730565071106,0.6149165034294128,0.002791426843032241,0.9995294809341431,0.6252252459526062,0.6156362891197205,-0.5689882636070251,0.9948301911354065,0.38299623131752014,0.617280125617981,-0.5485416650772095,0.9931209087371826,0.6017290353775024,0.8514932990074158,-0.24384412169456482,0.9843530058860779,0.4009121060371399,0.8619183301925659,-0.24268838763237,0.9956601858139038,0.5848445892333984,0.8841828107833862,-0.21993950009346008,0.9480129480361938,0.4169710576534271,0.9010531306266785,-0.22081689536571503,0.9828448295593262,0.625113844871521,0.9507014155387878,-0.3977453112602234,0.9746532440185547,0.36067384481430054,0.9464181661605835,-0.4054722785949707,0.9891998171806335
down,0.5127980709075928,0.1695583015680313,-0.40932148694992065,0.99995356798172,0.5198490023612976,0.1437799632549286,-0.3767217993736267,0.999920129776001,0.524682879447937,0.14343522489070892,-0.37677961587905884,0.9999241232872009,0.5296832919120789,0.14329738914966583,-0.37692156434059143,0.9998663067817688,0.5034194588661194,0.1438276767730713,-0.38383904099464417,0.9999217391014099,0.496532678604126,0.14339759945869446,-0.38394102454185486,0.9999395608901978,0.48973432183265686,0.14321783185005188,-0.38394588232040405,0.9999147057533264,0.5338695049285889,0.15545988082885742,-0.2105262577533722,0.999872088432312,0.47703105211257935,0.15578553080558777,-0.24121494591236115,0.9999358654022217,0.5208461284637451,0.19993966817855835,-0.3495371341705322,0.9999764561653137,0.5026012063026428,0.2006538361310959,-0.3587796092033386,0.9999828934669495,0.5766592025756836,0.3154882490634918,-0.13332629203796387,0.9988303184509277,0.4328554570674896,0.3242643475532532,-0.1595975160598755,0.9996376037597656,0.6139960289001465,0.5201712846755981,-0.36647897958755493,0.8973328471183777,0.4049946665763855,0.5427179336547852,-0.3638761341571808,0.965170681476593,0.6181473731994629,0.3921416699886322,-0.702102780342102,0.8776867985725403,0.4042840600013733,0.40667152404785156,-0.6873686909675598,0.9727066159248352,0.6188092827796936,0.37514686584472656,-0.7613859176635742,0.8202743530273438,0.39775389432907104,0.38034385442733765,-0.7459542155265808,0.9545543789863586,0.6172037720680237,0.3618926703929901,-0.7377344369888306,0.796286940574646,0.4033200144767761,0.36389926075935364,-0.7351599931716919,0.9473393559455872,0.6155346632003784,0.36535221338272095,-0.7006421685218811,0.6895769238471985,0.40783530473709106,0.36989665031433105,-0.6898807287216187,0.9045242667198181,0.5556127429008484,0.6065284609794617,-0.00248250225558877,0.9989966154098511,0.4674484133720398,0.614825963973999,0.002644160995259881,0.9995160102844238,0.6252201795578003,0.6156003475189209,-0.5792832374572754,0.9950191974639893,0.3830297291278839,0.6164692640304565,-0.5555729866027832,0.9932070374488831,0.6018859148025513,0.8516235947608948,-0.23923489451408386,0.9845845103263855,0.40051373839378357,0.8621069192886353,-0.23835177719593048,0.9955808520317078,0.5851591229438782,0.8847159743309021,-0.21345095336437225,0.9476427435874939,0.41660183668136597,0.9012473225593567,-0.21498587727546692,0.9824832677841187,0.6251019239425659,0.9507582783699036,-0.38960546255111694,0.9745532870292664,0.3606114983558655,0.9471507668495178,-0.3999202847480774,0.9889292120933533
down,0.5130545496940613,0.17287983000278473,-0.41266822814941406,0.999954104423523,0.5202820301055908,0.14780402183532715,-0.38072967529296875,0.9999215602874756,0.525140106678009,0.14727836847305298,-0.3807779848575592,0.9999256730079651,0.5302262902259827,0.1470569223165512,-0.38092368841171265,0.9998703598976135,0.5039880871772766,0.14768144488334656,-0.38606196641921997,0.9999223351478577,0.497249037027359,0.147116556763649,-0.38616007566452026,0.9999398589134216,0.49043264985084534,0.14709536731243134,-0.38617128133773804,0.9999150633811951,0.5348473191261292,0.15925198793411255,-0.21702392399311066,0.9998773336410522,0.47789615392684937,0.16039051115512848,-0.24055823683738708,0.9999355673789978,0.5210863351821899,0.2034885436296463,-0.35362982749938965,0.9999770522117615,0.5027588605880737,0.20361249148845673,-0.36077868938446045,0.9999828338623047,0.5781237483024597,0.3201833665370941,-0.13674695789813995,0.9988583922386169,0.43360409140586853,0.3251519203186035,-0.15729913115501404,0.9996223449707031,0.6158515810966492,0.5295270085334778,-0.37758684158325195,0.9061363935470581,0.4050716757774353,0.5423134565353394,-0.36159366369247437,0.9623786211013794,0.6175604462623596,0.39384299516677856,-0.7088435888290405,0.8803452849388123,0.4063350558280945,0.40838903188705444,-0.6714587807655334,0.9679669737815857,0.6177095770835876,0.37614351511001587,-0.7658652067184448,0.8199341893196106,0.4003404974937439,0.3818185031414032,-0.7269023060798645,0.9468507170677185,0.6171231269836426,0.362924188375473,-0.7394994497299194,0.795465886592865,0.40608686208724976,0.36654213070869446,-0.7157555818557739,0.9383753538131714,0.6139279007911682,0.36641454696655273,-0.7060261368751526,0.6874139308929443,0.4122927784919739,0.3727729916572571,-0.6736029386520386,0.8906353712081909,0.5556814670562744,0.6071383357048035,-0.0025152326561510563,0.9989711046218872,0.467398077249527,0.6150289177894592,0.002678962191566825,0.9994968771934509,0.6257135272026062,0.6152573823928833,-0.5708229541778564,0.995032548904419,0.3828337788581848,0.6162733435630798,-0.5439944863319397,0.9932493567466736,0.6018446087837219,0.8512471318244934,-0.23159503936767578,0.9845065474510193,0.40044164657592773,0.862231969833374,-0.22664868831634521,0.9955734610557556,0.5851818323135376,0.8840872645378113,-0.20571275055408478,0.9470574855804443,0.4165070950984955,0.9012966752052307,-0.20365062355995178,0.982279896736145,0.6250597238540649,0.9507039189338684,-0.38322368264198303,0.9740480780601501,0.36069342494010925,0.9474281072616577,-0.3886999487876892,0.9887146353721619
down,0.513673722743988,0.17327497899532318,-0.4180547595024109,0.9999513626098633,0.5208345055580139,0.14866815507411957,-0.3862327039241791,0.9999171495437622,0.525696873664856,0.14817525446414948,-0.3862820267677307,0.999921441078186,0.5307862758636475,0.14798137545585632,-0.38642704486846924,0.9998640418052673,0.504612386226654,0.14830851554870605,-0.3919979929924011,0.9999182820320129,0.49796614050865173,0.1476483941078186,-0.39209818840026855,0.9999366402626038,0.4911867082118988,0.1476152390241623,-0.3921066224575043,0.9999111890792847,0.5354682803153992,0.1600082814693451,-0.2230420559644699,0.9998716711997986,0.4786508083343506,0.16085582971572876,-0.24855804443359375,0.9999322295188904,0.521623969078064,0.20379363000392914,-0.3590756356716156,0.9999758005142212,0.5032792687416077,0.20389074087142944,-0.36669766902923584,0.999981701374054,0.5785632133483887,0.32087498903274536,-0.1420077532529831,0.998792290687561,0.4339958727359772,0.32654786109924316,-0.16619929671287537,0.9996024370193481,0.61636883020401,0.5314083099365234,-0.37829938530921936,0.9068731069564819,0.40516263246536255,0.543140172958374,-0.369937002658844,0.9600264430046082,0.6162562966346741,0.3977988064289093,-0.7108429074287415,0.8716354966163635,0.4069194197654724,0.4109833240509033,-0.6774463057518005,0.9636561870574951,0.6161695718765259,0.3766994774341583,-0.768744945526123,0.8062671422958374,0.40194234251976013,0.38364169001579285,-0.7331834435462952,0.9398769736289978,0.6165100932121277,0.3637564778327942,-0.7414833903312683,0.7800920009613037,0.40681952238082886,0.3676762878894806,-0.7207393050193787,0.9302284717559814,0.6122477054595947,0.3671269416809082,-0.7084709405899048,0.6676917672157288,0.41297346353530884,0.3731943368911743,-0.679153323173523,0.8777165412902832,0.555757462978363,0.6071350574493408,-0.002527679782360792,0.9989076256752014,0.4674408435821533,0.6147878766059875,0.002689230488613248,0.9994663000106812,0.6260915994644165,0.6151692867279053,-0.5729986429214478,0.9948501586914062,0.38245731592178345,0.6165497303009033,-0.5463617444038391,0.9931471347808838,0.6017414927482605,0.8508082628250122,-0.22970075905323029,0.9841219186782837,0.40047064423561096,0.862220823764801,-0.2254444807767868,0.9954715371131897,0.5851652026176453,0.8831361532211304,-0.2037765085697174,0.9455656409263611,0.416524738073349,0.9012322425842285,-0.2019549161195755,0.9817663431167603,0.6246140599250793,0.9503222107887268,-0.3813656270503998,0.973214864730835,0.3607707619667053,0.9470627903938293,-0.38660991191864014,0.9883103966712952
down,0.5140778422355652,0.17362788319587708,-0.43152040243148804,0.9999444484710693,0.5213696956634521,0.14891988039016724,-0.4002281129360199,0.9999033808708191,0.526253342628479,0.14843156933784485,-0.4002787470817566,0.9999088644981384,0.5313583612442017,0.14825254678726196,-0.40042638778686523,0.9998399615287781,0.5052292346954346,0.14843414723873138,-0.40630054473876953,0.9999070167541504,0.4986814856529236,0.14770755171775818,-0.40641188621520996,0.999928891658783,0.4919653832912445,0.147610604763031,-0.4064296782016754,0.9998999834060669,0.5360336303710938,0.1602785885334015,-0.23870651423931122,0.9998530745506287,0.47914665937423706,0.16072560846805573,-0.26503896713256836,0.9999259114265442,0.5218644142150879,0.20442667603492737,-0.37301382422447205,0.9999730587005615,0.5036338567733765,0.20423804223537445,-0.3809353709220886,0.9999796152114868,0.5795233249664307,0.32115891575813293,-0.15718674659729004,0.9986613988876343,0.43398183584213257,0.32922881841659546,-0.18191924691200256,0.9995916485786438,0.6175028085708618,0.5334113836288452,-0.3915204405784607,0.9074253439903259,0.40498417615890503,0.546328604221344,-0.38355517387390137,0.9586629867553711,0.6146554946899414,0.39870917797088623,-0.7210965156555176,0.8574037551879883,0.40758848190307617,0.4160274863243103,-0.691734790802002,0.9595857858657837,0.614513635635376,0.37682288885116577,-0.778934121131897,0.7860054969787598,0.4023311138153076,0.3864263892173767,-0.7480369806289673,0.9336734414100647,0.6143957376480103,0.36367204785346985,-0.7517778873443604,0.7571848034858704,0.40686020255088806,0.37029555439949036,-0.7360327243804932,0.9228421449661255,0.6102179288864136,0.3671000897884369,-0.7182257175445557,0.6381390690803528,0.4128383994102478,0.3759162127971649,-0.6935632824897766,0.8652278780937195,0.5560756921768188,0.6071379780769348,-0.0024444558657705784,0.998821496963501,0.4678341746330261,0.6147223711013794,0.0026031085290014744,0.9994383454322815,0.6263505220413208,0.6151352524757385,-0.5746932625770569,0.9944929480552673,0.38182583451271057,0.6180769801139832,-0.5494580268859863,0.9927189946174622,0.6015282869338989,0.850445032119751,-0.21973314881324768,0.9830671548843384,0.4004538059234619,0.8620980978012085,-0.21495357155799866,0.995180606842041,0.5850945711135864,0.8825119733810425,-0.1926966905593872,0.9429776072502136,0.41652926802635193,0.9009183049201965,-0.19048026204109192,0.9808101654052734,0.6243426203727722,0.9500640034675598,-0.36984488368034363,0.9712361693382263,0.36075252294540405,0.947021484375,-0.3753083646297455,0.9874072074890137
down,0.5141214728355408,0.173387348651886,-0.44212785363197327,0.9999412298202515,0.5215124487876892,0.14877577126026154,-0.4115161895751953,0.9998966455459595,0.526451051235199,0.14830677211284637,-0.41156840324401855,0.9999026656150818,0.5316112041473389,0.14812900125980377,-0.4117235243320465,0.9998273253440857,0.5052835941314697,0.1481674760580063,-0.4169352948665619,0.9999011158943176,0.49871817231178284,0.14736589789390564,-0.4170452654361725,0.999924898147583,0.49201956391334534,0.1471564769744873,-0.41706329584121704,0.9998937249183655,0.5364021062850952,0.16003042459487915,-0.24862715601921082,0.9998458027839661,0.4793422222137451,0.15979695320129395,-0.271907776594162,0.999923825263977,0.5219942331314087,0.20440101623535156,-0.38275963068008423,0.999972403049469,0.5034226179122925,0.20409508049488068,-0.38976556062698364,0.9999791979789734,0.5813397169113159,0.32121098041534424,-0.1628745198249817,0.9986085891723633,0.4339698255062103,0.3293369710445404,-0.18576864898204803,0.9995997548103333,0.6182211637496948,0.5334985852241516,-0.3999783396720886,0.9081225991249084,0.40547099709510803,0.5464720726013184,-0.3876610994338989,0.9575188755989075,0.6138464212417603,0.3977949321269989,-0.7360732555389404,0.848288357257843,0.40821409225463867,0.4175153076648712,-0.6989438533782959,0.956333339214325,0.6139715909957886,0.37637436389923096,-0.7952079772949219,0.7740612030029297,0.4024289548397064,0.3872467875480652,-0.7557675242424011,0.9290870428085327,0.6146763563156128,0.3634105324745178,-0.7691660523414612,0.7439336776733398,0.4068903923034668,0.3712538778781891,-0.7447118759155273,0.917517364025116,0.6096633076667786,0.3670359253883362,-0.7338570356369019,0.6210072040557861,0.41289836168289185,0.37755072116851807,-0.7011622786521912,0.8565165996551514,0.556465744972229,0.6071635484695435,-0.002348126145079732,0.9987931847572327,0.4679446816444397,0.6146491765975952,0.0025112652219831944,0.9994409084320068,0.6265808343887329,0.6148993968963623,-0.578199028968811,0.9944136142730713,0.3818991184234619,0.6182728409767151,-0.5552813410758972,0.9926902055740356,0.601445734500885,0.8502699732780457,-0.22065365314483643,0.9827181696891785,0.4004262089729309,0.8621736168861389,-0.21673671901226044,0.9951515197753906,0.5850785374641418,0.8822121620178223,-0.19364318251609802,0.9426513910293579,0.4164956510066986,0.9008859395980835,-0.19255991280078888,0.9806929230690002,0.6241826415061951,0.9500299096107483,-0.37144604325294495,0.9703492522239685,0.36086270213127136,0.9475760459899902,-0.37853187322616577,0.9871097803115845
down,0.5144882202148438,0.1719771772623062,-0.4383046627044678,0.9999441504478455,0.5218976140022278,0.14699959754943848,-0.40631598234176636,0.9999009966850281,0.5269745588302612,0.14651742577552795,-0.40636125206947327,0.9999069571495056,0.5321274995803833,0.14626160264015198,-0.4064960479736328,0.9998334050178528,0.5055460929870605,0.14691883325576782,-0.41215619444847107,0.9999052882194519,0.49894896149635315,0.14646095037460327,-0.412270724773407,0.9999284148216248,0.4921936094760895,0.14634355902671814,-0.412280797958374,0.9998979568481445,0.5368058085441589,0.15843167901039124,-0.24169635772705078,0.9998511672019958,0.47950810194015503,0.15900000929832458,-0.26711931824684143,0.999927282333374,0.5226007699966431,0.2032863050699234,-0.3787718415260315,0.9999732375144958,0.5039435625076294,0.20311003923416138,-0.38643959164619446,0.9999802112579346,0.5818175673484802,0.32060107588768005,-0.15851496160030365,0.9986274242401123,0.4340183138847351,0.3280748724937439,-0.18215391039848328,0.9996104836463928,0.6182307004928589,0.5330018997192383,-0.393619567155838,0.9075956344604492,0.40580683946609497,0.5464454293251038,-0.38534995913505554,0.9589617252349854,0.6143286824226379,0.3972315490245819,-0.7324212193489075,0.8517827987670898,0.40821924805641174,0.4176454246044159,-0.7009292840957642,0.9580395221710205,0.6173208951950073,0.37510553002357483,-0.7919909358024597,0.7795392870903015,0.4028845727443695,0.387767493724823,-0.7587246894836426,0.9314693212509155,0.615799605846405,0.362429141998291,-0.7678695321083069,0.7501717209815979,0.40681299567222595,0.37148767709732056,-0.7475895881652832,0.9203177094459534,0.6115931868553162,0.36634817719459534,-0.7310142517089844,0.6271474957466125,0.4125915467739105,0.3777819275856018,-0.7029997110366821,0.8602571487426758,0.5566918253898621,0.6072304844856262,-0.0023536800872534513,0.9988149404525757,0.4680357873439789,0.6144837141036987,0.0025150012224912643,0.9994564056396484,0.6268075108528137,0.6154981255531311,-0.5906346440315247,0.9944199919700623,0.3823580741882324,0.618274450302124,-0.5677451491355896,0.9928175806999207,0.6014123558998108,0.8501124978065491,-0.22831161320209503,0.9825983643531799,0.400441974401474,0.862215518951416,-0.22784189879894257,0.9952177405357361,0.5850649476051331,0.8820635676383972,-0.20069071650505066,0.942764937877655,0.4165000021457672,0.9009608030319214,-0.20329448580741882,0.980891227722168,0.624172568321228,0.9499943852424622,-0.38088494539260864,0.9702637195587158,0.3607187867164612,0.9476358294487,-0.39294272661209106,0.987247884273529
down,0.514558732509613,0.1681370586156845,-0.41009649634361267,0.9999364018440247,0.5220040678977966,0.14438126981258392,-0.37861788272857666,0.9998844265937805,0.5271812081336975,0.1439967304468155,-0.3786623775959015,0.9998888373374939,0.5323447585105896,0.14367367327213287,-0.37878918647766113,0.9998006820678711,0.5055428147315979,0.14453357458114624,-0.38480523228645325,0.9998966455459595,0.49888330698013306,0.14450527727603912,-0.3849221169948578,0.9999227523803711,0.49211573600769043,0.144460067152977,-0.3849385976791382,0.9998936057090759,0.5371293425559998,0.15549005568027496,-0.21816988289356232,0.9998109340667725,0.47951239347457886,0.1568041890859604,-0.24495427310466766,0.9999222755432129,0.5229610204696655,0.19988712668418884,-0.35235896706581116,0.9999678730964661,0.5040411353111267,0.19992677867412567,-0.36039409041404724,0.9999779462814331,0.5797945261001587,0.3177846372127533,-0.1412791907787323,0.9981541633605957,0.4341306686401367,0.32702377438545227,-0.16586700081825256,0.9996097087860107,0.6165214776992798,0.5110402703285217,-0.3710106313228607,0.8897648453712463,0.4069878160953522,0.5452792048454285,-0.3619236350059509,0.9609373807907104,0.6115168333053589,0.3973234295845032,-0.7010076642036438,0.817596435546875,0.408358097076416,0.4149749279022217,-0.6660444736480713,0.9610805511474609,0.6145870089530945,0.3741237223148346,-0.7589107155799866,0.7419735789299011,0.40347370505332947,0.3870975077152252,-0.7224485874176025,0.9359179139137268,0.6130535006523132,0.362204372882843,-0.7349100708961487,0.7098435163497925,0.4070661664009094,0.3697367012500763,-0.7120879888534546,0.9256089329719543,0.6088649034500122,0.36647215485572815,-0.6996214389801025,0.5852484703063965,0.41274070739746094,0.3760795295238495,-0.668084979057312,0.8693815469741821,0.5570480227470398,0.6070569753646851,-0.002630278468132019,0.9986579418182373,0.4685875475406647,0.614246666431427,0.0027778740040957928,0.9994190335273743,0.6267040371894836,0.6166110038757324,-0.5638046860694885,0.9940847754478455,0.3828756511211395,0.6184436082839966,-0.5428889989852905,0.9927314519882202,0.601427435874939,0.8504554629325867,-0.21774914860725403,0.9821038246154785,0.400400310754776,0.8626657128334045,-0.21875974535942078,0.9951332807540894,0.5851489901542664,0.8827908635139465,-0.19082403182983398,0.9402846097946167,0.41637903451919556,0.9015070796012878,-0.19560514390468597,0.9806269407272339,0.6242035627365112,0.9500023722648621,-0.36701080203056335,0.9693909287452698,0.3603391945362091,0.9481267333030701,-0.37982723116874695,0.9869393110275269
down,0.5149118900299072,0.16756479442119598,-0.39802831411361694,0.9999364614486694,0.5224094986915588,0.14383409917354584,-0.3665550947189331,0.9998816251754761,0.5276623964309692,0.1435333788394928,-0.36660414934158325,0.9998859167098999,0.5327876210212708,0.14331761002540588,-0.3667256236076355,0.9997936487197876,0.5059559941291809,0.14378871023654938,-0.3737161159515381,0.999897301197052,0.49936237931251526,0.1438116431236267,-0.37382858991622925,0.9999241232872009,0.49246183037757874,0.14376777410507202,-0.3738388419151306,0.999896764755249,0.5378445386886597,0.15538515150547028,-0.2064325511455536,0.9997954368591309,0.4795519709587097,0.15586930513381958,-0.23796077072620392,0.9999226331710815,0.5232067704200745,0.19979722797870636,-0.3403667211532593,0.9999666213989258,0.5042136907577515,0.1994907557964325,-0.3498111665248871,0.9999781250953674,0.5789036750793457,0.31755155324935913,-0.1303957998752594,0.9981002807617188,0.43404707312583923,0.32628223299980164,-0.15805073082447052,0.9996373653411865,0.6157357096672058,0.5112841129302979,-0.3559204041957855,0.8863159418106079,0.40711817145347595,0.544879674911499,-0.349152535200119,0.9644784927368164,0.6094355583190918,0.3964080810546875,-0.6872943043708801,0.8220854997634888,0.4078129231929779,0.41470691561698914,-0.6543763279914856,0.9668847918510437,0.6128461956977844,0.3728844225406647,-0.7456456422805786,0.7493262887001038,0.40142831206321716,0.38669726252555847,-0.7111865282058716,0.9451117515563965,0.610887885093689,0.3615957796573639,-0.7232286930084229,0.7179440259933472,0.40557757019996643,0.36926090717315674,-0.7023460865020752,0.9365110993385315,0.6029802560806274,0.3648551404476166,-0.6865764856338501,0.595361053943634,0.4108225405216217,0.3760671317577362,-0.6570361852645874,0.8873754143714905,0.5564815402030945,0.6069736480712891,-0.0021752039901912212,0.9986557364463806,0.4679909646511078,0.6139588952064514,0.0023319851607084274,0.9994203448295593,0.6262223720550537,0.6166819930076599,-0.5637072920799255,0.9944247007369995,0.3841574788093567,0.6180893182754517,-0.5520829558372498,0.9930754899978638,0.6015413403511047,0.8514809608459473,-0.23675838112831116,0.9830083250999451,0.40034765005111694,0.8628140091896057,-0.24088695645332336,0.9951886534690857,0.58521568775177,0.8852105140686035,-0.21277053654193878,0.9417006969451904,0.4161812365055084,0.9015747904777527,-0.21870708465576172,0.9806168079376221,0.6244381070137024,0.9502288699150085,-0.3914598524570465,0.9710497260093689,0.3604035973548889,0.9489135146141052,-0.4058944582939148,0.9872071743011475
down,0.5157934427261353,0.16759811341762543,-0.39369115233421326,0.9999412298202515,0.5231688618659973,0.1437232792377472,-0.36105361580848694,0.9998913407325745,0.5284228324890137,0.1434469223022461,-0.3611094355583191,0.9998956918716431,0.5333679914474487,0.143296480178833,-0.36122652888298035,0.9998106956481934,0.5067732334136963,0.14357887208461761,-0.3694547116756439,0.9999049305915833,0.5001854300498962,0.1435556262731552,-0.36957675218582153,0.9999299645423889,0.4930749535560608,0.1434970498085022,-0.36958473920822144,0.9999046325683594,0.5382524728775024,0.1555403172969818,-0.19530624151229858,0.9998077154159546,0.4796338677406311,0.15570063889026642,-0.23325034976005554,0.9999271035194397,0.5236696004867554,0.19994069635868073,-0.33402615785598755,0.9999678134918213,0.5050723552703857,0.1996069848537445,-0.3452931046485901,0.9999793171882629,0.578520655632019,0.31809279322624207,-0.11661797761917114,0.9981452226638794,0.4337397515773773,0.32626304030418396,-0.15018442273139954,0.9996431469917297,0.6137923002243042,0.5101810693740845,-0.3417188227176666,0.8745893239974976,0.40714940428733826,0.5444846153259277,-0.3378753364086151,0.9647789001464844,0.6096431612968445,0.396771103143692,-0.682569146156311,0.8246819376945496,0.40794873237609863,0.4147411286830902,-0.6439309120178223,0.9690331220626831,0.6140185594558716,0.3730640113353729,-0.7417444586753845,0.7576762437820435,0.4012756943702698,0.3865464925765991,-0.7005537152290344,0.9490084052085876,0.6137412786483765,0.3620704114437103,-0.7216492891311646,0.7284048199653625,0.40544238686561584,0.36975130438804626,-0.6934999823570251,0.9414838552474976,0.6081801056861877,0.36605003476142883,-0.6829958558082581,0.6081930994987488,0.4104536473751068,0.3767496645450592,-0.6472132205963135,0.8956667184829712,0.5563209652900696,0.6076033711433411,-0.0020794037263840437,0.9987025856971741,0.4679126739501953,0.614762544631958,0.002244953066110611,0.999428927898407,0.6260270476341248,0.6165977120399475,-0.5716389417648315,0.9948175549507141,0.384689062833786,0.6167203783988953,-0.5602057576179504,0.9934900403022766,0.6016473174095154,0.852148175239563,-0.24322393536567688,0.984008252620697,0.4002816081047058,0.8632844090461731,-0.2485446035861969,0.9953486323356628,0.5852763652801514,0.8862979412078857,-0.2191377878189087,0.9441339373588562,0.4160410761833191,0.9020823240280151,-0.22656412422657013,0.9811447858810425,0.6245422959327698,0.9503325819969177,-0.39997321367263794,0.9729505777359009,0.36056429147720337,0.9491685628890991,-0.4169546961784363,0.9877966642379761
down,0.5159106850624084,0.16763301193714142,-0.3967393636703491,0.9999462366104126,0.5233046412467957,0.14374473690986633,-0.363872230052948,0.999901294708252,0.5285117030143738,0.1434774547815323,-0.3639290928840637,0.9999050498008728,0.5334025621414185,0.14336422085762024,-0.3640629053115845,0.9998288154602051,0.5068437457084656,0.14355863630771637,-0.3713969886302948,0.9999129772186279,0.5002075433731079,0.14349864423274994,-0.371491402387619,0.9999355673789978,0.4930895268917084,0.14341683685779572,-0.37148812413215637,0.9999120235443115,0.5381096601486206,0.15579262375831604,-0.20207133889198303,0.9998257160186768,0.47971802949905396,0.15588435530662537,-0.23571458458900452,0.9999319314956665,0.523768424987793,0.200007826089859,-0.3390112817287445,0.9999713897705078,0.5050782561302185,0.19951429963111877,-0.3489709496498108,0.9999813437461853,0.5776384472846985,0.3179122805595398,-0.12800544500350952,0.9983142614364624,0.43363046646118164,0.3262559771537781,-0.15808045864105225,0.9996578693389893,0.6151348352432251,0.5256142616271973,-0.3590499758720398,0.882082998752594,0.4071057438850403,0.5445569753646851,-0.35849729180336,0.9655909538269043,0.6147609353065491,0.398423969745636,-0.6890593767166138,0.8366060853004456,0.4078178405761719,0.4149456322193146,-0.6711146831512451,0.9711295962333679,0.6160645484924316,0.3749694526195526,-0.7478801012039185,0.7712699770927429,0.4011751711368561,0.38703224062919617,-0.7288485169410706,0.9527118802070618,0.6152196526527405,0.3628484606742859,-0.7234800457954407,0.7432641386985779,0.4053375720977783,0.37052252888679504,-0.7193751931190491,0.9458580017089844,0.611213207244873,0.3671828806400299,-0.6872069239616394,0.6269298791885376,0.4100273549556732,0.3771328926086426,-0.6739925146102905,0.902865469455719,0.5562933087348938,0.6089668273925781,-0.0015314099146053195,0.998794674873352,0.46772170066833496,0.6163256168365479,0.0016999725485220551,0.9994576573371887,0.6261523962020874,0.6168577671051025,-0.5768993496894836,0.9950650930404663,0.3847309648990631,0.6165993809700012,-0.560258150100708,0.9935986399650574,0.6016556620597839,0.8529432415962219,-0.24059417843818665,0.9845622777938843,0.4003099501132965,0.8638474345207214,-0.24344077706336975,0.99543297290802,0.5852745175361633,0.8875977396965027,-0.2148541510105133,0.9459552764892578,0.41603273153305054,0.9028960466384888,-0.22011685371398926,0.9812307357788086,0.624615490436554,0.9504223465919495,-0.39377421140670776,0.9741303324699402,0.3606986701488495,0.9492299556732178,-0.4081645607948303,0.9881697297096252
down,0.5156980156898499,0.16742682456970215,-0.40075111389160156,0.9999499917030334,0.5232242345809937,0.14369559288024902,-0.3674222528934479,0.9999099373817444,0.5284422636032104,0.1434290111064911,-0.36748018860816956,0.9999140501022339,0.5333560705184937,0.1433117687702179,-0.3676096796989441,0.9998459219932556,0.5066257119178772,0.1435430347919464,-0.37451404333114624,0.9999181628227234,0.4998819828033447,0.14349396526813507,-0.3746196925640106,0.9999389052391052,0.4928353428840637,0.14342007040977478,-0.3746240437030792,0.9999146461486816,0.5380738973617554,0.15572968125343323,-0.2042933702468872,0.999845027923584,0.4797436594963074,0.15603096783161163,-0.23643465340137482,0.9999332427978516,0.523741602897644,0.19995665550231934,-0.34271711111068726,0.9999737739562988,0.5048329830169678,0.19933469593524933,-0.3522335886955261,0.9999821782112122,0.578669548034668,0.3200206160545349,-0.1292210817337036,0.9984867572784424,0.4330340325832367,0.32774433493614197,-0.15952755510807037,0.9996549487113953,0.6164602041244507,0.5302524566650391,-0.36206769943237305,0.8926215171813965,0.40701207518577576,0.5459721684455872,-0.35961049795150757,0.9652194380760193,0.6168680191040039,0.3977457582950592,-0.6937288045883179,0.8587072491645813,0.4077466130256653,0.4151536822319031,-0.6720294952392578,0.9719396829605103,0.6192914843559265,0.37589457631111145,-0.7517465353012085,0.7966797351837158,0.40110665559768677,0.38719525933265686,-0.7290264368057251,0.9540612697601318,0.617703378200531,0.36327624320983887,-0.7273507714271545,0.7706048488616943,0.4053088128566742,0.37097641825675964,-0.7194480895996094,0.9472763538360596,0.6148843169212341,0.3678177297115326,-0.6919702291488647,0.6590219140052795,0.40998387336730957,0.37728580832481384,-0.6747742891311646,0.9047570824623108,0.5563254356384277,0.6107288599014282,-0.0009291722672060132,0.9989581108093262,0.4677220284938812,0.6174271106719971,0.0010834252461791039,0.9995124340057373,0.6263328194618225,0.6170515418052673,-0.5805802941322327,0.9951633810997009,0.3840101361274719,0.6166651844978333,-0.5584611892700195,0.9935081601142883,0.6014309525489807,0.8542520403862,-0.24411161243915558,0.9845331907272339,0.4006800055503845,0.8640232682228088,-0.2404424250125885,0.9954090714454651,0.585064172744751,0.8898038864135742,-0.21891999244689941,0.9472793340682983,0.41646116971969604,0.9032583236694336,-0.21748051047325134,0.9811055064201355,0.6248907446861267,0.9504302740097046,-0.3984021544456482,0.9745258092880249,0.36071717739105225,0.9491965174674988,-0.40583252906799316,0.9883381724357605
down,0.5156508684158325,0.16774557530879974,-0.39627236127853394,0.9999570846557617,0.5231955051422119,0.14371709525585175,-0.36307650804519653,0.9999237060546875,0.5284144282341003,0.1434517800807953,-0.36313357949256897,0.9999278783798218,0.5333472490310669,0.14334139227867126,-0.36326393485069275,0.999871015548706,0.506573498249054,0.14360162615776062,-0.37042397260665894,0.9999291300773621,0.49980559945106506,0.14356344938278198,-0.3705255389213562,0.9999467730522156,0.49277615547180176,0.14348949491977692,-0.37052544951438904,0.9999244213104248,0.5380249619483948,0.15579195320606232,-0.1967339664697647,0.9998720288276672,0.4797702431678772,0.15602560341358185,-0.22987087070941925,0.9999406933784485,0.5237330198287964,0.20062342286109924,-0.3365188241004944,0.9999779462814331,0.5048561096191406,0.20005245506763458,-0.3464219272136688,0.9999845027923584,0.5789318680763245,0.3206306993961334,-0.12003283202648163,0.9987480640411377,0.4329836368560791,0.3275618255138397,-0.14523860812187195,0.9996760487556458,0.6167168021202087,0.5317550301551819,-0.35144105553627014,0.9058187007904053,0.4062676429748535,0.5452715754508972,-0.34309110045433044,0.9659770131111145,0.6171764135360718,0.39834898710250854,-0.6910961270332336,0.8811012506484985,0.40685972571372986,0.4147736430168152,-0.6671735048294067,0.9730417728424072,0.6202556490898132,0.37739646434783936,-0.7509345412254333,0.8244650363922119,0.4007245600223541,0.38690465688705444,-0.7258607745170593,0.955861508846283,0.618544340133667,0.36421144008636475,-0.7293528318405151,0.800918459892273,0.40507644414901733,0.3708323538303375,-0.7179668545722961,0.9492747187614441,0.6156827211380005,0.3687475025653839,-0.6905941963195801,0.6962733268737793,0.4094904363155365,0.37741851806640625,-0.6710973978042603,0.9078858494758606,0.5564315915107727,0.6112464070320129,-0.0015841260319575667,0.9990789294242859,0.467632532119751,0.6176245212554932,0.0017585756722837687,0.9995546340942383,0.6256795525550842,0.6167725920677185,-0.588793158531189,0.995476245880127,0.38322824239730835,0.616663932800293,-0.5634779334068298,0.993811309337616,0.6013020277023315,0.8545025587081909,-0.264693945646286,0.9851965308189392,0.4006725251674652,0.8639295101165771,-0.26029321551322937,0.9955594539642334,0.5850046873092651,0.8901236653327942,-0.2411140501499176,0.9495866894721985,0.41683316230773926,0.9033227562904358,-0.23914504051208496,0.9817612767219543,0.6249228119850159,0.9503924250602722,-0.42423009872436523,0.9757108688354492,0.3606334328651428,0.9489890933036804,-0.42887958884239197,0.9888166189193726
down,0.5155627131462097,0.16792456805706024,-0.38859230279922485,0.9999613761901855,0.5230348706245422,0.14371314644813538,-0.3558114469051361,0.9999321103096008,0.5282127261161804,0.14343871176242828,-0.3558630049228668,0.9999363422393799,0.5331815481185913,0.14330634474754333,-0.35598987340927124,0.9998865723609924,0.5064677000045776,0.14361771941184998,-0.36296704411506653,0.9999354481697083,0.4997095465660095,0.14358334243297577,-0.3630658984184265,0.9999513626098633,0.49272316694259644,0.1435023844242096,-0.3630658984184265,0.9999305605888367,0.537509024143219,0.15544511377811432,-0.19001135230064392,0.9998884797096252,0.4797763228416443,0.155887171626091,-0.22189469635486603,0.9999451041221619,0.5236749649047852,0.20075681805610657,-0.3288209140300751,0.9999803304672241,0.5048516988754272,0.2002992033958435,-0.338411808013916,0.9999857544898987,0.5783149003982544,0.31822067499160767,-0.11233540624380112,0.9989398717880249,0.4334094524383545,0.3240671157836914,-0.13626109063625336,0.9996848106384277,0.6162821054458618,0.5185522437095642,-0.3386688232421875,0.9148073196411133,0.40521055459976196,0.5425498485565186,-0.3296816051006317,0.9667301177978516,0.6178040504455566,0.39866185188293457,-0.6778768301010132,0.8967494964599609,0.4056393504142761,0.41220471262931824,-0.6509989500045776,0.9743936061859131,0.6209650635719299,0.3782792389392853,-0.7374436855316162,0.8446840047836304,0.40041589736938477,0.38447409868240356,-0.7095654606819153,0.9580045342445374,0.6191944479942322,0.3646819591522217,-0.717716634273529,0.8235106468200684,0.404954195022583,0.3672308921813965,-0.7024441957473755,0.9517964720726013,0.616280198097229,0.3692450523376465,-0.677868127822876,0.7257962822914124,0.4090801775455475,0.37421146035194397,-0.6548284292221069,0.9123169183731079,0.5566493272781372,0.6102042198181152,-0.0026746068615466356,0.9991112351417542,0.46766167879104614,0.617113471031189,0.0028685848228633404,0.999558687210083,0.6249263286590576,0.6164325475692749,-0.5898240804672241,0.9957208633422852,0.38292983174324036,0.6167582273483276,-0.5639260411262512,0.9941675066947937,0.6012700200080872,0.8545520305633545,-0.2642676830291748,0.9857951998710632,0.4005667269229889,0.8631799221038818,-0.2607814073562622,0.9957268834114075,0.5850011110305786,0.8901585936546326,-0.24056819081306458,0.951119601726532,0.4168895184993744,0.9028900265693665,-0.23940017819404602,0.9825193285942078,0.6249595880508423,0.9503878355026245,-0.423806369304657,0.9765594601631165,0.36054497957229614,0.9485118389129639,-0.4258233606815338,0.9892462491989136
down,0.515581488609314,0.16727988421916962,-0.38337796926498413,0.9999642372131348,0.5229800939559937,0.1433381885290146,-0.35018977522850037,0.9999371767044067,0.5281119346618652,0.14305615425109863,-0.35024136304855347,0.9999412894248962,0.5330776572227478,0.14290665090084076,-0.3503653407096863,0.999895453453064,0.506503701210022,0.14306074380874634,-0.3576851487159729,0.9999398589134216,0.4997633099555969,0.14294523000717163,-0.35778433084487915,0.9999547600746155,0.492753267288208,0.14270354807376862,-0.3577859699726105,0.9999354481697083,0.5372903943061829,0.15424735844135284,-0.1858994960784912,0.9998980760574341,0.4798274040222168,0.15468430519104004,-0.21880003809928894,0.9999488592147827,0.5236307382583618,0.19952180981636047,-0.32447078824043274,0.9999819397926331,0.5050095319747925,0.19884559512138367,-0.33435335755348206,0.9999867081642151,0.5774690508842468,0.31511589884757996,-0.11251647770404816,0.9990583062171936,0.43373069167137146,0.3217954933643341,-0.135825976729393,0.9996981024742126,0.6161782741546631,0.5119645595550537,-0.34098678827285767,0.9210479259490967,0.40381574630737305,0.5407664179801941,-0.3301452100276947,0.9683547019958496,0.6185435056686401,0.3989054262638092,-0.6796361207962036,0.9049597978591919,0.40507784485816956,0.40965673327445984,-0.6496032476425171,0.9763121008872986,0.6201596260070801,0.37849748134613037,-0.7395032644271851,0.8555670380592346,0.4003489017486572,0.38314637541770935,-0.7087823152542114,0.9610217213630676,0.6183868050575256,0.36476394534111023,-0.7188718914985657,0.8356131911277771,0.404934823513031,0.3641971945762634,-0.7011169195175171,0.9552763104438782,0.6144120693206787,0.3693157136440277,-0.6793893575668335,0.7418944835662842,0.40899911522865295,0.3706378638744354,-0.6531112194061279,0.9182267189025879,0.5568392872810364,0.6090143322944641,-0.0034324899315834045,0.999135434627533,0.4678022861480713,0.6158758401870728,0.003616059198975563,0.9995654225349426,0.6247998476028442,0.6160891056060791,-0.5888378024101257,0.9958992004394531,0.38288071751594543,0.6169240474700928,-0.5558879375457764,0.9943981766700745,0.601279079914093,0.8548128008842468,-0.26403728127479553,0.986356794834137,0.40046969056129456,0.8628761172294617,-0.25335654616355896,0.9958751797676086,0.5849869847297668,0.890509307384491,-0.2406395673751831,0.9521938562393188,0.41688695549964905,0.9028017520904541,-0.23120157420635223,0.9831380248069763,0.6250070333480835,0.950370192527771,-0.4218072295188904,0.9772579073905945,0.3602282404899597,0.9478549361228943,-0.4164552688598633,0.9896121025085449
down,0.5160833597183228,0.16566875576972961,-0.3830742835998535,0.999966561794281,0.5233482718467712,0.1421324461698532,-0.34975147247314453,0.9999412894248962,0.528512716293335,0.14173883199691772,-0.3498052954673767,0.9999449253082275,0.5333718061447144,0.1416717916727066,-0.34992820024490356,0.999902069568634,0.5068880319595337,0.1418546587228775,-0.35765111446380615,0.9999448657035828,0.5003238916397095,0.14161564409732819,-0.3577554225921631,0.9999586343765259,0.49318116903305054,0.14132685959339142,-0.3577549457550049,0.9999414682388306,0.5373759269714355,0.1524202674627304,-0.18440423905849457,0.9999040961265564,0.4799107611179352,0.15326519310474396,-0.22074362635612488,0.99995356798172,0.52391517162323,0.19780531525611877,-0.32379525899887085,0.9999828934669495,0.5058432817459106,0.1971660554409027,-0.3342627286911011,0.9999876022338867,0.5768250226974487,0.3139277696609497,-0.1102227121591568,0.999099850654602,0.43376582860946655,0.32078343629837036,-0.13766542077064514,0.9997143745422363,0.6160886287689209,0.5116901397705078,-0.3393588364124298,0.9204035997390747,0.4035104811191559,0.5403611660003662,-0.32995614409446716,0.9691690802574158,0.6170534491539001,0.39886805415153503,-0.6784533858299255,0.9013932347297668,0.4050360321998596,0.4097324013710022,-0.6473010778427124,0.9775475859642029,0.617188572883606,0.37819933891296387,-0.7378935217857361,0.8513441681861877,0.40013712644577026,0.38196060061454773,-0.7061993479728699,0.9632033705711365,0.6160691380500793,0.36471325159072876,-0.7162573933601379,0.8305630683898926,0.40452808141708374,0.363089919090271,-0.6989629864692688,0.9578418135643005,0.6115036606788635,0.36904826760292053,-0.6780074834823608,0.7350307703018188,0.4087408185005188,0.3699061870574951,-0.6509546637535095,0.922516942024231,0.5565828084945679,0.6084612011909485,-0.004138103220611811,0.9991471171379089,0.4675781726837158,0.6151250004768372,0.0043167308904230595,0.9995722770690918,0.6248430013656616,0.6158029437065125,-0.5893114805221558,0.9960262775421143,0.3828394412994385,0.6169719099998474,-0.5597647428512573,0.9946183562278748,0.6014611124992371,0.8552685379981995,-0.27195051312446594,0.9868850708007812,0.400444895029068,0.8627969622612,-0.2606925666332245,0.9960149526596069,0.5851059556007385,0.8909949660301208,-0.2485322654247284,0.9531123638153076,0.4169042110443115,0.9034433364868164,-0.23962955176830292,0.9837983846664429,0.6248964667320251,0.9503633379936218,-0.4305473864078522,0.9780978560447693,0.3596750795841217,0.9473624229431152,-0.42657241225242615,0.9900175929069519
down,0.5160971283912659,0.1600717008113861,-0.4027564525604248,0.9999646544456482,0.5233994722366333,0.13824665546417236,-0.36914825439453125,0.9999372363090515,0.5286000967025757,0.1379086822271347,-0.3692028820514679,0.9999416470527649,0.533467173576355,0.13805915415287018,-0.3693254590034485,0.9998958706855774,0.50689297914505,0.13761785626411438,-0.37591642141342163,0.9999400973320007,0.5003744959831238,0.13728168606758118,-0.3760247230529785,0.9999553561210632,0.4932113587856293,0.13726294040679932,-0.37603288888931274,0.9999366402626038,0.5378912687301636,0.14845269918441772,-0.20344698429107666,0.9998986124992371,0.4800659716129303,0.15043267607688904,-0.23361201584339142,0.99994957447052,0.523906409740448,0.19210900366306305,-0.34360307455062866,0.9999821782112122,0.5057922601699829,0.19146908819675446,-0.3526688814163208,0.999987006187439,0.5782973766326904,0.3155776858329773,-0.1273259073495865,0.9990888237953186,0.43381667137145996,0.31911882758140564,-0.15063151717185974,0.9997088313102722,0.61647629737854,0.5269926190376282,-0.3606605529785156,0.9211443066596985,0.4032217562198639,0.5355504155158997,-0.3487803637981415,0.9697567820549011,0.6160373091697693,0.3986413776874542,-0.7064820528030396,0.9051340818405151,0.40418750047683716,0.4108560383319855,-0.6727293729782104,0.9779636859893799,0.6183717250823975,0.37676429748535156,-0.7674566507339478,0.856854259967804,0.3992367684841156,0.38213929533958435,-0.7322283983230591,0.9638855457305908,0.6173003911972046,0.3640790581703186,-0.7464457154273987,0.8371170163154602,0.4032164514064789,0.36332112550735474,-0.72398841381073,0.9586846828460693,0.6132477521896362,0.36852914094924927,-0.7064259648323059,0.7419906854629517,0.4072135090827942,0.3701916038990021,-0.676267147064209,0.9237290620803833,0.5555890798568726,0.6075444221496582,-0.003444237634539604,0.9991547465324402,0.4670867919921875,0.6128020882606506,0.0036095515824854374,0.9995758533477783,0.6249886155128479,0.6158234477043152,-0.5946182012557983,0.9959726333618164,0.38256022334098816,0.6170830726623535,-0.5707104802131653,0.9946520924568176,0.6015180945396423,0.8550888895988464,-0.24999959766864777,0.9868142008781433,0.4003163278102875,0.8618424534797668,-0.24834708869457245,0.996006190776825,0.5851252675056458,0.8902938961982727,-0.22424617409706116,0.9521031975746155,0.4167718291282654,0.9028235673904419,-0.22512972354888916,0.983512818813324,0.6249622106552124,0.9497285485267639,-0.408229261636734,0.9779165983200073,0.359657347202301,0.9471043348312378,-0.41510987281799316,0.9899938702583313
down,0.5165184140205383,0.1576666682958603,-0.42147666215896606,0.9999622702598572,0.5237693190574646,0.13621151447296143,-0.3875371813774109,0.9999338388442993,0.528985321521759,0.13596415519714355,-0.38758984208106995,0.9999389052391052,0.5338163375854492,0.13621805608272552,-0.38770973682403564,0.9998903870582581,0.5070534348487854,0.1355862319469452,-0.39484018087387085,0.9999346137046814,0.500654399394989,0.13521245121955872,-0.39494797587394714,0.9999511241912842,0.4934322237968445,0.13534773886203766,-0.3949514627456665,0.9999297261238098,0.5383449792861938,0.14674271643161774,-0.2195940762758255,0.9998926520347595,0.4805108904838562,0.1486814171075821,-0.25266796350479126,0.9999445080757141,0.5242983102798462,0.1898309886455536,-0.3616209030151367,0.9999813437461853,0.5060896277427673,0.18904215097427368,-0.3714701235294342,0.9999864101409912,0.5789245367050171,0.31837600469589233,-0.14354655146598816,0.999026894569397,0.43360891938209534,0.3195823132991791,-0.17055267095565796,0.999678373336792,0.6171231865882874,0.5318289995193481,-0.38264673948287964,0.914456307888031,0.40273135900497437,0.5351804494857788,-0.37598055601119995,0.9691992402076721,0.6149937510490417,0.3977887034416199,-0.7333193421363831,0.904704213142395,0.4060935378074646,0.4099363684654236,-0.697870135307312,0.9757588505744934,0.6195101141929626,0.3757300078868866,-0.7955140471458435,0.8567352890968323,0.4010961651802063,0.37793728709220886,-0.7571751475334167,0.9599253535270691,0.6187870502471924,0.3637028634548187,-0.7736204266548157,0.8376162648200989,0.40491193532943726,0.3625383973121643,-0.7470871806144714,0.9540004134178162,0.6147738695144653,0.3681783080101013,-0.7332410216331482,0.7402382493019104,0.4093099534511566,0.37013816833496094,-0.7005718946456909,0.9153122305870056,0.5540392398834229,0.6071463823318481,-0.0017494263593107462,0.999179482460022,0.46673697233200073,0.6122148036956787,0.0018827676540240645,0.9995836019515991,0.6249814033508301,0.6164865493774414,-0.5982390642166138,0.9956982731819153,0.3825584650039673,0.6174124479293823,-0.5780352354049683,0.994385838508606,0.6015022993087769,0.8545600175857544,-0.23827490210533142,0.9864879846572876,0.4001590609550476,0.8614029884338379,-0.2392086535692215,0.9959604740142822,0.5851252675056458,0.8894215226173401,-0.21105821430683136,0.9506704807281494,0.4164848327636719,0.9015213847160339,-0.21439866721630096,0.982598602771759,0.6249973773956299,0.9490364789962769,-0.39608269929885864,0.9776665568351746,0.36040979623794556,0.9467732906341553,-0.40807756781578064,0.9898797869682312
down,0.5172997117042542,0.15719833970069885,-0.4188570976257324,0.9999532699584961,0.5243896842002869,0.1358121931552887,-0.38486987352371216,0.9999193549156189,0.5295205116271973,0.13555791974067688,-0.38493019342422485,0.9999250173568726,0.5342971086502075,0.1357754021883011,-0.3850564658641815,0.9998659491539001,0.5075470805168152,0.13532163202762604,-0.3923182189464569,0.9999200701713562,0.5013555884361267,0.1349996030330658,-0.392427533864975,0.9999400973320007,0.4940115809440613,0.13517144322395325,-0.39243796467781067,0.9999153017997742,0.5384957790374756,0.14612101018428802,-0.21732893586158752,0.9998671412467957,0.480990469455719,0.14848186075687408,-0.2506731450557709,0.9999335408210754,0.5251327753067017,0.1891312450170517,-0.3591119349002838,0.9999771118164062,0.5071004629135132,0.18855099380016327,-0.3689136803150177,0.9999834895133972,0.5792092084884644,0.3178628385066986,-0.1415727287530899,0.9988327622413635,0.43388280272483826,0.31995484232902527,-0.17005637288093567,0.9996365308761597,0.6155555844306946,0.5181787014007568,-0.37987297773361206,0.8956993818283081,0.40264207124710083,0.5347833633422852,-0.3739742338657379,0.9680761694908142,0.6142364740371704,0.39629703760147095,-0.7294343709945679,0.8843453526496887,0.4066498875617981,0.41038671135902405,-0.6910756826400757,0.9733026623725891,0.6194706559181213,0.3734497129917145,-0.7906763553619385,0.8339967131614685,0.40107637643814087,0.3781938850879669,-0.7490208745002747,0.9561024904251099,0.6188654899597168,0.3621954321861267,-0.7685515284538269,0.8135482668876648,0.4049606919288635,0.3629458248615265,-0.7389513254165649,0.9497407674789429,0.6140447854995728,0.3664226531982422,-0.729372501373291,0.7093814611434937,0.4094347357749939,0.37052011489868164,-0.6936599612236023,0.9083218574523926,0.5541800856590271,0.6069872975349426,-0.0016747030895203352,0.9991288185119629,0.4671325087547302,0.612089216709137,0.0018097888678312302,0.9995613098144531,0.6249585747718811,0.6165749430656433,-0.5910394787788391,0.9952970147132874,0.3825816512107849,0.618072509765625,-0.5715554356575012,0.9940440654754639,0.601504921913147,0.8538551926612854,-0.2308044135570526,0.9857702851295471,0.40002384781837463,0.8606462478637695,-0.2306801974773407,0.9958238005638123,0.5851524472236633,0.8883176445960999,-0.2035384625196457,0.9483232498168945,0.4162556529045105,0.9001302123069763,-0.20566575229167938,0.9818928837776184,0.6248291730880737,0.9488351345062256,-0.386785089969635,0.9766936898231506,0.36067160964012146,0.946327805519104,-0.3974233567714691,0.9895070195198059
down,0.5179567933082581,0.15715020895004272,-0.44063520431518555,0.999950647354126,0.5247758626937866,0.13576997816562653,-0.40718531608581543,0.9999150633811951,0.5297843217849731,0.1354796439409256,-0.40723854303359985,0.999921977519989,0.5344654321670532,0.13565289974212646,-0.40736016631126404,0.9998586773872375,0.5082361698150635,0.13538260757923126,-0.4145921766757965,0.999913215637207,0.5021712183952332,0.1351013034582138,-0.41470447182655334,0.99993497133255,0.494779109954834,0.1352861076593399,-0.4147173762321472,0.9999062418937683,0.5385159254074097,0.14587406814098358,-0.2382909059524536,0.999862790107727,0.48144063353538513,0.14859670400619507,-0.2716074287891388,0.9999279379844666,0.5256622433662415,0.1889709234237671,-0.38005197048187256,0.9999762177467346,0.5080123543739319,0.18850885331630707,-0.3899313509464264,0.9999827146530151,0.5803805589675903,0.31798774003982544,-0.15864308178424835,0.9988301396369934,0.434185266494751,0.3201635479927063,-0.1868092119693756,0.9996120929718018,0.6160677075386047,0.529711902141571,-0.3982536792755127,0.8901079893112183,0.4025042653083801,0.534957230091095,-0.3957679569721222,0.968140184879303,0.6139603853225708,0.39371082186698914,-0.7519128322601318,0.8874472379684448,0.40705156326293945,0.4098862111568451,-0.7183457612991333,0.9724276661872864,0.6207922101020813,0.37110498547554016,-0.8144962191581726,0.83809894323349,0.40136003494262695,0.37779808044433594,-0.7775782346725464,0.9541533589363098,0.6205796599388123,0.35967686772346497,-0.7923562526702881,0.8185076713562012,0.40536460280418396,0.3624882996082306,-0.7666109800338745,0.9473216533660889,0.6161888837814331,0.3647082448005676,-0.7519519329071045,0.7129601836204529,0.410435289144516,0.36979949474334717,-0.72078537940979,0.9034637212753296,0.5544017553329468,0.607111930847168,-0.0014250266831368208,0.999130368232727,0.46755513548851013,0.6122044324874878,0.0015634000301361084,0.9995599389076233,0.6252738833427429,0.6166746616363525,-0.6070472002029419,0.9950517416000366,0.38262277841567993,0.6181891560554504,-0.5872878432273865,0.99383544921875,0.6015022993087769,0.8533498048782349,-0.23340988159179688,0.9852517247200012,0.39994877576828003,0.8599730730056763,-0.23259451985359192,0.995769202709198,0.585149347782135,0.8872506618499756,-0.20622821152210236,0.9470831155776978,0.41613245010375977,0.898669958114624,-0.20830945670604706,0.9814484715461731,0.6245742440223694,0.9487382769584656,-0.39003294706344604,0.976284921169281,0.3610433340072632,0.9462630152702332,-0.40382879972457886,0.9894261956214905
down,0.5182405710220337,0.15712924301624298,-0.4406657814979553,0.9999545216560364,0.5249602794647217,0.13574613630771637,-0.4068969190120697,0.9999218583106995,0.5299225449562073,0.13543739914894104,-0.4069501459598541,0.9999285936355591,0.534553587436676,0.13558867573738098,-0.4070717394351959,0.9998698234558105,0.5084882974624634,0.1353987455368042,-0.41436702013015747,0.9999185800552368,0.5024186968803406,0.13512089848518372,-0.4144766330718994,0.9999388456344604,0.4949992597103119,0.13529324531555176,-0.4144870638847351,0.9999105930328369,0.5385168790817261,0.14569306373596191,-0.23771648108959198,0.9998751878738403,0.4816591143608093,0.14859198033809662,-0.27150458097457886,0.9999319911003113,0.525840699672699,0.1889146864414215,-0.3800843358039856,0.9999783635139465,0.5084027051925659,0.18850292265415192,-0.3900754749774933,0.9999842047691345,0.5804561972618103,0.31821736693382263,-0.15890653431415558,0.99891197681427,0.43426623940467834,0.32062530517578125,-0.18803493678569794,0.9996170401573181,0.6167751550674438,0.5320906043052673,-0.4004290997982025,0.8923624753952026,0.4026401937007904,0.5361752510070801,-0.39969488978385925,0.9692952632904053,0.6142520308494568,0.3923426866531372,-0.7545381784439087,0.8974725008010864,0.4068679213523865,0.4104018211364746,-0.7235422134399414,0.9732844233512878,0.6213532090187073,0.36937183141708374,-0.8172751665115356,0.8502965569496155,0.4014038145542145,0.37811797857284546,-0.7830015420913696,0.9551208019256592,0.6210824847221375,0.3578111529350281,-0.7946882843971252,0.8322014808654785,0.4056370258331299,0.36247536540031433,-0.7719027996063232,0.9482834339141846,0.6168643236160278,0.3632996082305908,-0.7544466257095337,0.7292546033859253,0.4107518196105957,0.3696477711200714,-0.726006031036377,0.9044588804244995,0.5543387532234192,0.6072725653648376,-0.0007946407422423363,0.9991759657859802,0.4676206111907959,0.6124322414398193,0.000933179457206279,0.9995801448822021,0.6255224347114563,0.6167521476745605,-0.6100541353225708,0.9950780868530273,0.38273313641548157,0.6178318858146667,-0.5910927057266235,0.9938808679580688,0.6014478206634521,0.8532024621963501,-0.23535969853401184,0.9853931069374084,0.3998902440071106,0.8598573207855225,-0.23760530352592468,0.995848536491394,0.5850225687026978,0.8867524266242981,-0.20709523558616638,0.9479276537895203,0.41604024171829224,0.8981945514678955,-0.21219579875469208,0.9813971519470215,0.6245601177215576,0.9486923813819885,-0.39364302158355713,0.9768387675285339,0.3614486753940582,0.9463980793952942,-0.4095460772514343,0.9896824359893799
down,0.5183504819869995,0.15714174509048462,-0.4317428469657898,0.9999552369117737,0.5250363945960999,0.13574832677841187,-0.398550808429718,0.999921977519989,0.52998948097229,0.1354265809059143,-0.3986058533191681,0.9999284744262695,0.5345988273620605,0.13556474447250366,-0.39872807264328003,0.9998689293861389,0.5085761547088623,0.13541027903556824,-0.4055699408054352,0.9999197721481323,0.5024386644363403,0.13512647151947021,-0.40568533539772034,0.999940037727356,0.4950185716152191,0.13527502119541168,-0.40570053458213806,0.9999125599861145,0.5385096073150635,0.14565089344978333,-0.23162832856178284,0.9998742938041687,0.4817332625389099,0.14851482212543488,-0.26307570934295654,0.9999333024024963,0.5258824825286865,0.1889021098613739,-0.37194693088531494,0.9999788403511047,0.5084325671195984,0.18854883313179016,-0.3813275694847107,0.9999848008155823,0.5805356502532959,0.318421334028244,-0.15219132602214813,0.998871922492981,0.43446826934814453,0.32061412930488586,-0.17922374606132507,0.9996384382247925,0.6171144843101501,0.5321053266525269,-0.3901519179344177,0.8937817215919495,0.40260472893714905,0.5363121628761292,-0.3822949528694153,0.9707886576652527,0.6143265962600708,0.39192643761634827,-0.7415182590484619,0.8987141847610474,0.4055124819278717,0.4125690460205078,-0.7068867087364197,0.9753108620643616,0.6212371587753296,0.36925750970840454,-0.8035485148429871,0.8522850871086121,0.3993551433086395,0.38203561305999756,-0.7663699388504028,0.9585909247398376,0.6211127638816833,0.35769158601760864,-0.7813854813575745,0.8343472480773926,0.4038481116294861,0.36372819542884827,-0.7575553059577942,0.9523829817771912,0.616868793964386,0.36314523220062256,-0.7414710521697998,0.7320377826690674,0.4083522856235504,0.371146559715271,-0.7101671695709229,0.9114401936531067,0.5543370246887207,0.6074514389038086,-0.0004510721191763878,0.9991851449012756,0.4677097797393799,0.612555205821991,0.0005877139628864825,0.9995934963226318,0.6258121728897095,0.6167768239974976,-0.6018111705780029,0.9952791333198547,0.3834795653820038,0.6171237230300903,-0.5847923755645752,0.9940491318702698,0.6014251708984375,0.8530532717704773,-0.23208002746105194,0.9858089089393616,0.3998439610004425,0.859769880771637,-0.23729154467582703,0.995942234992981,0.5849340558052063,0.8864445090293884,-0.20366427302360535,0.9492257237434387,0.41586461663246155,0.8977575302124023,-0.21184393763542175,0.9815024733543396,0.6245719194412231,0.9486755132675171,-0.3881794214248657,0.9774621725082397,0.3618467450141907,0.9466032385826111,-0.40759190917015076,0.989894449710846
down,0.5181196928024292,0.15731802582740784,-0.4374862611293793,0.9999583959579468,0.5249241590499878,0.13585928082466125,-0.40380582213401794,0.9999278783798218,0.5299545526504517,0.1355147808790207,-0.4038633704185486,0.9999337196350098,0.5345866680145264,0.135641947388649,-0.40399274230003357,0.9998793601989746,0.5084286332130432,0.13547109067440033,-0.4112800061702728,0.9999251365661621,0.5021299123764038,0.1351647675037384,-0.4113897383213043,0.9999438524246216,0.4947713017463684,0.13524748384952545,-0.41139736771583557,0.9999182820320129,0.5384859442710876,0.1457243412733078,-0.23396036028862,0.9998841881752014,0.48171019554138184,0.14839434623718262,-0.26751935482025146,0.9999364614486694,0.5257097482681274,0.18904344737529755,-0.37658411264419556,0.9999804496765137,0.5079845190048218,0.18867267668247223,-0.38657402992248535,0.9999858140945435,0.5800235271453857,0.3185741603374481,-0.15352025628089905,0.9989259243011475,0.43459194898605347,0.32098138332366943,-0.18006761372089386,0.999640166759491,0.6171383857727051,0.5329666137695312,-0.3955688774585724,0.8971097469329834,0.4026857912540436,0.5363137722015381,-0.3916833698749542,0.9702436923980713,0.6143018007278442,0.3923703134059906,-0.7491442561149597,0.9017314314842224,0.4054918885231018,0.41093868017196655,-0.719563364982605,0.9750792980194092,0.6212385296821594,0.36973831057548523,-0.8114293813705444,0.8552572131156921,0.39944982528686523,0.38173767924308777,-0.7792851328849792,0.9583075642585754,0.6210533976554871,0.3584240674972534,-0.7877975702285767,0.8375189900398254,0.4038974642753601,0.3635380268096924,-0.7688570618629456,0.9520685076713562,0.6167367696762085,0.3636748492717743,-0.7484961152076721,0.7359089255332947,0.4081881642341614,0.3709987699985504,-0.7223315834999084,0.910916805267334,0.5543232560157776,0.6073917150497437,-0.00035179953556507826,0.9992105960845947,0.46770572662353516,0.6127539277076721,0.0004915891913697124,0.9996011257171631,0.6259225606918335,0.6168054938316345,-0.6066148281097412,0.99546217918396,0.38398200273513794,0.6163164973258972,-0.5889550447463989,0.9941365122795105,0.6014314889907837,0.8529968857765198,-0.23657889664173126,0.9861435890197754,0.39978861808776855,0.859773576259613,-0.24265983700752258,0.9960327744483948,0.5849085450172424,0.8861427903175354,-0.20844599604606628,0.9498547315597534,0.415748655796051,0.8976448774337769,-0.21733005344867706,0.9816000461578369,0.6245068311691284,0.9487288594245911,-0.3948783278465271,0.9781052470207214,0.3619304895401001,0.9467670917510986,-0.4142591953277588,0.9901627898216248
down,0.517236053943634,0.15710914134979248,-0.42029300332069397,0.9999584555625916,0.5243399143218994,0.1357690542936325,-0.38652846217155457,0.9999281764030457,0.5296623110771179,0.13544580340385437,-0.38658660650253296,0.9999341368675232,0.5343717932701111,0.13558782637119293,-0.3867121636867523,0.9998812079429626,0.507753849029541,0.13514314591884613,-0.3940410614013672,0.9999251365661621,0.5010505318641663,0.13472923636436462,-0.3941449820995331,0.9999434947967529,0.4940938353538513,0.1347823292016983,-0.3941527307033539,0.9999179840087891,0.5384433269500732,0.1456197053194046,-0.21982690691947937,0.9998860359191895,0.4815376400947571,0.14767692983150482,-0.25315728783607483,0.9999353289604187,0.5251457691192627,0.18884921073913574,-0.36084848642349243,0.9999805688858032,0.5066673159599304,0.1882149577140808,-0.3709230124950409,0.9999856948852539,0.5798295736312866,0.31938502192497253,-0.1428358256816864,0.9989197850227356,0.4343608021736145,0.3211938738822937,-0.17257073521614075,0.9996318221092224,0.617801308631897,0.5328730344772339,-0.3833741247653961,0.8998132944107056,0.4027469754219055,0.5368883013725281,-0.38270509243011475,0.9694957733154297,0.6145147085189819,0.39285892248153687,-0.7321977615356445,0.9025171995162964,0.4054702818393707,0.4093737304210663,-0.7049037218093872,0.9746042490005493,0.6205365061759949,0.3704372048377991,-0.7932384014129639,0.8544754981994629,0.39984238147735596,0.38049787282943726,-0.7644515037536621,0.9575052261352539,0.6198991537094116,0.35885265469551086,-0.7697731852531433,0.8363054990768433,0.40430551767349243,0.36291009187698364,-0.7537091970443726,0.9510250091552734,0.6148439645767212,0.3640180826187134,-0.7315942049026489,0.7338553071022034,0.4083409309387207,0.3705490529537201,-0.7076144814491272,0.9089654088020325,0.5542471408843994,0.6074261665344238,0.00025598256615921855,0.9992237091064453,0.4671512544155121,0.6130176782608032,-0.00010354891128372401,0.9996022582054138,0.6259087324142456,0.6164312362670898,-0.599979043006897,0.9955148100852966,0.3840537667274475,0.6156213879585266,-0.5831408500671387,0.9940969347953796,0.6014474630355835,0.8529831767082214,-0.24373260140419006,0.9861683249473572,0.3997591733932495,0.8598175644874573,-0.24669668078422546,0.9960146546363831,0.5849055051803589,0.8860692977905273,-0.2168886661529541,0.9500411152839661,0.4157072603702545,0.8976535201072693,-0.2222844660282135,0.9815065264701843,0.6244962215423584,0.9487403035163879,-0.4037171006202698,0.9783521890640259,0.36197447776794434,0.9468892216682434,-0.41822895407676697,0.9902622699737549
down,0.5171571373939514,0.1566304862499237,-0.42218247056007385,0.9999587535858154,0.5242094397544861,0.13558194041252136,-0.3886871933937073,0.9999276995658875,0.529607892036438,0.13530372083187103,-0.3887442946434021,0.9999340772628784,0.5343462228775024,0.1354827731847763,-0.3888665437698364,0.9998807311058044,0.5075709223747253,0.13474798202514648,-0.3955290913581848,0.9999245405197144,0.5008560419082642,0.1342528909444809,-0.3956327438354492,0.9999433755874634,0.4939676821231842,0.13429605960845947,-0.3956393599510193,0.9999172687530518,0.5384637117385864,0.14550864696502686,-0.22316701710224152,0.9998867511749268,0.48153671622276306,0.14714251458644867,-0.2536826729774475,0.9999340176582336,0.5251181125640869,0.18855299055576324,-0.36328238248825073,0.9999812245368958,0.5066100358963013,0.1876518279314041,-0.372381329536438,0.9999859929084778,0.5798541307449341,0.3194722533226013,-0.14631551504135132,0.9989684820175171,0.4343596398830414,0.3212536573410034,-0.17364546656608582,0.9996439218521118,0.6179636716842651,0.5319675207138062,-0.38916265964508057,0.9096199870109558,0.402768075466156,0.5382652282714844,-0.38440001010894775,0.9712777137756348,0.6150240898132324,0.3929797410964966,-0.736606240272522,0.9109046459197998,0.4050242304801941,0.4090258777141571,-0.7114913463592529,0.9768025279045105,0.619663655757904,0.3708071708679199,-0.7983214855194092,0.8638427257537842,0.3997993767261505,0.37956205010414124,-0.7722284197807312,0.9609389901161194,0.6190057992935181,0.3589215576648712,-0.7733752131462097,0.8463292121887207,0.40403643250465393,0.3621354103088379,-0.7613868713378906,0.9549251198768616,0.6140298247337341,0.36409077048301697,-0.7351948022842407,0.7470895648002625,0.40797334909439087,0.3699740171432495,-0.7142703533172607,0.9153177738189697,0.5541696548461914,0.6073161363601685,0.00034057331504300237,0.9992706775665283,0.46693748235702515,0.6129289269447327,-0.00019120288197882473,0.999618411064148,0.6259127259254456,0.6166934370994568,-0.6095834970474243,0.9956325888633728,0.38391000032424927,0.6151695847511292,-0.5890787243843079,0.9942375421524048,0.6014546155929565,0.8529638648033142,-0.248575359582901,0.9864948987960815,0.3997252881526947,0.8597151637077332,-0.24947087466716766,0.9960947632789612,0.5848971605300903,0.8860238790512085,-0.22109219431877136,0.951129674911499,0.41566410660743713,0.8970017433166504,-0.2246738225221634,0.9816574454307556,0.6245262026786804,0.9487779140472412,-0.40860190987586975,0.9790045022964478,0.3621057868003845,0.9469881653785706,-0.4208734631538391,0.9905205368995667
down,0.5173568725585938,0.15584030747413635,-0.44974812865257263,0.9999554753303528,0.5242785811424255,0.13464850187301636,-0.41635361313819885,0.9999203681945801,0.5296511054039001,0.13442112505435944,-0.4164080023765564,0.9999279975891113,0.534378170967102,0.13470031321048737,-0.4165349006652832,0.9998679757118225,0.5076287388801575,0.13392959535121918,-0.42264524102211,0.9999173283576965,0.5009819269180298,0.133487269282341,-0.4227577745914459,0.9999388456344604,0.49400338530540466,0.13366611301898956,-0.42276692390441895,0.9999098181724548,0.5385084748268127,0.14509619772434235,-0.2487255036830902,0.999876081943512,0.48150286078453064,0.146601602435112,-0.2765960097312927,0.9999287724494934,0.525241494178772,0.18784639239311218,-0.3898870646953583,0.9999799728393555,0.5068914294242859,0.1870831847190857,-0.3981829583644867,0.9999850988388062,0.5802096128463745,0.3200666606426239,-0.1687363088130951,0.9988985061645508,0.4341990351676941,0.32157278060913086,-0.19317081570625305,0.999636709690094,0.6177678108215332,0.532690167427063,-0.41444653272628784,0.909430980682373,0.4030264914035797,0.5396162867546082,-0.404721736907959,0.971898078918457,0.6141136884689331,0.39368176460266113,-0.7679987549781799,0.9076646566390991,0.4044438302516937,0.4099985361099243,-0.7347755432128906,0.9772279858589172,0.6180968880653381,0.3712178170681,-0.8311002850532532,0.8591555953025818,0.39942750334739685,0.38035160303115845,-0.7958811521530151,0.9616631269454956,0.6184085607528687,0.3594355583190918,-0.8054741621017456,0.8411344885826111,0.40331777930259705,0.3623785376548767,-0.7848849296569824,0.9557307958602905,0.6132411360740662,0.3645668923854828,-0.7665042877197266,0.7390716075897217,0.40715497732162476,0.3700597584247589,-0.7375046014785767,0.9161337614059448,0.5537675023078918,0.6071198582649231,0.0002876879880204797,0.9992642402648926,0.466411292552948,0.6123558282852173,-0.00014559102419298142,0.9996140003204346,0.6259113550186157,0.6173763871192932,-0.6152779459953308,0.9954686164855957,0.38305801153182983,0.6155487298965454,-0.5933538675308228,0.9940747618675232,0.6014295816421509,0.8528038263320923,-0.2335931956768036,0.9862555265426636,0.399770587682724,0.8596076369285583,-0.2342568188905716,0.9960187077522278,0.5848827362060547,0.8857638835906982,-0.20374421775341034,0.9505776166915894,0.4156666398048401,0.8963634967803955,-0.20734341442584991,0.9811808466911316,0.6245436668395996,0.9487658739089966,-0.39153924584388733,0.9786459803581238,0.3624735474586487,0.9473024010658264,-0.40512484312057495,0.990291178226471
down,0.5172240734100342,0.15467363595962524,-0.4607086777687073,0.9999575614929199,0.5241634249687195,0.13319295644760132,-0.4269823133945465,0.9999226331710815,0.5295785665512085,0.13306310772895813,-0.4270317554473877,0.9999305009841919,0.5342988967895508,0.1334681361913681,-0.42715954780578613,0.9998709559440613,0.5074923634529114,0.132668137550354,-0.43267083168029785,0.9999193549156189,0.5005923509597778,0.132340669631958,-0.43278631567955017,0.9999411702156067,0.49366822838783264,0.13274647295475006,-0.4327935576438904,0.9999122023582458,0.5384997725486755,0.14422249794006348,-0.25738245248794556,0.9998803734779358,0.48131316900253296,0.1459612399339676,-0.28287607431411743,0.9999309778213501,0.5250303745269775,0.18670719861984253,-0.4001521170139313,0.9999810457229614,0.5066595077514648,0.1862780749797821,-0.4077703058719635,0.9999857544898987,0.5803521871566772,0.32058534026145935,-0.1763499677181244,0.9988843202590942,0.4339822828769684,0.32168227434158325,-0.1975589245557785,0.9996408820152283,0.6177377700805664,0.5376634001731873,-0.42539843916893005,0.9118280410766602,0.4030981957912445,0.5402361750602722,-0.41399678587913513,0.9726690053939819,0.6133202314376831,0.3947581946849823,-0.7796877026557922,0.9071560502052307,0.40401244163513184,0.41011911630630493,-0.74907386302948,0.977270781993866,0.6170252561569214,0.37168383598327637,-0.8428046107292175,0.8572059869766235,0.3989284634590149,0.3805474638938904,-0.8105143308639526,0.9614654183387756,0.6177385449409485,0.3600267171859741,-0.8154772520065308,0.8388819694519043,0.40264448523521423,0.3625227212905884,-0.7980747818946838,0.9553396105766296,0.6125955581665039,0.36528074741363525,-0.7774198651313782,0.7341557145118713,0.40644344687461853,0.3700677156448364,-0.7513259053230286,0.9145573973655701,0.5534356236457825,0.606789767742157,8.927566523198038e-05,0.9992971420288086,0.4661511480808258,0.611877977848053,3.74074988940265e-05,0.9996287822723389,0.6258419156074524,0.6183405518531799,-0.6291385889053345,0.9953367114067078,0.3827351927757263,0.6155807971954346,-0.6028770208358765,0.9938870072364807,0.6012570858001709,0.8523879051208496,-0.2305252104997635,0.9860840439796448,0.3997797966003418,0.859568178653717,-0.231327086687088,0.9960281252861023,0.5848220586776733,0.8845764398574829,-0.19919432699680328,0.9503524899482727,0.4154580533504486,0.8959130048751831,-0.20347926020622253,0.9807462692260742,0.6244947910308838,0.9486116766929626,-0.38845905661582947,0.9785827994346619,0.362982839345932,0.9475528001785278,-0.4039282202720642,0.990280270576477
down,0.5176529884338379,0.15432128310203552,-0.4437316954135895,0.9999569654464722,0.5244534015655518,0.1323780119419098,-0.4094598889350891,0.9999215602874756,0.5296965837478638,0.13220323622226715,-0.4095134735107422,0.9999294281005859,0.5343354940414429,0.13257431983947754,-0.4096331000328064,0.9998685717582703,0.5078095197677612,0.13226455450057983,-0.41706937551498413,0.9999188780784607,0.5009607076644897,0.13207048177719116,-0.4171850085258484,0.9999409914016724,0.49381551146507263,0.13256320357322693,-0.4171995222568512,0.9999122619628906,0.5384007692337036,0.14369922876358032,-0.2412659376859665,0.9998769760131836,0.48126333951950073,0.14581194519996643,-0.27530303597450256,0.999930739402771,0.5252147316932678,0.18595968186855316,-0.3839801251888275,0.999980628490448,0.5072128772735596,0.18594525754451752,-0.3941580653190613,0.9999856352806091,0.580298662185669,0.32072675228118896,-0.1638258695602417,0.9987782835960388,0.433624804019928,0.32261279225349426,-0.19327344000339508,0.9996344447135925,0.6175999045372009,0.5386410355567932,-0.4053414463996887,0.9046863913536072,0.4030124247074127,0.5404043793678284,-0.40505486726760864,0.972590982913971,0.6125955581665039,0.39573758840560913,-0.7561594843864441,0.8995149731636047,0.4040154814720154,0.41157960891723633,-0.7287126779556274,0.976704478263855,0.6167009472846985,0.37230026721954346,-0.8177865147590637,0.8475235104560852,0.3987826108932495,0.38128039240837097,-0.7881106734275818,0.960460364818573,0.6174346208572388,0.3608444333076477,-0.7930525541305542,0.8285158276557922,0.40258660912513733,0.36323103308677673,-0.7767626047134399,0.9541652202606201,0.6123511791229248,0.36608433723449707,-0.7551833391189575,0.7198855876922607,0.406460702419281,0.37054064869880676,-0.7311511039733887,0.912300705909729,0.5535056591033936,0.6066447496414185,0.00010271874634781852,0.999276876449585,0.46624475717544556,0.6116469502449036,2.2646661818725988e-05,0.9996258020401001,0.6254516839981079,0.6186281442642212,-0.6209878325462341,0.9952650666236877,0.38260579109191895,0.6153510212898254,-0.6016384363174438,0.9938398599624634,0.6011455059051514,0.8522804379463196,-0.23403194546699524,0.9859237670898438,0.39986637234687805,0.8601817488670349,-0.23824672400951385,0.9960474371910095,0.5847749710083008,0.8842248916625977,-0.204367995262146,0.9502182006835938,0.41538864374160767,0.8969056010246277,-0.21168191730976105,0.9806982278823853,0.6244693398475647,0.9484654068946838,-0.3932678997516632,0.9785491228103638,0.3627515435218811,0.9475878477096558,-0.41188162565231323,0.990323007106781
down,0.5193914175033569,0.15408918261528015,-0.4184688925743103,0.9999552369117737,0.525628924369812,0.13207966089248657,-0.3841569423675537,0.9999225735664368,0.5302610993385315,0.13191154599189758,-0.3842121958732605,0.9999290108680725,0.5346537828445435,0.13223561644554138,-0.3843335211277008,0.9998712539672852,0.5092753171920776,0.1321296989917755,-0.39275896549224854,0.9999210238456726,0.5026286840438843,0.13199830055236816,-0.3928728699684143,0.9999414086341858,0.49493661522865295,0.13250859081745148,-0.3928874731063843,0.9999157786369324,0.5380228757858276,0.14355310797691345,-0.2180447280406952,0.9998774528503418,0.48138126730918884,0.14586520195007324,-0.2562616765499115,0.9999324679374695,0.5262572765350342,0.18567422032356262,-0.3594897389411926,0.9999796152114868,0.5093763470649719,0.18575748801231384,-0.37085068225860596,0.999984860420227,0.5790362358093262,0.32000085711479187,-0.1435287892818451,0.9986527562141418,0.4334278702735901,0.32386314868927,-0.1775573045015335,0.9995967745780945,0.6172180771827698,0.5351023077964783,-0.38547757267951965,0.8867998123168945,0.40302005410194397,0.5410470962524414,-0.38822710514068604,0.9705731272697449,0.6108505129814148,0.39553895592689514,-0.7333577871322632,0.8784168362617493,0.40418004989624023,0.4093053638935089,-0.7045838832855225,0.9738082885742188,0.6151248812675476,0.37243741750717163,-0.7938634157180786,0.8203383088111877,0.3995806872844696,0.3787113130092621,-0.7624852061271667,0.9554497003555298,0.6151456236839294,0.36130475997924805,-0.7679460644721985,0.7989561557769775,0.4044873118400574,0.36073222756385803,-0.7497245073318481,0.9482297301292419,0.6101089715957642,0.36618661880493164,-0.7318865656852722,0.683254599571228,0.40792185068130493,0.36837607622146606,-0.7063632011413574,0.902649998664856,0.5542256832122803,0.606662929058075,0.0003009647480212152,0.9992250204086304,0.4669521749019623,0.611670196056366,-0.00016634575149510056,0.9995997548103333,0.6242396235466003,0.6190294623374939,-0.6021090745925903,0.9950963854789734,0.3826952576637268,0.6149373054504395,-0.5854123830795288,0.9936566352844238,0.6008707880973816,0.8527085185050964,-0.23704755306243896,0.9855436086654663,0.3999379873275757,0.861117959022522,-0.24152760207653046,0.9959504008293152,0.5847275853157043,0.8845066428184509,-0.20944567024707794,0.949008047580719,0.415365606546402,0.898017942905426,-0.21643900871276855,0.9804182052612305,0.6243667602539062,0.9484264850616455,-0.39622098207473755,0.9784520864486694,0.3625548481941223,0.9476515054702759,-0.4132280945777893,0.9902026653289795
down,0.5197016596794128,0.1540166586637497,-0.4345324635505676,0.9999555349349976,0.525982677936554,0.13198640942573547,-0.39986497163772583,0.9999235272407532,0.5305167436599731,0.1318041980266571,-0.3999179005622864,0.999929666519165,0.5348888635635376,0.13209408521652222,-0.40003785490989685,0.9998725652694702,0.5095664858818054,0.13204476237297058,-0.40842515230178833,0.9999216198921204,0.5028678178787231,0.1319136768579483,-0.4085370600223541,0.9999417066574097,0.495095431804657,0.13238662481307983,-0.4085472524166107,0.9999160170555115,0.5379830598831177,0.1432911604642868,-0.23046627640724182,0.9998783469200134,0.4813782572746277,0.14561915397644043,-0.2689273953437805,0.999933123588562,0.526534914970398,0.18563510477542877,-0.3741539716720581,0.9999797940254211,0.5096216201782227,0.18572109937667847,-0.3856385350227356,0.9999850392341614,0.5790345668792725,0.3202742338180542,-0.15294615924358368,0.998676598072052,0.43281644582748413,0.32526278495788574,-0.18486526608467102,0.9995821118354797,0.6175221800804138,0.542785108089447,-0.3972553610801697,0.8856048583984375,0.403056800365448,0.5455305576324463,-0.3983721137046814,0.9698285460472107,0.6104992628097534,0.39619866013526917,-0.7492519617080688,0.8795116543769836,0.4041748046875,0.4088791310787201,-0.7176415920257568,0.9730756282806396,0.614838719367981,0.37293869256973267,-0.8109676241874695,0.8204701542854309,0.3997046947479248,0.37947767972946167,-0.7758902311325073,0.9540370106697083,0.6150895953178406,0.36163875460624695,-0.7841328382492065,0.7986878156661987,0.4046552777290344,0.3621613383293152,-0.7627624273300171,0.9463195204734802,0.6099519729614258,0.36663979291915894,-0.747290313243866,0.681422233581543,0.40803098678588867,0.3698594868183136,-0.7191584706306458,0.898929238319397,0.5548943877220154,0.6067612767219543,0.00037278601666912436,0.9992165565490723,0.4670945107936859,0.611980676651001,-0.00023693486582487822,0.9995900392532349,0.6240392923355103,0.6189102530479431,-0.6155391335487366,0.9949744343757629,0.38319119811058044,0.614177942276001,-0.5981622934341431,0.9933598041534424,0.6007057428359985,0.8529961705207825,-0.2423567771911621,0.9852927327156067,0.39994651079177856,0.860970139503479,-0.2468717396259308,0.995836079120636,0.5847219824790955,0.8848553895950317,-0.2139158695936203,0.9483180046081543,0.4153602123260498,0.8979941606521606,-0.2211049348115921,0.9800251126289368,0.6242250204086304,0.9486234784126282,-0.4032163619995117,0.9783672094345093,0.36246350407600403,0.9477108716964722,-0.4200083613395691,0.9900538325309753
down,0.5199398994445801,0.15361346304416656,-0.43661490082740784,0.9999579191207886,0.5263107419013977,0.1310843527317047,-0.40243586897850037,0.9999274015426636,0.5307579040527344,0.13086235523223877,-0.40248972177505493,0.9999334216117859,0.5351394414901733,0.13111789524555206,-0.4026156961917877,0.9998791217803955,0.5099304914474487,0.13153304159641266,-0.411301851272583,0.999925434589386,0.5031892657279968,0.13153305649757385,-0.4114101827144623,0.9999443888664246,0.4953269362449646,0.13203446567058563,-0.4114155173301697,0.9999191164970398,0.5379031896591187,0.14254151284694672,-0.2351260632276535,0.9998862743377686,0.4813607335090637,0.14524409174919128,-0.273762047290802,0.999936580657959,0.526725172996521,0.18534058332443237,-0.3769906163215637,0.9999816417694092,0.5099557638168335,0.18545708060264587,-0.3888031840324402,0.9999862313270569,0.5789461731910706,0.32002878189086914,-0.15841275453567505,0.9988188147544861,0.4323664605617523,0.32551008462905884,-0.19136446714401245,0.9995942115783691,0.6178694367408752,0.5431013107299805,-0.399044930934906,0.8942742943763733,0.40308794379234314,0.5458665490150452,-0.4007037580013275,0.970045804977417,0.6123320460319519,0.39667990803718567,-0.7479258179664612,0.888427734375,0.404019832611084,0.4107712209224701,-0.7206891775131226,0.9733666777610779,0.6148760914802551,0.37366172671318054,-0.8093226552009583,0.8309822082519531,0.39941591024398804,0.38308441638946533,-0.7796379923820496,0.9548891186714172,0.6151361465454102,0.3621097505092621,-0.7823089361190796,0.8099521994590759,0.4041764736175537,0.36513981223106384,-0.7680197358131409,0.9473142027854919,0.6104369759559631,0.3671777546405792,-0.745763897895813,0.6950245499610901,0.40757280588150024,0.3722243010997772,-0.7227610349655151,0.9003152847290039,0.5556281805038452,0.6063545942306519,0.0005508798058144748,0.9992226362228394,0.4672941565513611,0.6119201183319092,-0.00041278055869042873,0.9995879530906677,0.6240931153297424,0.6187191605567932,-0.6126952767372131,0.9949780106544495,0.3832210302352905,0.614044725894928,-0.5943188071250916,0.9931244850158691,0.6006686091423035,0.8533322811126709,-0.23475857079029083,0.9850644469261169,0.3999328017234802,0.8608796000480652,-0.23784784972667694,0.9957161545753479,0.5846890211105347,0.885251522064209,-0.20545998215675354,0.9474917650222778,0.4153515696525574,0.8978720903396606,-0.21161286532878876,0.9796281456947327,0.6242066621780396,0.9492078423500061,-0.39261987805366516,0.9779087901115417,0.3624195158481598,0.9482303857803345,-0.40893784165382385,0.9897821545600891
down,0.5201277136802673,0.15255723893642426,-0.44201284646987915,0.9999604225158691,0.5265215635299683,0.12971864640712738,-0.40804728865623474,0.999931812286377,0.5309209823608398,0.12963666021823883,-0.408101886510849,0.9999374747276306,0.5353098511695862,0.12998509407043457,-0.4082307815551758,0.999886155128479,0.5101173520088196,0.13015715777873993,-0.41711220145225525,0.9999298453330994,0.5033594369888306,0.13031132519245148,-0.4172236919403076,0.9999476075172424,0.49545446038246155,0.13092558085918427,-0.41722798347473145,0.9999228715896606,0.5378431081771851,0.14202827215194702,-0.24173703789710999,0.9998959302902222,0.4813314974308014,0.14454129338264465,-0.282257616519928,0.9999406933784485,0.526901364326477,0.18473820388317108,-0.3828183114528656,0.9999833703041077,0.510141134262085,0.18440325558185577,-0.3948200047016144,0.9999873638153076,0.5786240696907043,0.3197633624076843,-0.16632887721061707,0.9989521503448486,0.4323198199272156,0.32549571990966797,-0.200456902384758,0.9996030926704407,0.6186233758926392,0.5430189967155457,-0.4084504544734955,0.9034454226493835,0.4029494822025299,0.545948326587677,-0.41209444403648376,0.9699036478996277,0.6131699085235596,0.3977126181125641,-0.7553039789199829,0.8950790762901306,0.4041500985622406,0.41183584928512573,-0.730564296245575,0.972969651222229,0.6140116453170776,0.37384745478630066,-0.8171213865280151,0.837916374206543,0.39956945180892944,0.3834244906902313,-0.7895925045013428,0.9546757340431213,0.6131414771080017,0.36217907071113586,-0.7891736626625061,0.8173267841339111,0.40419524908065796,0.36555081605911255,-0.7774988412857056,0.9470563530921936,0.6092463731765747,0.36722907423973083,-0.7526489496231079,0.7037317156791687,0.40756163001060486,0.37298882007598877,-0.7325519323348999,0.8994385600090027,0.5557481050491333,0.6062790155410767,0.0007714371313340962,0.9992577433586121,0.4673733115196228,0.611842155456543,-0.0006368689937517047,0.9995984435081482,0.6241499781608582,0.6186951398849487,-0.6130887269973755,0.9949403405189514,0.3831222951412201,0.6140353083610535,-0.5934070348739624,0.9927998781204224,0.6006403565406799,0.8534276485443115,-0.22989872097969055,0.9848549962043762,0.3999005854129791,0.8608372807502747,-0.2320607602596283,0.9956116676330566,0.5846311450004578,0.8853235840797424,-0.20011982321739197,0.9472109079360962,0.4153493344783783,0.8974848389625549,-0.20522037148475647,0.9792388677597046,0.6241965293884277,0.9495047926902771,-0.38555908203125,0.9776068925857544,0.3623564541339874,0.9484128952026367,-0.4009976387023926,0.9895467758178711
down,0.5202797055244446,0.15231825411319733,-0.4348962903022766,0.9999608993530273,0.5266841650009155,0.12937861680984497,-0.40082159638404846,0.9999327659606934,0.5310604572296143,0.12926854193210602,-0.40087422728538513,0.9999383091926575,0.535462498664856,0.12956856191158295,-0.40099582076072693,0.9998875856399536,0.5102201700210571,0.12990443408489227,-0.40971070528030396,0.9999315142631531,0.5034180283546448,0.1301117092370987,-0.4098242223262787,0.9999492168426514,0.49548131227493286,0.13074404001235962,-0.40982794761657715,0.9999251365661621,0.5377994775772095,0.1417461335659027,-0.23387213051319122,0.9998982548713684,0.48128652572631836,0.14442561566829681,-0.2735345661640167,0.9999425411224365,0.5270277261734009,0.18454326689243317,-0.3754504323005676,0.9999840259552002,0.5103016495704651,0.184263676404953,-0.38717564940452576,0.999987781047821,0.5773965716362,0.31824439764022827,-0.1585538685321808,0.9990003108978271,0.4325481951236725,0.32515984773635864,-0.19166770577430725,0.9996107220649719,0.6185879707336426,0.5391827821731567,-0.39849644899368286,0.9051912426948547,0.4028696119785309,0.5459839105606079,-0.39833784103393555,0.9701941013336182,0.6130577325820923,0.39931416511535645,-0.7485993504524231,0.8928550481796265,0.4042530953884125,0.41301077604293823,-0.7185894846916199,0.9736012816429138,0.6135200262069702,0.37647107243537903,-0.8110162615776062,0.8357676267623901,0.3997268080711365,0.3840023875236511,-0.7785521745681763,0.95627361536026,0.6126428842544556,0.3647061288356781,-0.7859891653060913,0.8149691820144653,0.40421104431152344,0.36587491631507874,-0.7683471441268921,0.9490913152694702,0.609014630317688,0.37009379267692566,-0.7471936941146851,0.7015479207038879,0.40759849548339844,0.37316882610321045,-0.7212240695953369,0.9029861688613892,0.5557628870010376,0.6062455773353577,0.0005617956630885601,0.9992640614509583,0.46739882230758667,0.6117194294929504,-0.0004267226322554052,0.9995986819267273,0.6241241693496704,0.6187087297439575,-0.6092531681060791,0.9949893355369568,0.38305962085723877,0.6139571070671082,-0.5860867500305176,0.9928407669067383,0.6005824208259583,0.8535007238388062,-0.2316323071718216,0.9849326610565186,0.399850070476532,0.8608083724975586,-0.23130972683429718,0.9955659508705139,0.584610104560852,0.8853434324264526,-0.20268645882606506,0.9463874697685242,0.41533786058425903,0.8973401188850403,-0.20530124008655548,0.9789567589759827,0.6241106390953064,0.9495965838432312,-0.3885255753993988,0.9774826169013977,0.3624810576438904,0.9487298130989075,-0.400269091129303,0.9893829226493835
down,0.5203786492347717,0.15242575109004974,-0.4029332101345062,0.9999547600746155,0.5263738632202148,0.12963919341564178,-0.36840978264808655,0.9999255537986755,0.5308722853660583,0.12946727871894836,-0.368477463722229,0.9999316930770874,0.5352054834365845,0.129705011844635,-0.36860042810440063,0.9998776316642761,0.5099281072616577,0.130207359790802,-0.3782781958580017,0.999923825263977,0.5031794905662537,0.13047733902931213,-0.3783894181251526,0.999943196773529,0.49536553025245667,0.13121576607227325,-0.37840574979782104,0.9999179840087891,0.5374513864517212,0.14169053733348846,-0.20330946147441864,0.9998867511749268,0.4813097417354584,0.14536428451538086,-0.24699871242046356,0.999935507774353,0.5273693203926086,0.18462854623794556,-0.34440118074417114,0.9999812245368958,0.5107304453849792,0.18466265499591827,-0.35732346773147583,0.9999852776527405,0.57709139585495,0.3176884353160858,-0.1323978453874588,0.998897135257721,0.4327967166900635,0.32584303617477417,-0.1697915494441986,0.9995477199554443,0.6155680418014526,0.5300573706626892,-0.36921465396881104,0.8908138871192932,0.40322938561439514,0.5459257960319519,-0.37040168046951294,0.9673129916191101,0.6103113293647766,0.3988812267780304,-0.7163216471672058,0.8777303099632263,0.4042704999446869,0.4134379029273987,-0.6788908839225769,0.971592366695404,0.6133165955543518,0.377346932888031,-0.7762058973312378,0.8198306560516357,0.39974650740623474,0.3843117654323578,-0.7358200550079346,0.9536445140838623,0.6125777959823608,0.36604300141334534,-0.7528516054153442,0.7979366183280945,0.40436941385269165,0.3653605580329895,-0.7261468768119812,0.9462969899177551,0.6087820529937744,0.37092462182044983,-0.7156810760498047,0.6827424764633179,0.40765953063964844,0.3728928565979004,-0.681580126285553,0.8993192315101624,0.555841326713562,0.6069360971450806,6.240434595383704e-05,0.9992201924324036,0.46735209226608276,0.6130796074867249,8.134303789120167e-05,0.99956214427948,0.6239466667175293,0.6189205050468445,-0.5874847769737244,0.9949002265930176,0.38310766220092773,0.6138648390769958,-0.5691295862197876,0.9928047060966492,0.6004970073699951,0.8535586595535278,-0.23522122204303741,0.9848974347114563,0.399818480014801,0.8606287837028503,-0.23311910033226013,0.9954522252082825,0.5845497250556946,0.8853501081466675,-0.2078642100095749,0.945040762424469,0.41529908776283264,0.8970262408256531,-0.20860469341278076,0.9786443710327148,0.6240901350975037,0.9496845602989197,-0.39330393075942993,0.9772837162017822,0.36251309514045715,0.948816180229187,-0.40147918462753296,0.9891384243965149
down,0.5207380652427673,0.15328003466129303,-0.38231703639030457,0.9999436140060425,0.5265437364578247,0.13123783469200134,-0.34754666686058044,0.9999120235443115,0.5309993028640747,0.1311134248971939,-0.3476170599460602,0.9999197721481323,0.5353096723556519,0.13147474825382233,-0.3477472960948944,0.9998599290847778,0.5102018117904663,0.13142533600330353,-0.3577953577041626,0.9999078512191772,0.5036242604255676,0.13158221542835236,-0.3578992486000061,0.9999301433563232,0.49587878584861755,0.132164865732193,-0.35792261362075806,0.9999010562896729,0.5374664068222046,0.1431393027305603,-0.18480829894542694,0.999868631362915,0.4815588891506195,0.1460677534341812,-0.23042520880699158,0.9999208450317383,0.5278686285018921,0.18556560575962067,-0.32497265934944153,0.9999765157699585,0.5112082958221436,0.1855664998292923,-0.33851128816604614,0.9999806880950928,0.5797421932220459,0.3217981457710266,-0.11632990837097168,0.9986696243286133,0.43276676535606384,0.32912561297416687,-0.1593792736530304,0.9994339346885681,0.6140973567962646,0.5323408246040344,-0.3568747341632843,0.8707916736602783,0.40435558557510376,0.5455707311630249,-0.3626517057418823,0.9606443047523499,0.6094245314598083,0.3982718288898468,-0.6972214579582214,0.8562676906585693,0.4053110182285309,0.41234371066093445,-0.6644351482391357,0.9640597701072693,0.6130369901657104,0.3776513934135437,-0.754562497138977,0.7945718765258789,0.3998110294342041,0.38463595509529114,-0.7194458246231079,0.9425168037414551,0.6132845282554626,0.3659277558326721,-0.7284785509109497,0.7707849144935608,0.4049176275730133,0.36574241518974304,-0.7080472707748413,0.9335541129112244,0.608444094657898,0.36931928992271423,-0.6954590678215027,0.6506117582321167,0.4081857204437256,0.37306487560272217,-0.6665900945663452,0.8797958493232727,0.5559284687042236,0.609183669090271,0.0012936831917613745,0.9991512298583984,0.4671958386898041,0.6161267161369324,-0.0010963863460347056,0.9995073080062866,0.6236631274223328,0.6204459071159363,-0.5764172673225403,0.994742214679718,0.38311514258384705,0.6147294044494629,-0.5657631158828735,0.992635190486908,0.6002845168113708,0.8537328243255615,-0.23115818202495575,0.9845508933067322,0.3997918665409088,0.8606123328208923,-0.23300006985664368,0.9952391982078552,0.5843405723571777,0.8852922320365906,-0.20536749064922333,0.9434452652931213,0.41512948274612427,0.896917998790741,-0.20915094017982483,0.9779078364372253,0.624114990234375,0.9497929811477661,-0.38958999514579773,0.9767426252365112,0.3627083897590637,0.9491159915924072,-0.40172648429870605,0.9887440204620361
down,0.5198298692703247,0.15365451574325562,-0.3731859624385834,0.9999400973320007,0.5255738496780396,0.13143867254257202,-0.3382478356361389,0.9999082088470459,0.5303075909614563,0.13126616179943085,-0.338315486907959,0.9999166131019592,0.5344533324241638,0.13161352276802063,-0.3384418487548828,0.9998573064804077,0.509369432926178,0.13189515471458435,-0.34903615713119507,0.9999048113822937,0.5026415586471558,0.13231155276298523,-0.3491368293762207,0.9999269843101501,0.49523505568504333,0.13315358757972717,-0.34916263818740845,0.9998979568481445,0.5369352698326111,0.14332832396030426,-0.17836812138557434,0.9998670220375061,0.48149919509887695,0.14745116233825684,-0.22651457786560059,0.9999182820320129,0.5270595550537109,0.1856987476348877,-0.3172115385532379,0.9999747276306152,0.5101776123046875,0.18590496480464935,-0.33146071434020996,0.9999791979789734,0.5800521373748779,0.323202520608902,-0.11317776143550873,0.9984645247459412,0.4326973557472229,0.3306635618209839,-0.15950068831443787,0.9993959665298462,0.6138070225715637,0.5378744602203369,-0.35354113578796387,0.8555426597595215,0.4034096598625183,0.5468721985816956,-0.3624470829963684,0.9579324126243591,0.6069910526275635,0.3984476327896118,-0.6866195201873779,0.8377740979194641,0.40586480498313904,0.4171953797340393,-0.6613167524337769,0.9591258764266968,0.6103306412696838,0.37524354457855225,-0.7425394654273987,0.7715904712677002,0.39977186918258667,0.38754773139953613,-0.7160865664482117,0.9347395300865173,0.6087707877159119,0.36278411746025085,-0.7152817845344543,0.7463696599006653,0.40489429235458374,0.36996662616729736,-0.7041002511978149,0.9246007204055786,0.6050242185592651,0.3664207458496094,-0.684292733669281,0.6216638088226318,0.4084489345550537,0.3769494295120239,-0.6632367372512817,0.8656343221664429,0.5559366345405579,0.610342800617218,0.002682709600776434,0.999122142791748,0.4670626223087311,0.6172183752059937,-0.0024526265915483236,0.9994901418685913,0.6232659220695496,0.6205841302871704,-0.5737040042877197,0.9947309494018555,0.38315415382385254,0.6142795085906982,-0.5640811324119568,0.9927266240119934,0.6002391576766968,0.8539043068885803,-0.2355175018310547,0.9845400452613831,0.39975738525390625,0.8607017397880554,-0.23891374468803406,0.9951579570770264,0.5842775106430054,0.885452926158905,-0.21112985908985138,0.9442626237869263,0.4149952530860901,0.8971312046051025,-0.2160220444202423,0.9777807593345642,0.6240642666816711,0.9498361945152283,-0.39559435844421387,0.9769761562347412,0.3625889718532562,0.9499220848083496,-0.40937456488609314,0.9886735081672668
down,0.5184515714645386,0.15254990756511688,-0.34336593747138977,0.9999340176582336,0.5239376425743103,0.13058854639530182,-0.3076325058937073,0.9999021291732788,0.5289137959480286,0.13069644570350647,-0.30771639943122864,0.9999101161956787,0.5328786969184875,0.13125260174274445,-0.3078514635562897,0.9998531341552734,0.5079141855239868,0.13063032925128937,-0.3177911341190338,0.9998995065689087,0.5003910660743713,0.13089309632778168,-0.31788089871406555,0.9999208450317383,0.4935023784637451,0.13184545934200287,-0.3179020285606384,0.9998927712440491,0.5350981950759888,0.14284484088420868,-0.14863865077495575,0.999861478805542,0.48049697279930115,0.14625060558319092,-0.19326536357402802,0.9999107718467712,0.5251427292823792,0.18439488112926483,-0.2881917953491211,0.999972403049469,0.5082312822341919,0.18404655158519745,-0.3014259934425354,0.9999764561653137,0.5785175561904907,0.3214942216873169,-0.08904694765806198,0.9982432723045349,0.4319940209388733,0.3305380344390869,-0.1284228414297104,0.9993360638618469,0.6135075092315674,0.5368272662162781,-0.32903802394866943,0.8417949676513672,0.40294939279556274,0.5465034246444702,-0.33050212264060974,0.9511246681213379,0.6049951314926147,0.40070024132728577,-0.6571139097213745,0.8049079179763794,0.4056527614593506,0.4136810302734375,-0.6345866322517395,0.9495225548744202,0.6073650121688843,0.3747861981391907,-0.7128103971481323,0.7322573661804199,0.4001709818840027,0.38356539607048035,-0.690544068813324,0.9209126830101013,0.6058798432350159,0.36227115988731384,-0.6877495050430298,0.7043768763542175,0.40570640563964844,0.36296311020851135,-0.6802903413772583,0.9085819721221924,0.6025453805923462,0.36597251892089844,-0.6556800603866577,0.5765314102172852,0.4095568060874939,0.3717185854911804,-0.6376864910125732,0.8423508405685425,0.5562056303024292,0.6103590726852417,0.0024131597019732,0.9991493821144104,0.46706265211105347,0.6180874705314636,-0.0021609582472592592,0.9995008111000061,0.6228796243667603,0.6193601489067078,-0.5608765482902527,0.9947119951248169,0.38324567675590515,0.6135736107826233,-0.5503389835357666,0.9927563667297363,0.6002075672149658,0.8541932702064514,-0.25623899698257446,0.9848092794418335,0.399758517742157,0.8610839247703552,-0.25314393639564514,0.995031476020813,0.5842152833938599,0.8863487243652344,-0.23496711254119873,0.9449948072433472,0.4149710536003113,0.8986597061157227,-0.23300006985664368,0.9777364134788513,0.6240774393081665,0.9498661756515503,-0.42126384377479553,0.9774830341339111,0.3623327314853668,0.9501971006393433,-0.425881952047348,0.9885088801383972
down,0.5178521871566772,0.15230534970760345,-0.3394143283367157,0.9999318718910217,0.523260235786438,0.1301453709602356,-0.3032142221927643,0.9999014735221863,0.5281802415847778,0.13030654191970825,-0.3032990097999573,0.9999096989631653,0.5321249961853027,0.1309429407119751,-0.3034383952617645,0.9998574256896973,0.5074409246444702,0.13023415207862854,-0.3136603832244873,0.9998981952667236,0.49987006187438965,0.13045063614845276,-0.31375008821487427,0.9999178647994995,0.4930557310581207,0.13141506910324097,-0.31377264857292175,0.9998897314071655,0.5343305468559265,0.14257514476776123,-0.14255864918231964,0.9998660683631897,0.4799412190914154,0.14556849002838135,-0.1884525567293167,0.9999064207077026,0.5242828130722046,0.18399956822395325,-0.28366145491600037,0.9999712109565735,0.5075761079788208,0.18370699882507324,-0.2972854971885681,0.9999738931655884,0.5778350830078125,0.3200953006744385,-0.08289486914873123,0.9981434941291809,0.43122848868370056,0.3299977481365204,-0.12350845336914062,0.999271810054779,0.6130241751670837,0.5340719223022461,-0.3252127766609192,0.8367080092430115,0.40281111001968384,0.545170783996582,-0.32928791642189026,0.9418525695800781,0.6045836210250854,0.4007228910923004,-0.6559113264083862,0.7874525189399719,0.40575918555259705,0.40839412808418274,-0.6335057020187378,0.9379507303237915,0.607233464717865,0.3747614026069641,-0.7118579745292664,0.7111526727676392,0.4046250879764557,0.3723871409893036,-0.6891372799873352,0.9051311016082764,0.6057065725326538,0.3619835674762726,-0.6868883967399597,0.6818184852600098,0.407949298620224,0.3573572039604187,-0.677971601486206,0.8901631832122803,0.6022325754165649,0.3661936819553375,-0.6545795202255249,0.5516811013221741,0.4132821559906006,0.3647881746292114,-0.6361838579177856,0.8157194256782532,0.5566844940185547,0.6101078987121582,0.0016534499591216445,0.9991582632064819,0.4670567512512207,0.6176687479019165,-0.001375156338326633,0.9995076656341553,0.6228247284889221,0.6179942488670349,-0.5544803142547607,0.9948292374610901,0.3832032084465027,0.6131461262702942,-0.5439993143081665,0.9930358529090881,0.6001812219619751,0.8545618057250977,-0.26370400190353394,0.985259473323822,0.3999631404876709,0.8621968030929565,-0.258472204208374,0.9950742721557617,0.5840526819229126,0.8873140811920166,-0.24391715228557587,0.9469777345657349,0.4150676131248474,0.9010911583900452,-0.2393590211868286,0.9786919951438904,0.6241881847381592,0.9499818682670593,-0.4317195415496826,0.9780416488647461,0.3620452284812927,0.9501498937606812,-0.4327351450920105,0.9887033104896545
down,0.5176282525062561,0.15241508185863495,-0.3517533540725708,0.9999221563339233,0.5230880975723267,0.1301117092370987,-0.3160645067691803,0.9998869895935059,0.5280462503433228,0.13023531436920166,-0.3161458969116211,0.9998966455459595,0.5319892168045044,0.13086727261543274,-0.31628313660621643,0.9998375177383423,0.5072354078292847,0.13046135008335114,-0.3251640200614929,0.999884843826294,0.4995957314968109,0.13083769381046295,-0.32525211572647095,0.9999072551727295,0.49277782440185547,0.13188284635543823,-0.32527869939804077,0.9998759031295776,0.5342738032341003,0.14250925183296204,-0.15624406933784485,0.999845564365387,0.47973698377609253,0.145740807056427,-0.19611400365829468,0.9998950958251953,0.5241626501083374,0.18400728702545166,-0.29615041613578796,0.9999658465385437,0.5072879791259766,0.1841159611940384,-0.3079923689365387,0.9999692440032959,0.5779598951339722,0.3198501467704773,-0.09292585402727127,0.9979352355003357,0.43116554617881775,0.32991617918014526,-0.12890762090682983,0.9992262721061707,0.6124032139778137,0.5326882004737854,-0.33225786685943604,0.8339770436286926,0.40212827920913696,0.5470842123031616,-0.33409520983695984,0.9417381882667542,0.6057174205780029,0.4001774787902832,-0.6627407670021057,0.7785665988922119,0.40565118193626404,0.40843307971954346,-0.6377900242805481,0.9375565648078918,0.6074713468551636,0.3752247393131256,-0.7186905145645142,0.6996442675590515,0.4059135317802429,0.3723094165325165,-0.6931642293930054,0.903369128704071,0.6058865189552307,0.3619444668292999,-0.6926017999649048,0.6687426567077637,0.4085151255130768,0.35844895243644714,-0.6810280084609985,0.8876287937164307,0.6023334860801697,0.3662455379962921,-0.6607456207275391,0.5367990136146545,0.4138895869255066,0.36499541997909546,-0.6394661664962769,0.8111122250556946,0.5569536685943604,0.6099517345428467,0.0014581354334950447,0.9990953803062439,0.4669950008392334,0.6164907813072205,-0.0011884596897289157,0.9994829893112183,0.6226496696472168,0.6173509955406189,-0.5614304542541504,0.9946145415306091,0.3829213082790375,0.6132081151008606,-0.5449052453041077,0.9929890036582947,0.6001703143119812,0.8547419905662537,-0.25911498069763184,0.9848345518112183,0.40015000104904175,0.8625439405441284,-0.2504301369190216,0.9950030446052551,0.583922803401947,0.8876662254333496,-0.23699752986431122,0.9463293552398682,0.4151998460292816,0.9021769762039185,-0.23052802681922913,0.9787700772285461,0.6243544816970825,0.9502015709877014,-0.4228745996952057,0.9771925806999207,0.3616928160190582,0.9488019943237305,-0.42153581976890564,0.9884495139122009
down,0.5176566243171692,0.15247654914855957,-0.35660111904144287,0.9999159574508667,0.5230753421783447,0.13031019270420074,-0.3214595913887024,0.9998744130134583,0.528037428855896,0.13039672374725342,-0.3215380012989044,0.9998858571052551,0.5319834351539612,0.13098612427711487,-0.3216722011566162,0.9998194575309753,0.5072310566902161,0.1306334137916565,-0.32989829778671265,0.9998727440834045,0.49969133734703064,0.13100728392601013,-0.3299834132194519,0.9998981952667236,0.492816686630249,0.1320313662290573,-0.33000463247299194,0.9998622536659241,0.5342739820480347,0.14249807596206665,-0.16275790333747864,0.9998252987861633,0.47970500588417053,0.14580559730529785,-0.19905349612236023,0.999879777431488,0.5242232084274292,0.1841353327035904,-0.30119770765304565,0.9999626278877258,0.507423460483551,0.18418307602405548,-0.3122057318687439,0.9999663233757019,0.5780624151229858,0.31993070244789124,-0.0993591770529747,0.9980409741401672,0.43123263120651245,0.3293786942958832,-0.13044896721839905,0.9992135167121887,0.6137881875038147,0.5372878909111023,-0.33418434858322144,0.8534631133079529,0.40254220366477966,0.5476672053337097,-0.3328980803489685,0.9448598623275757,0.6084217429161072,0.4024905264377594,-0.662365734577179,0.8066041469573975,0.4057278037071228,0.41074448823928833,-0.6430861949920654,0.9439824223518372,0.6085991263389587,0.37947022914886475,-0.7190277576446533,0.7304419279098511,0.4056634306907654,0.38043320178985596,-0.7008466124534607,0.9123578667640686,0.6069962978363037,0.3644372820854187,-0.6934771537780762,0.7008435726165771,0.409217894077301,0.359902024269104,-0.6897505521774292,0.8979270458221436,0.6036831736564636,0.3678053617477417,-0.6600630879402161,0.571797788143158,0.41410309076309204,0.3665202260017395,-0.6455231308937073,0.8257378935813904,0.5568673014640808,0.6097930073738098,0.0011605415493249893,0.999079704284668,0.46683573722839355,0.6155642867088318,-0.0009216717444360256,0.9994678497314453,0.6225393414497375,0.6172304153442383,-0.5714101195335388,0.9946275353431702,0.3827950060367584,0.6129664778709412,-0.5502444505691528,0.992985725402832,0.6001636385917664,0.8548246026039124,-0.2574743628501892,0.984662652015686,0.40031227469444275,0.8625755310058594,-0.24858614802360535,0.9950788617134094,0.5838457345962524,0.8877512812614441,-0.23443849384784698,0.9459052085876465,0.41538572311401367,0.9023112058639526,-0.2280701845884323,0.9789349436759949,0.6243927478790283,0.950413703918457,-0.4189656674861908,0.9767831563949585,0.36163848638534546,0.9481546878814697,-0.4185337424278259,0.9885126352310181
down,0.517680287361145,0.15276257693767548,-0.3746040463447571,0.9999116063117981,0.5230830311775208,0.1305510401725769,-0.3398799002170563,0.9998642206192017,0.5280340313911438,0.13061484694480896,-0.3399510085582733,0.9998787641525269,0.5319857001304626,0.1311631202697754,-0.3400858938694,0.9998038411140442,0.5072674751281738,0.13088004291057587,-0.348713755607605,0.9998608827590942,0.49984508752822876,0.13127021491527557,-0.3488062024116516,0.9998905658721924,0.49291759729385376,0.13224400579929352,-0.34882786870002747,0.9998475909233093,0.5342873334884644,0.14265941083431244,-0.17978988587856293,0.9998113512992859,0.47964638471603394,0.14589568972587585,-0.21908307075500488,0.9998670220375061,0.5242542624473572,0.1845347136259079,-0.31844741106033325,0.9999610185623169,0.5074623823165894,0.18442294001579285,-0.330117404460907,0.9999644756317139,0.5787145495414734,0.3220120370388031,-0.11226420104503632,0.9981561899185181,0.430102676153183,0.3299909234046936,-0.14808055758476257,0.9991950392723083,0.6143598556518555,0.5430728793144226,-0.34822914004325867,0.8653803467750549,0.4033801555633545,0.549476146697998,-0.35199999809265137,0.9463467597961426,0.6105628609657288,0.4045597016811371,-0.6809837222099304,0.8271390199661255,0.406191349029541,0.4115244150161743,-0.6597037315368652,0.9479095339775085,0.6100413203239441,0.38290297985076904,-0.7381349205970764,0.7542217373847961,0.40570393204689026,0.38149529695510864,-0.7164685726165771,0.918451726436615,0.6096700429916382,0.36697226762771606,-0.7127162218093872,0.7261209487915039,0.40954723954200745,0.3606090247631073,-0.7040733098983765,0.9049900770187378,0.6053900122642517,0.36949169635772705,-0.6789547801017761,0.5991483926773071,0.41426166892051697,0.36740657687187195,-0.6615071296691895,0.8348838686943054,0.5565372109413147,0.6096752882003784,0.001234609866514802,0.9990540742874146,0.4662594795227051,0.6151555180549622,-0.0010057897306978703,0.9994440674781799,0.6221946477890015,0.6170495748519897,-0.5740991234779358,0.9946256279945374,0.38263094425201416,0.6130136251449585,-0.555020272731781,0.9928430914878845,0.6001542210578918,0.8548732995986938,-0.24209997057914734,0.984491765499115,0.40030956268310547,0.8625544309616089,-0.23637644946575165,0.9950846433639526,0.5837017893791199,0.8877602219581604,-0.21764084696769714,0.9450319409370422,0.4154030382633209,0.9021152853965759,-0.21381168067455292,0.9785179495811462,0.6243684887886047,0.9505727291107178,-0.4027075171470642,0.9762059450149536,0.3616791069507599,0.9482442140579224,-0.4052603244781494,0.9883974194526672
down,0.517673671245575,0.15352652966976166,-0.3780291676521301,0.9999130964279175,0.5230850577354431,0.1307872086763382,-0.34278663992881775,0.9998667240142822,0.528008222579956,0.13079912960529327,-0.34286028146743774,0.9998804926872253,0.5319904088973999,0.1312946379184723,-0.34300294518470764,0.9998059272766113,0.5072765350341797,0.13143794238567352,-0.3534987270832062,0.9998634457588196,0.4998525083065033,0.13208778202533722,-0.35359877347946167,0.9998927116394043,0.49288445711135864,0.13312600553035736,-0.35361674427986145,0.9998500347137451,0.5343292355537415,0.14281289279460907,-0.18103556334972382,0.9998144507408142,0.4794103503227234,0.1464029848575592,-0.22913363575935364,0.9998705387115479,0.5242939591407776,0.1852480173110962,-0.3211960196495056,0.9999611973762512,0.5074299573898315,0.18556293845176697,-0.3353770673274994,0.9999644160270691,0.5790585279464722,0.32283055782318115,-0.11301304399967194,0.9981428980827332,0.4290873408317566,0.3312205970287323,-0.1589803397655487,0.9991806745529175,0.6147549748420715,0.5427819490432739,-0.3485291302204132,0.8645721077919006,0.40326085686683655,0.5507230758666992,-0.362525999546051,0.9439630508422852,0.6110677719116211,0.4044381380081177,-0.6784709095954895,0.8222804069519043,0.4076268672943115,0.4113612771034241,-0.6613613367080688,0.9440169930458069,0.6100603342056274,0.3822922706604004,-0.7344996333122253,0.7451436519622803,0.40615034103393555,0.3810262382030487,-0.7163913249969482,0.9127837419509888,0.6099439859390259,0.36691632866859436,-0.708232045173645,0.7162789702415466,0.409702867269516,0.3606131374835968,-0.7030836343765259,0.8981810212135315,0.6051791906356812,0.36943483352661133,-0.6762518286705017,0.5860425233840942,0.41465187072753906,0.36753079295158386,-0.6625866889953613,0.8233160376548767,0.5561983585357666,0.6095696091651917,0.0020655146799981594,0.9990203380584717,0.4658430218696594,0.6151056289672852,-0.001835998147726059,0.9994295239448547,0.6217213869094849,0.6174498796463013,-0.5697948932647705,0.9942654967308044,0.3823770582675934,0.6137359738349915,-0.5561684966087341,0.992381751537323,0.6001403331756592,0.8549242615699768,-0.23498432338237762,0.9835057258605957,0.40029096603393555,0.8625780940055847,-0.23296990990638733,0.9949172735214233,0.5834890604019165,0.8879169225692749,-0.21043212711811066,0.9440261125564575,0.4153878688812256,0.9019578099250793,-0.2099815309047699,0.9779112935066223,0.6245624423027039,0.9506134986877441,-0.3940073251724243,0.9748721718788147,0.36172327399253845,0.9482224583625793,-0.4011887013912201,0.9879471659660339
down,0.5177214741706848,0.15358208119869232,-0.37369075417518616,0.9999099373817444,0.5230518579483032,0.13067330420017242,-0.33852657675743103,0.9998636841773987,0.5279582738876343,0.13062353432178497,-0.3386026620864868,0.9998761415481567,0.5319156646728516,0.13104364275932312,-0.3387462794780731,0.9998003840446472,0.5072447061538696,0.13150304555892944,-0.3487388491630554,0.999861478805542,0.4997067451477051,0.13219478726387024,-0.3488371968269348,0.9998903274536133,0.4926672875881195,0.13325563073158264,-0.34886303544044495,0.9998496174812317,0.5340685844421387,0.1425662785768509,-0.17727786302566528,0.9998088479042053,0.4791300296783447,0.14647038280963898,-0.2220427542924881,0.9998711943626404,0.5242701172828674,0.18518929183483124,-0.3173381984233856,0.9999593496322632,0.5075374841690063,0.18577566742897034,-0.3306100368499756,0.9999629259109497,0.5790340304374695,0.3197039067745209,-0.10980045795440674,0.9980363845825195,0.42919859290122986,0.3305701017379761,-0.15435487031936646,0.999152421951294,0.6141932010650635,0.5365006923675537,-0.34375351667404175,0.8539177179336548,0.4032061696052551,0.5509389638900757,-0.3585158586502075,0.9439706802368164,0.6094210743904114,0.40314817428588867,-0.6718974113464355,0.8041225671768188,0.4076005518436432,0.41086968779563904,-0.6517021656036377,0.9414539337158203,0.6100310683250427,0.37753841280937195,-0.7266744375228882,0.7213805317878723,0.406890869140625,0.3753451406955719,-0.7050046920776367,0.9078255891799927,0.6091312170028687,0.3640051484107971,-0.6996220946311951,0.6910737752914429,0.40999212861061096,0.3578079342842102,-0.6903230547904968,0.891925573348999,0.6047700643539429,0.3674912452697754,-0.6693466901779175,0.5579302310943604,0.4147261679172516,0.36565056443214417,-0.6519621014595032,0.813572108745575,0.5560451745986938,0.6087630987167358,0.0022716487292200327,0.998977780342102,0.4658261835575104,0.6149365305900574,-0.002041550586000085,0.9994139671325684,0.621500551700592,0.6173744797706604,-0.5670850872993469,0.9938114881515503,0.3818346858024597,0.6139600276947021,-0.5552319884300232,0.9920507073402405,0.6001250147819519,0.8549365401268005,-0.2373962700366974,0.9826458096504211,0.400311142206192,0.8626307845115662,-0.23514977097511292,0.9946588277816772,0.5833460092544556,0.8879748582839966,-0.2135300189256668,0.9430471062660217,0.4153832495212555,0.9018253087997437,-0.21216872334480286,0.9772729873657227,0.6245763897895813,0.9506412148475647,-0.3960803151130676,0.9739487767219543,0.3619465231895447,0.9481172561645508,-0.40195900201797485,0.9873942136764526
down,0.5176498293876648,0.15307576954364777,-0.4132503867149353,0.9999099373817444,0.5229367017745972,0.13004784286022186,-0.3788333535194397,0.9998621344566345,0.5278753638267517,0.1299305409193039,-0.37889593839645386,0.9998744130134583,0.5317997336387634,0.13029401004314423,-0.3790366053581238,0.9997968673706055,0.507127046585083,0.1310652196407318,-0.3879067599773407,0.9998589754104614,0.4994872212409973,0.13173265755176544,-0.3880087733268738,0.9998883008956909,0.49249428510665894,0.13282398879528046,-0.38802701234817505,0.9998468160629272,0.5339415073394775,0.14177893102169037,-0.2155698537826538,0.9998078942298889,0.47904330492019653,0.14607848227024078,-0.25596997141838074,0.9998689889907837,0.5241589546203613,0.18426865339279175,-0.3556686043739319,0.9999600648880005,0.5074734091758728,0.1852969080209732,-0.36761224269866943,0.9999634027481079,0.5795183181762695,0.31990858912467957,-0.14172126352787018,0.9980769157409668,0.4296914041042328,0.3295460343360901,-0.18223141133785248,0.9991791248321533,0.6163932681083679,0.5412024259567261,-0.3815758228302002,0.8561134338378906,0.40316590666770935,0.5509888529777527,-0.3929050862789154,0.9474971294403076,0.6107951402664185,0.40272217988967896,-0.7157307863235474,0.8072243928909302,0.4068341851234436,0.4102989137172699,-0.6999812722206116,0.9452620148658752,0.6128801703453064,0.3768231272697449,-0.7725677490234375,0.7224389910697937,0.4058421552181244,0.37431904673576355,-0.7559799551963806,0.9125325083732605,0.6136864423751831,0.36404532194137573,-0.7438217401504517,0.691792368888855,0.410322368144989,0.3553548753261566,-0.7414931058883667,0.8969056606292725,0.6087378263473511,0.3680611550807953,-0.712325394153595,0.5581637620925903,0.41382765769958496,0.364618182182312,-0.7008376121520996,0.8200918436050415,0.5558578372001648,0.6087889075279236,0.002586526330560446,0.9989999532699585,0.46580109000205994,0.6147946119308472,-0.0023735398426651955,0.9994280934333801,0.6213730573654175,0.6170705556869507,-0.5937367677688599,0.9936181902885437,0.3806952238082886,0.6143633723258972,-0.571556568145752,0.9919463992118835,0.600155234336853,0.8546950221061707,-0.23815801739692688,0.9823123216629028,0.4004961848258972,0.862537145614624,-0.2342699021100998,0.9946869611740112,0.5833431482315063,0.8875756859779358,-0.21217139065265656,0.9427381157875061,0.4154689311981201,0.9016813635826111,-0.20996065437793732,0.9771251678466797,0.6244924664497375,0.9506688714027405,-0.3966752290725708,0.9738253951072693,0.3618549704551697,0.9478888511657715,-0.40230828523635864,0.9875301122665405
down,0.5175281167030334,0.15297958254814148,-0.44123291969299316,0.9999207258224487,0.5228686928749084,0.12979237735271454,-0.4068034589290619,0.9998747706413269,0.5278407335281372,0.12963201105594635,-0.40686726570129395,0.9998881220817566,0.5317740440368652,0.12996479868888855,-0.4070083498954773,0.9998128414154053,0.506940484046936,0.13088208436965942,-0.41423144936561584,0.9998651146888733,0.4990924298763275,0.13152049481868744,-0.4143332540988922,0.9998947978019714,0.49222517013549805,0.13259901106357574,-0.41434699296951294,0.9998480081558228,0.5339317321777344,0.14114077389240265,-0.23804859817028046,0.9998296499252319,0.47894343733787537,0.14579594135284424,-0.2708689570426941,0.9998739361763,0.5241279006004333,0.18408514559268951,-0.3812132477760315,0.9999668002128601,0.5073621273040771,0.185149148106575,-0.39097946882247925,0.9999690055847168,0.5803178548812866,0.3206433355808258,-0.1590392291545868,0.9985013604164124,0.430349200963974,0.3265973925590515,-0.18796131014823914,0.9992541074752808,0.6178191304206848,0.5531984567642212,-0.39917507767677307,0.8814190626144409,0.4031673073768616,0.5509243607521057,-0.40561580657958984,0.9527509212493896,0.6128858327865601,0.4071802794933319,-0.7472123503684998,0.8534398674964905,0.4059421420097351,0.410268098115921,-0.7322801351547241,0.9538844227790833,0.6175820827484131,0.3814363181591034,-0.8086945414543152,0.7826976180076599,0.4040323793888092,0.3776146471500397,-0.7913196086883545,0.9255393147468567,0.6173799633979797,0.36859142780303955,-0.7832258939743042,0.7574887275695801,0.40878987312316895,0.3582794666290283,-0.7784355878829956,0.912056028842926,0.6142195463180542,0.3727823793888092,-0.7453888058662415,0.6371104717254639,0.4123995900154114,0.36691296100616455,-0.7341052889823914,0.8433066010475159,0.5559435486793518,0.6089810132980347,0.0005313231376931071,0.999065101146698,0.4659287929534912,0.6146465539932251,-0.0003712748293764889,0.9994561672210693,0.6210778951644897,0.6165063977241516,-0.616518497467041,0.9939236640930176,0.3809705972671509,0.6143360733985901,-0.5899190902709961,0.9919821619987488,0.6002063751220703,0.8539485335350037,-0.2428382933139801,0.9829081892967224,0.40053048729896545,0.8626241683959961,-0.23937638103961945,0.994863748550415,0.5836817622184753,0.8864235877990723,-0.21354934573173523,0.9431837201118469,0.41549617052078247,0.9021697044372559,-0.21331235766410828,0.9774887561798096,0.6236010193824768,0.9505093097686768,-0.4042534828186035,0.9743062853813171,0.36167818307876587,0.9482171535491943,-0.41272616386413574,0.9879515767097473
down,0.5173242092132568,0.15283319354057312,-0.45249781012535095,0.9999353885650635,0.5227197408676147,0.12959221005439758,-0.4179632067680359,0.9998958110809326,0.5276981592178345,0.12943430244922638,-0.41802507638931274,0.9999085068702698,0.5316895842552185,0.1297718584537506,-0.41817259788513184,0.9998436570167542,0.5068081617355347,0.13056452572345734,-0.42548879981040955,0.999883234500885,0.4989737868309021,0.13105881214141846,-0.4255933165550232,0.9999099373817444,0.4921663701534271,0.13205622136592865,-0.4255995750427246,0.9998646974563599,0.5338881611824036,0.140808567404747,-0.24730753898620605,0.9998620748519897,0.4788930416107178,0.1452333927154541,-0.28085455298423767,0.9998902082443237,0.523977518081665,0.18391820788383484,-0.39165395498275757,0.9999740123748779,0.5072511434555054,0.18487046658992767,-0.40162453055381775,0.999975323677063,0.5803765058517456,0.32097336649894714,-0.16659632325172424,0.9988591074943542,0.43039584159851074,0.32509660720825195,-0.19439931213855743,0.999330461025238,0.6185346841812134,0.5546306371688843,-0.4082619249820709,0.9021788835525513,0.40356841683387756,0.549666702747345,-0.4128192067146301,0.9553463459014893,0.6142615079879761,0.40914884209632874,-0.7574901580810547,0.8889250755310059,0.4058658480644226,0.40998318791389465,-0.7448972463607788,0.9593060612678528,0.6194360852241516,0.383394330739975,-0.8194438815116882,0.8306176066398621,0.4035910964012146,0.3800356984138489,-0.8053238987922668,0.9342199563980103,0.6189530491828918,0.369882196187973,-0.7950798273086548,0.8102526068687439,0.4083024561405182,0.35971423983573914,-0.7940367460250854,0.9222906231880188,0.6157868504524231,0.37404921650886536,-0.7560307383537292,0.7034836411476135,0.41196149587631226,0.3681524991989136,-0.7477037310600281,0.8594119548797607,0.5557126998901367,0.6088432669639587,-0.000293540972052142,0.9991454482078552,0.46578747034072876,0.6145704984664917,0.00045571086229756474,0.9995023012161255,0.6210249662399292,0.6161803007125854,-0.6183733344078064,0.9945074915885925,0.38236457109451294,0.6135057806968689,-0.5958818793296814,0.9923927783966064,0.6003865599632263,0.853621780872345,-0.23997028172016144,0.9841268658638,0.4005002975463867,0.8631824851036072,-0.2426517903804779,0.9952142834663391,0.584246814250946,0.8858138918876648,-0.2105865180492401,0.9445585012435913,0.4154781401157379,0.9030516743659973,-0.21642574667930603,0.9786304831504822,0.62279212474823,0.9505907893180847,-0.4040847420692444,0.9756348729133606,0.36152178049087524,0.9483705163002014,-0.4195272922515869,0.9887836575508118
down,0.5153933167457581,0.15283285081386566,-0.4547542929649353,0.9999439120292664,0.5213205218315125,0.12947744131088257,-0.4203453063964844,0.9999073147773743,0.5259867906570435,0.1292908489704132,-0.4204061031341553,0.9999203085899353,0.5303754210472107,0.1295967996120453,-0.4205563962459564,0.9998614192008972,0.504916787147522,0.13044585287570953,-0.4267660677433014,0.9998921155929565,0.49695539474487305,0.1309916079044342,-0.42686837911605835,0.9999178051948547,0.49057188630104065,0.13205313682556152,-0.42687368392944336,0.9998719096183777,0.5333834290504456,0.14062277972698212,-0.24891605973243713,0.9998813271522522,0.4785603880882263,0.14546774327754974,-0.2787923812866211,0.9998964667320251,0.522795557975769,0.184083953499794,-0.39350613951683044,0.9999781250953674,0.5055131912231445,0.184966579079628,-0.40206536650657654,0.9999786019325256,0.5804256796836853,0.32122278213500977,-0.16706272959709167,0.9990776181221008,0.4302430748939514,0.3244112730026245,-0.18902626633644104,0.9993693232536316,0.6191749572753906,0.553322970867157,-0.41026777029037476,0.9182119369506836,0.4045836925506592,0.54619300365448,-0.40548473596572876,0.9532522559165955,0.6147240400314331,0.4090512692928314,-0.7603157162666321,0.9107095003128052,0.40581315755844116,0.41049304604530334,-0.7435484528541565,0.9592547416687012,0.6200805902481079,0.3834127187728882,-0.8224977254867554,0.8603684306144714,0.40300583839416504,0.38221803307533264,-0.8043050765991211,0.9352202415466309,0.6194421052932739,0.3696114420890808,-0.7985216975212097,0.8429171442985535,0.40746086835861206,0.3621918559074402,-0.793333888053894,0.9238190650939941,0.6162070035934448,0.3739956319332123,-0.7589544057846069,0.7450708150863647,0.41120606660842896,0.3696918785572052,-0.7465835213661194,0.8620850443840027,0.5553054809570312,0.608650803565979,-0.0013979413779452443,0.9991908073425293,0.46561557054519653,0.614470899105072,0.0015673512825742364,0.9995278120040894,0.6213842034339905,0.6160954236984253,-0.6179299354553223,0.9950545430183411,0.3823413848876953,0.6134974360466003,-0.593228816986084,0.9928075671195984,0.6007199883460999,0.853608250617981,-0.2374657839536667,0.9850792288780212,0.4004289209842682,0.8632786870002747,-0.2389945089817047,0.9955068826675415,0.5849562883377075,0.8857936263084412,-0.2082921713590622,0.9448505640029907,0.4156218469142914,0.9030239582061768,-0.21293039619922638,0.979733943939209,0.6225692629814148,0.9510576725006104,-0.4020930826663971,0.9762284159660339,0.36107906699180603,0.9486430883407593,-0.4155001640319824,0.9893249273300171
down,0.5154541730880737,0.15440106391906738,-0.45898669958114624,0.9999509453773499,0.5213839411735535,0.13086244463920593,-0.42447417974472046,0.9999195337295532,0.5260835886001587,0.13062892854213715,-0.4245346486568451,0.999931275844574,0.5304462909698486,0.13053494691848755,-0.4246861934661865,0.9998798370361328,0.5049597024917603,0.1318846046924591,-0.43196648359298706,0.9999037384986877,0.49698981642723083,0.13253666460514069,-0.43207377195358276,0.9999265670776367,0.49060648679733276,0.13358336687088013,-0.43208175897598267,0.999883770942688,0.5334773063659668,0.14097042381763458,-0.25053930282592773,0.9998994469642639,0.47849494218826294,0.14680062234401703,-0.283614844083786,0.9999089241027832,0.5229694247245789,0.18567080795764923,-0.3964797854423523,0.9999811053276062,0.5055578947067261,0.18669721484184265,-0.40636634826660156,0.9999812841415405,0.5805168747901917,0.3214609920978546,-0.16690470278263092,0.9992244839668274,0.43014851212501526,0.32478877902030945,-0.19138063490390778,0.9994041919708252,0.6191835403442383,0.5508832335472107,-0.4122430384159088,0.9233300685882568,0.40415820479393005,0.5441101789474487,-0.4120791554450989,0.9502866864204407,0.6149311065673828,0.4084516167640686,-0.7674678564071655,0.9198174476623535,0.4060376286506653,0.40783894062042236,-0.7490018606185913,0.9559674263000488,0.6208854913711548,0.3827589154243469,-0.8297645449638367,0.872772216796875,0.40375441312789917,0.37612515687942505,-0.808968186378479,0.9305180311203003,0.6200203895568848,0.36835700273513794,-0.805876612663269,0.8563298583030701,0.40731143951416016,0.3609076142311096,-0.7971137762069702,0.9182105660438538,0.6165896058082581,0.3733942210674286,-0.7664378881454468,0.7606743574142456,0.41137948632240295,0.3681410849094391,-0.7516289353370667,0.8535404205322266,0.555609405040741,0.6090964674949646,-0.0021618830505758524,0.9992029666900635,0.46679192781448364,0.6159808039665222,0.0023413547314703465,0.999540388584137,0.6217474937438965,0.6158750057220459,-0.6132791042327881,0.9952428936958313,0.3823305368423462,0.6134586930274963,-0.5905069708824158,0.9928981065750122,0.6009584665298462,0.853928804397583,-0.24608847498893738,0.9854346513748169,0.4004780352115631,0.8633739948272705,-0.24511125683784485,0.9955559968948364,0.5852227807044983,0.8863058090209961,-0.21902962028980255,0.9442377090454102,0.4158887267112732,0.9031633734703064,-0.2204819619655609,0.980332612991333,0.6225691437721252,0.9515382647514343,-0.4135362207889557,0.9762850999832153,0.36063462495803833,0.9486969709396362,-0.42189735174179077,0.9894613027572632
down,0.5159136056900024,0.1554780751466751,-0.4718102812767029,0.9999510049819946,0.5216883420944214,0.13164953887462616,-0.4375098645687103,0.9999197721481323,0.5264517664909363,0.13141919672489166,-0.4375711977481842,0.9999318718910217,0.5307658910751343,0.1311844289302826,-0.43772178888320923,0.9998793601989746,0.5052729249000549,0.13266505300998688,-0.44496169686317444,0.9999020099639893,0.49733877182006836,0.133465975522995,-0.44507303833961487,0.9999251961708069,0.49088436365127563,0.13456012308597565,-0.4450832009315491,0.9998800754547119,0.5338239073753357,0.14146485924720764,-0.2633419632911682,0.9999012351036072,0.47855764627456665,0.14792674779891968,-0.29630234837532043,0.9999089241027832,0.5234310626983643,0.18703240156173706,-0.4091675877571106,0.9999812245368958,0.5059217214584351,0.18854130804538727,-0.41898542642593384,0.9999813437461853,0.5809435844421387,0.32202398777008057,-0.1787429004907608,0.9992801547050476,0.4301799237728119,0.32679662108421326,-0.20442867279052734,0.9994032979011536,0.6193045973777771,0.5515351891517639,-0.4257073402404785,0.923729419708252,0.4038236737251282,0.5451251864433289,-0.429666668176651,0.9506778717041016,0.615023136138916,0.4084019660949707,-0.7824496626853943,0.9244697093963623,0.40575331449508667,0.40612462162971497,-0.766169548034668,0.9562186002731323,0.6215144395828247,0.3827416002750397,-0.8453911542892456,0.8789225816726685,0.4038916528224945,0.3717483878135681,-0.8261672258377075,0.9301864504814148,0.6204743981361389,0.36827921867370605,-0.8203656077384949,0.8630517721176147,0.40714031457901,0.3571487367153168,-0.8124554753303528,0.9174859523773193,0.6168435215950012,0.37327879667282104,-0.7810577154159546,0.7681463956832886,0.41131266951560974,0.364632248878479,-0.767977774143219,0.8520657420158386,0.5559409260749817,0.6105853319168091,-0.002161556389182806,0.9991944432258606,0.4682753086090088,0.6168718338012695,0.0023395740427076817,0.9995374083518982,0.6220219135284424,0.6157212853431702,-0.6171795129776001,0.9950026869773865,0.3823583424091339,0.6135121583938599,-0.5948498249053955,0.9925507307052612,0.6009964346885681,0.8538017272949219,-0.24375680088996887,0.9848605394363403,0.40047866106033325,0.8630584478378296,-0.24224373698234558,0.9954168200492859,0.5852161645889282,0.8863411545753479,-0.2157813310623169,0.9430937767028809,0.4159187376499176,0.9025208950042725,-0.2163611203432083,0.9801337122917175,0.622694194316864,0.9516013264656067,-0.4083801805973053,0.9754577279090881,0.3606204092502594,0.9483740925788879,-0.41695261001586914,0.9892234206199646
down,0.5163041353225708,0.1574684977531433,-0.4773205816745758,0.9999557137489319,0.5219787359237671,0.1332116723060608,-0.44332218170166016,0.9999272227287292,0.5266662240028381,0.13291379809379578,-0.44337964057922363,0.9999381899833679,0.5309048891067505,0.1324513703584671,-0.44353336095809937,0.999889612197876,0.5055524706840515,0.13401003181934357,-0.45070189237594604,0.9999101758003235,0.4977046847343445,0.1346951127052307,-0.4508132338523865,0.9999314546585083,0.4911690652370453,0.1355571150779724,-0.4508187174797058,0.9998893737792969,0.5338348746299744,0.14262628555297852,-0.2698290944099426,0.999910831451416,0.4786556363105774,0.14882510900497437,-0.3025364577770233,0.999917209148407,0.5237582921981812,0.1889251321554184,-0.4149326682090759,0.9999833703041077,0.5061399936676025,0.19066709280014038,-0.42465949058532715,0.9999833106994629,0.5810657739639282,0.3238880932331085,-0.18471136689186096,0.9993609189987183,0.43018513917922974,0.32775676250457764,-0.20950958132743835,0.999441921710968,0.6201814413070679,0.5575187802314758,-0.43535321950912476,0.9289308786392212,0.4031308591365814,0.5467886328697205,-0.4339725971221924,0.9522587060928345,0.6149362921714783,0.40837618708610535,-0.7908748984336853,0.9306384325027466,0.40557241439819336,0.4061296284198761,-0.7706428170204163,0.9582486152648926,0.6213164925575256,0.38252317905426025,-0.8544125556945801,0.8864661455154419,0.4031544327735901,0.3719288408756256,-0.8312094807624817,0.9330362677574158,0.6201837658882141,0.36823055148124695,-0.8277965784072876,0.8710127472877502,0.4069029688835144,0.35667863488197327,-0.8180667161941528,0.9203606247901917,0.6164997220039368,0.37322384119033813,-0.7887569665908813,0.7779697179794312,0.4111684262752533,0.36427193880081177,-0.772685170173645,0.856049120426178,0.5560259222984314,0.6139117479324341,-0.0021693373564630747,0.9992439150810242,0.46859949827194214,0.6188318729400635,0.0023472385946661234,0.9995638132095337,0.6220449209213257,0.615626335144043,-0.6202590465545654,0.9949395060539246,0.3821917772293091,0.6134130358695984,-0.5970039367675781,0.992373526096344,0.6009833812713623,0.8533064126968384,-0.24337024986743927,0.9848449230194092,0.40049082040786743,0.8629003763198853,-0.24002452194690704,0.9954146146774292,0.5849751234054565,0.8856838941574097,-0.21481791138648987,0.9438662528991699,0.41595759987831116,0.9019774794578552,-0.21372053027153015,0.9802073240280151,0.6225355863571167,0.9517547488212585,-0.40816497802734375,0.9757237434387207,0.3608240783214569,0.9471811056137085,-0.4157082438468933,0.9893394708633423
down,0.5163465142250061,0.15873032808303833,-0.4542023241519928,0.9999569654464722,0.5220604538917542,0.1346610188484192,-0.4206106662750244,0.9999285936355591,0.5267041921615601,0.13446152210235596,-0.4206685423851013,0.99993896484375,0.5309447050094604,0.13396243751049042,-0.4208129346370697,0.9998914003372192,0.5057418346405029,0.13501550257205963,-0.42776185274124146,0.999912440776825,0.4980730414390564,0.1355064958333969,-0.42787089943885803,0.9999333024024963,0.4914870858192444,0.13609737157821655,-0.42787712812423706,0.9998930096626282,0.5338506102561951,0.14412426948547363,-0.2523466944694519,0.9999116063117981,0.47886529564857483,0.149104505777359,-0.2840353548526764,0.9999180436134338,0.5238075852394104,0.19006192684173584,-0.3940867781639099,0.999984085559845,0.5061705112457275,0.1915087103843689,-0.4034901261329651,0.9999839663505554,0.5814489126205444,0.325987845659256,-0.17077217996120453,0.9993714094161987,0.4303489625453949,0.32797935605049133,-0.1987096220254898,0.9994634985923767,0.6207033395767212,0.5581718683242798,-0.4128313660621643,0.933195173740387,0.4030207693576813,0.5474079847335815,-0.4126099944114685,0.9543254971504211,0.6149337291717529,0.4084363281726837,-0.7574659585952759,0.9338124990463257,0.405294805765152,0.4099383056163788,-0.7399340867996216,0.960935115814209,0.6200336813926697,0.38225916028022766,-0.8192459344863892,0.8890970945358276,0.402268648147583,0.37793248891830444,-0.7999624609947205,0.9371060132980347,0.6186680197715759,0.3683483600616455,-0.7926976084709167,0.8736836314201355,0.4064726233482361,0.3598848581314087,-0.7880133390426636,0.9251380562782288,0.6148235201835632,0.37332645058631897,-0.7550762295722961,0.7809547781944275,0.4105975031852722,0.36794862151145935,-0.7423405051231384,0.8636203408241272,0.5556967854499817,0.6152597069740295,-0.001288037747144699,0.9992744326591492,0.4681771695613861,0.6197189092636108,0.0014660961460322142,0.9995803833007812,0.6221302151679993,0.6159676313400269,-0.6213206052780151,0.9950242042541504,0.38195520639419556,0.6133047342300415,-0.601486325263977,0.9925282597541809,0.6008809804916382,0.8533216118812561,-0.2466842234134674,0.9850140810012817,0.4004930853843689,0.8629167079925537,-0.24821169674396515,0.9955098032951355,0.5845783352851868,0.8856911659240723,-0.21842804551124573,0.9458131790161133,0.41601139307022095,0.9017886519432068,-0.22236724197864532,0.9803624153137207,0.6226270794868469,0.952070951461792,-0.410674512386322,0.9764699339866638,0.36111947894096375,0.9465999007225037,-0.42296987771987915,0.9896156787872314
down,0.5162450075149536,0.15906962752342224,-0.44742685556411743,0.9999560117721558,0.5221074819564819,0.13508084416389465,-0.41352176666259766,0.9999266862869263,0.5267511010169983,0.13495121896266937,-0.4135831296443939,0.9999362826347351,0.5309956073760986,0.13446630537509918,-0.413728803396225,0.9998878240585327,0.505797803401947,0.13530085980892181,-0.4205840528011322,0.9999131560325623,0.49817734956741333,0.13572314381599426,-0.4206922948360443,0.999933660030365,0.49161475896835327,0.1362563520669937,-0.4207003116607666,0.9998959898948669,0.5339180827140808,0.144639790058136,-0.24451084434986115,0.9999057054519653,0.47901973128318787,0.14921578764915466,-0.2749943137168884,0.9999175667762756,0.5237704515457153,0.19036464393138885,-0.38711291551589966,0.9999834299087524,0.50603187084198,0.19164621829986572,-0.3962589502334595,0.9999838471412659,0.5808213353157043,0.325613409280777,-0.16366711258888245,0.9992842078208923,0.43081241846084595,0.32830557227134705,-0.1939990222454071,0.9994831085205078,0.6207789778709412,0.5523350834846497,-0.40728759765625,0.9314522743225098,0.403006374835968,0.5486359000205994,-0.40758633613586426,0.9565508961677551,0.6140516996383667,0.4066600799560547,-0.753881573677063,0.9280647039413452,0.4049457907676697,0.4122646749019623,-0.7346845865249634,0.9630120992660522,0.6173833608627319,0.38022831082344055,-0.815426230430603,0.8791716694831848,0.4015601575374603,0.38083818554878235,-0.7944239377975464,0.9399389624595642,0.6165518164634705,0.36737877130508423,-0.7886637449264526,0.8624110221862793,0.40592750906944275,0.36227187514305115,-0.7818325757980347,0.9285780191421509,0.6118201017379761,0.3722396790981293,-0.7516516447067261,0.7650260329246521,0.4090215265750885,0.37082791328430176,-0.7368737459182739,0.8690785765647888,0.5553786754608154,0.6153827905654907,-0.00024470264906995,0.9992786645889282,0.46780744194984436,0.6199820041656494,0.000415013317251578,0.9995884895324707,0.6225570440292358,0.6158864498138428,-0.6194344758987427,0.9949904084205627,0.38195937871932983,0.6129989624023438,-0.6012712717056274,0.9926332831382751,0.6008078455924988,0.853421688079834,-0.25160539150238037,0.9848810434341431,0.4006047248840332,0.8628197312355042,-0.2543961703777313,0.9955718517303467,0.5843828916549683,0.8858832716941833,-0.22358909249305725,0.9473720788955688,0.4161505699157715,0.9016924500465393,-0.22916468977928162,0.9803535342216492,0.622977077960968,0.9521445631980896,-0.4123314917087555,0.9768369197845459,0.36157578229904175,0.9462874531745911,-0.42917221784591675,0.989743709564209
down,0.517375648021698,0.1583208441734314,-0.42375263571739197,0.9999533891677856,0.5226273536682129,0.1344815045595169,-0.38961395621299744,0.9999238848686218,0.527391254901886,0.1342543661594391,-0.38967519998550415,0.9999331831932068,0.5315605401992798,0.13392260670661926,-0.3898145854473114,0.9998852014541626,0.5067085027694702,0.1349647343158722,-0.39906227588653564,0.9999123215675354,0.49953514337539673,0.1355593055486679,-0.3991696834564209,0.9999322891235352,0.4927409291267395,0.13620172441005707,-0.39918118715286255,0.9998969435691833,0.5341883301734924,0.14436456561088562,-0.22482402622699738,0.9999014139175415,0.47945699095726013,0.14932049810886383,-0.26640596985816956,0.9999154806137085,0.5245577096939087,0.189784437417984,-0.3652307391166687,0.9999822378158569,0.5078058242797852,0.1912248432636261,-0.3775534927845001,0.9999827742576599,0.5808252692222595,0.3256281614303589,-0.14851407706737518,0.9992133975028992,0.4309009611606598,0.32927635312080383,-0.18764053285121918,0.999472975730896,0.6204816699028015,0.5509305596351624,-0.3832014501094818,0.9258455634117126,0.40315666794776917,0.5488095879554749,-0.394656240940094,0.9585614204406738,0.6139534115791321,0.40946900844573975,-0.7217143774032593,0.9205009937286377,0.4048672616481781,0.41265636682510376,-0.7084164619445801,0.9646210670471191,0.6169024109840393,0.38274943828582764,-0.7804785966873169,0.8671615123748779,0.40157419443130493,0.3801763355731964,-0.76629638671875,0.9419974088668823,0.616399347782135,0.3703362047672272,-0.7549029588699341,0.8492805361747742,0.40591201186180115,0.36230963468551636,-0.7543560266494751,0.9311232566833496,0.6116222143173218,0.37496528029441833,-0.7197595834732056,0.7472581267356873,0.4091147780418396,0.37080222368240356,-0.7105265855789185,0.8731604218482971,0.5551268458366394,0.6147307753562927,0.0009025695617310703,0.9992547631263733,0.46729570627212524,0.6196085214614868,-0.0007232501520775259,0.999575138092041,0.6228925585746765,0.616060197353363,-0.5979024171829224,0.9948773384094238,0.38209617137908936,0.612644374370575,-0.5833737850189209,0.9926819801330566,0.6007853746414185,0.8537715673446655,-0.24893227219581604,0.9847993850708008,0.4007946848869324,0.8627110123634338,-0.2522517144680023,0.9955143928527832,0.5842955708503723,0.8865647315979004,-0.22189700603485107,0.9478546380996704,0.41642171144485474,0.9016265273094177,-0.2276134192943573,0.9798435568809509,0.623382031917572,0.9522572159767151,-0.4087114930152893,0.9771150946617126,0.3623214364051819,0.9460230469703674,-0.424516499042511,0.9896695613861084
down,0.5179006457328796,0.15790019929409027,-0.40735363960266113,0.9999473094940186,0.5230711698532104,0.13416507840156555,-0.3735499978065491,0.9999156594276428,0.5279141664505005,0.1338692605495453,-0.37361568212509155,0.9999252557754517,0.5321005582809448,0.13363060355186462,-0.3737555146217346,0.999873697757721,0.5072575211524963,0.13478346168994904,-0.3822647035121918,0.999906063079834,0.5002385377883911,0.13544395565986633,-0.38237011432647705,0.9999271035194397,0.4933316707611084,0.13614748418331146,-0.3823915123939514,0.9998924732208252,0.5345943570137024,0.14418622851371765,-0.21083490550518036,0.9998884797096252,0.4798491597175598,0.14931829273700714,-0.24932320415973663,0.9999104142189026,0.5249980688095093,0.18946969509124756,-0.34961873292922974,0.9999794363975525,0.5084167718887329,0.190886989235878,-0.3610190749168396,0.9999803900718689,0.5810929536819458,0.325623482465744,-0.13465407490730286,0.9990573525428772,0.43112701177597046,0.32977554202079773,-0.17321762442588806,0.9994645714759827,0.6200641989707947,0.5475075840950012,-0.3709073066711426,0.9151809215545654,0.40322327613830566,0.549263060092926,-0.375766783952713,0.9588994383811951,0.6138718128204346,0.40869712829589844,-0.7063826322555542,0.9040953516960144,0.40517711639404297,0.4130842983722687,-0.682344913482666,0.9647263288497925,0.6159497499465942,0.3820843994617462,-0.7637696266174316,0.8447104096412659,0.40214744210243225,0.37983933091163635,-0.7385208606719971,0.942081093788147,0.6159588098526001,0.3698519468307495,-0.7368562817573547,0.8245236873626709,0.40602245926856995,0.3622196912765503,-0.7265721559524536,0.9315122961997986,0.6110231280326843,0.3740333020687103,-0.7039175629615784,0.7157876491546631,0.4096718728542328,0.3707902133464813,-0.6842526793479919,0.8741499185562134,0.5560244917869568,0.6141862273216248,0.0012062422465533018,0.9991944432258606,0.46715784072875977,0.6193295121192932,-0.0010146207641810179,0.9995460510253906,0.6229041814804077,0.6155582666397095,-0.5895163416862488,0.9948335886001587,0.3821098208427429,0.6126112341880798,-0.5719358325004578,0.9928139448165894,0.6007465124130249,0.8540988564491272,-0.252577006816864,0.9848124384880066,0.40086087584495544,0.8623864054679871,-0.25130096077919006,0.9954606890678406,0.5841184854507446,0.8870711326599121,-0.22754299640655518,0.948063313961029,0.41653138399124146,0.9012402296066284,-0.22826655209064484,0.979679524898529,0.6236447095870972,0.9526306390762329,-0.41429978609085083,0.9772828221321106,0.362758606672287,0.9457144141197205,-0.42182302474975586,0.9895445704460144
down,0.5179197788238525,0.15792183578014374,-0.4073371887207031,0.9999428391456604,0.5232313275337219,0.13436880707740784,-0.3735763430595398,0.9999086856842041,0.5280719995498657,0.1340838074684143,-0.3736405670642853,0.9999183416366577,0.5323313474655151,0.13385985791683197,-0.3737815022468567,0.9998618364334106,0.5073439478874207,0.13485100865364075,-0.3821309506893158,0.9999018311500549,0.500268280506134,0.13547195494174957,-0.38223451375961304,0.9999240636825562,0.4933549463748932,0.13616003096103668,-0.3822554349899292,0.9998898506164551,0.5349756479263306,0.144442617893219,-0.21086454391479492,0.9998745918273926,0.4799334406852722,0.1493067592382431,-0.2487575113773346,0.9999096989631653,0.5250539183616638,0.18946045637130737,-0.349602073431015,0.9999770522117615,0.5083633661270142,0.1907888650894165,-0.3608589470386505,0.9999791979789734,0.5812590718269348,0.3258659541606903,-0.1346680074930191,0.9988797903060913,0.43109506368637085,0.32845452427864075,-0.17319467663764954,0.9994751214981079,0.6196979284286499,0.5468028783798218,-0.3725917637348175,0.9058622121810913,0.4031836986541748,0.5489073991775513,-0.3780807554721832,0.9589520692825317,0.6137512922286987,0.4080897867679596,-0.7099563479423523,0.8858146667480469,0.4059324264526367,0.4132719337940216,-0.6846477389335632,0.9636269807815552,0.6156546473503113,0.3813249468803406,-0.7679451107978821,0.8204220533370972,0.4036784768104553,0.3784532845020294,-0.7409294247627258,0.9401932954788208,0.6158543825149536,0.3687880337238312,-0.7409624457359314,0.797461748123169,0.4067312180995941,0.3623736500740051,-0.7283785343170166,0.9294276833534241,0.6109417080879211,0.3733617663383484,-0.7075759768486023,0.6817208528518677,0.41115909814834595,0.37085744738578796,-0.6861944794654846,0.870898962020874,0.5562302470207214,0.613959014415741,0.0012142685009166598,0.9991147518157959,0.46687060594558716,0.6185436844825745,-0.0010214876383543015,0.9995185136795044,0.6229835748672485,0.6157107949256897,-0.5907773375511169,0.9947105646133423,0.3821329176425934,0.6127036809921265,-0.5733612775802612,0.9927792549133301,0.6006814241409302,0.8543729186058044,-0.25251492857933044,0.9844256043434143,0.4009696841239929,0.8623716831207275,-0.24950897693634033,0.9953681826591492,0.5838451981544495,0.8875275254249573,-0.22779731452465057,0.9473179578781128,0.4166468679904938,0.9012876152992249,-0.2267814576625824,0.9795475006103516,0.623759388923645,0.9530352354049683,-0.4140855371952057,0.9766469597816467,0.362659215927124,0.9456602931022644,-0.41949263215065,0.9892621636390686
down,0.5178176164627075,0.15797480940818787,-0.3979945182800293,0.999938428401947,0.5233014822006226,0.13480573892593384,-0.36398276686668396,0.9999001622200012,0.5281544923782349,0.1345817744731903,-0.36404865980148315,0.9999101161956787,0.5324685573577881,0.13436192274093628,-0.36418527364730835,0.9998471140861511,0.5073210000991821,0.13495823740959167,-0.3720123767852783,0.9998967051506042,0.5001247525215149,0.13549795746803284,-0.372113972902298,0.9999206066131592,0.4932490885257721,0.13614585995674133,-0.37213462591171265,0.9998856782913208,0.5353044271469116,0.14484618604183197,-0.20211048424243927,0.9998566508293152,0.479999840259552,0.14929638803005219,-0.23723140358924866,0.9999061822891235,0.5250376462936401,0.18949216604232788,-0.3408809006214142,0.9999746084213257,0.5079939365386963,0.1906263530254364,-0.35149526596069336,0.9999780058860779,0.5814929008483887,0.32750260829925537,-0.12903663516044617,0.998642086982727,0.4310625195503235,0.3282328248023987,-0.1634131669998169,0.9994794726371765,0.619029700756073,0.5463112592697144,-0.36723145842552185,0.898730993270874,0.4033438265323639,0.5493804812431335,-0.3645525574684143,0.9585330486297607,0.6132441759109497,0.4071466624736786,-0.7034059762954712,0.8734734654426575,0.40586596727371216,0.4171576499938965,-0.6756965517997742,0.9634844660758972,0.6151589751243591,0.38089945912361145,-0.7614331841468811,0.8055953979492188,0.40297383069992065,0.38480207324028015,-0.7329233884811401,0.940528154373169,0.6155237555503845,0.36873796582221985,-0.7349423766136169,0.7810022830963135,0.4068676829338074,0.36783406138420105,-0.7217947244644165,0.9300816655158997,0.6102752685546875,0.37302008271217346,-0.7013220191001892,0.6616342067718506,0.41136759519577026,0.3742137849330902,-0.6781212091445923,0.8721359372138977,0.5560387372970581,0.6139455437660217,0.0014938395470380783,0.9990672469139099,0.46619242429733276,0.6182385087013245,-0.001302484655752778,0.9995077252388,0.6232404112815857,0.6163511872291565,-0.5857003331184387,0.9947049617767334,0.3821156919002533,0.6128326654434204,-0.5697810053825378,0.992859423160553,0.6006178259849548,0.8545616865158081,-0.24750909209251404,0.9841873049736023,0.40099644660949707,0.8623532056808472,-0.24701008200645447,0.9953692555427551,0.5837282538414001,0.88777756690979,-0.22248737514019012,0.9470973610877991,0.41668397188186646,0.9013600945472717,-0.224153071641922,0.9795224666595459,0.6238391399383545,0.9533555507659912,-0.40720218420028687,0.976220965385437,0.3626394271850586,0.9456507563591003,-0.4180130362510681,0.9891307353973389
down,0.5176289677619934,0.15834832191467285,-0.40032249689102173,0.9999358654022217,0.5233405232429504,0.13561631739139557,-0.36627668142318726,0.999894380569458,0.5281921625137329,0.13554365932941437,-0.3663462698459625,0.9999051094055176,0.5325500965118408,0.13528800010681152,-0.3664838969707489,0.9998377561569214,0.5071684122085571,0.13522230088710785,-0.3736380934715271,0.9998921751976013,0.4996892511844635,0.13557420670986176,-0.3737398684024811,0.9999178647994995,0.49292200803756714,0.13610130548477173,-0.3737574517726898,0.999881386756897,0.5354838967323303,0.1454704999923706,-0.20260405540466309,0.9998430013656616,0.48002782464027405,0.1491290032863617,-0.23485049605369568,0.999900221824646,0.525020182132721,0.19000102579593658,-0.34252288937568665,0.9999731183052063,0.507490873336792,0.19068275392055511,-0.35219985246658325,0.9999770522117615,0.5811919569969177,0.32722580432891846,-0.12769493460655212,0.998546302318573,0.4312214255332947,0.3279755413532257,-0.1584647297859192,0.9994841814041138,0.6176429986953735,0.5453059077262878,-0.36569511890411377,0.8992108702659607,0.40367236733436584,0.5524069666862488,-0.35870859026908875,0.9571709036827087,0.6130228042602539,0.4067821800708771,-0.704416811466217,0.8736125230789185,0.405958890914917,0.42160388827323914,-0.6734250783920288,0.9638794660568237,0.615124523639679,0.3815135061740875,-0.7637138962745667,0.8076112866401672,0.4021488130092621,0.38878577947616577,-0.7315720319747925,0.9420689940452576,0.6156569123268127,0.36991745233535767,-0.7383241057395935,0.7833071947097778,0.4066888391971588,0.3714943826198578,-0.7221419215202332,0.9323822259902954,0.6102737188339233,0.3735976219177246,-0.7028113603591919,0.6647277474403381,0.4112236499786377,0.37791675329208374,-0.6764506697654724,0.8765385150909424,0.5558021664619446,0.6139061450958252,0.001231960253790021,0.9990698099136353,0.46547046303749084,0.6181668043136597,-0.0010370401432737708,0.9995113015174866,0.6232635378837585,0.6163901090621948,-0.5896266102790833,0.9949000477790833,0.3821292817592621,0.6125333309173584,-0.5714614987373352,0.9931426048278809,0.6004935503005981,0.8547218441963196,-0.25423258543014526,0.9845720529556274,0.40103501081466675,0.862191915512085,-0.2525995075702667,0.9954961538314819,0.5835627913475037,0.887948751449585,-0.2297312319278717,0.9482894539833069,0.41671910881996155,0.9009837508201599,-0.23027928173542023,0.9798941016197205,0.6241145730018616,0.9534437656402588,-0.4175381064414978,0.9765784740447998,0.3633805811405182,0.945599377155304,-0.4262387752532959,0.9892345666885376
down,0.5171071290969849,0.15888574719429016,-0.39985528588294983,0.9999396800994873,0.5231885313987732,0.13618111610412598,-0.36581820249557495,0.9999001026153564,0.5280267000198364,0.1362549513578415,-0.36588412523269653,0.9999102354049683,0.5324589014053345,0.1360301971435547,-0.36602163314819336,0.9998464584350586,0.5068267583847046,0.13552901148796082,-0.3735753893852234,0.9998987913131714,0.4991452097892761,0.13572658598423004,-0.3736773431301117,0.9999231696128845,0.4924651086330414,0.13615722954273224,-0.3736940622329712,0.9998881220817566,0.5354939699172974,0.14650866389274597,-0.20269696414470673,0.9998518824577332,0.47995704412460327,0.14909616112709045,-0.23846974968910217,0.9999052286148071,0.5247493982315063,0.1910838931798935,-0.342357337474823,0.9999748468399048,0.506407618522644,0.19115035235881805,-0.3524138331413269,0.9999784827232361,0.5808371901512146,0.32719630002975464,-0.13115228712558746,0.9986066818237305,0.43100371956825256,0.330142080783844,-0.16450268030166626,0.9995036721229553,0.6183308959007263,0.5471876859664917,-0.3697633147239685,0.905309796333313,0.40407925844192505,0.5555787086486816,-0.36840686202049255,0.9576600790023804,0.6131891012191772,0.4069198966026306,-0.7037383317947388,0.8813713788986206,0.4060063362121582,0.42434751987457275,-0.6831200122833252,0.9650440216064453,0.6148163080215454,0.381714791059494,-0.7624770998954773,0.8168254494667053,0.40188273787498474,0.3910443186759949,-0.7417535185813904,0.9441649317741394,0.6134796142578125,0.3698137104511261,-0.7364853620529175,0.7932077646255493,0.4066007733345032,0.37384232878685,-0.7309376001358032,0.9349257349967957,0.6093101501464844,0.3735752999782562,-0.7017048597335815,0.6767765879631042,0.4111459255218506,0.38054990768432617,-0.6857800483703613,0.8805913925170898,0.5557692646980286,0.6140772700309753,0.0017011333256959915,0.9991332292556763,0.4655369222164154,0.6185597777366638,-0.0015119746094569564,0.999539852142334,0.6232157349586487,0.6166260838508606,-0.5919438004493713,0.9950641989707947,0.382165789604187,0.6121723055839539,-0.5715962648391724,0.9932069778442383,0.6003656387329102,0.8547700643539429,-0.2467697560787201,0.9847464561462402,0.4011104106903076,0.8621618747711182,-0.2456962615251541,0.9955676198005676,0.5834251642227173,0.888030469417572,-0.22075584530830383,0.9492892026901245,0.416755735874176,0.9009581804275513,-0.2225961983203888,0.9799644351005554,0.6241503953933716,0.9535086154937744,-0.40518203377723694,0.9768772125244141,0.3635982573032379,0.9455899596214294,-0.41699299216270447,0.9893448948860168
down,0.5169292092323303,0.15934531390666962,-0.41333913803100586,0.9999454617500305,0.5231198668479919,0.13651779294013977,-0.37959593534469604,0.9999096989631653,0.5279460549354553,0.1366434246301651,-0.3796541690826416,0.999919056892395,0.532404363155365,0.13645721971988678,-0.37979283928871155,0.999861478805542,0.506756067276001,0.1357993185520172,-0.3881475329399109,0.9999086260795593,0.49906453490257263,0.135947585105896,-0.38825446367263794,0.9999306797981262,0.49238842725753784,0.1363116204738617,-0.3882583677768707,0.9998981356620789,0.5354846119880676,0.14734092354774475,-0.21657605469226837,0.9998680353164673,0.4799029231071472,0.1490999013185501,-0.25489747524261475,0.9999133944511414,0.5245940089225769,0.19194835424423218,-0.35556864738464355,0.9999775886535645,0.5061491131782532,0.1917085200548172,-0.36687907576560974,0.9999805092811584,0.5804589986801147,0.3274158835411072,-0.14185652136802673,0.9987267851829529,0.43075627088546753,0.3324522376060486,-0.17791518568992615,0.999530553817749,0.6187083125114441,0.5491160750389099,-0.3793630003929138,0.9127025008201599,0.4044227600097656,0.5569432377815247,-0.3793404698371887,0.9586859941482544,0.613861620426178,0.4072939455509186,-0.715539813041687,0.8917593359947205,0.40593457221984863,0.42761799693107605,-0.6957936882972717,0.9667223691940308,0.6147545576095581,0.3827887773513794,-0.7748844027519226,0.8300713896751404,0.4009914994239807,0.39481842517852783,-0.7549620270729065,0.9471203684806824,0.6130548715591431,0.370045006275177,-0.7490778565406799,0.8078135848045349,0.40565067529678345,0.37714001536369324,-0.7450907826423645,0.9384785294532776,0.6089761257171631,0.3736056983470917,-0.7133157253265381,0.6955613493919373,0.4094495177268982,0.38400447368621826,-0.6988534331321716,0.8862404823303223,0.5553761124610901,0.6141032576560974,0.002123809652402997,0.999208390712738,0.4651988446712494,0.6186498403549194,-0.001939486712217331,0.9995738863945007,0.6230776309967041,0.6164328455924988,-0.5924543142318726,0.9952861070632935,0.38212794065475464,0.6120523810386658,-0.5719074010848999,0.993359386920929,0.6002777814865112,0.8548426032066345,-0.2393675148487091,0.9851384162902832,0.40112701058387756,0.8621269464492798,-0.2394820898771286,0.9956904053688049,0.5832885503768921,0.8881295919418335,-0.21232762932777405,0.9508168697357178,0.41677433252334595,0.9009687900543213,-0.215580552816391,0.980206310749054,0.6241754293441772,0.9536601305007935,-0.39620792865753174,0.9774506688117981,0.36362725496292114,0.9457706809043884,-0.4099303185939789,0.9895824193954468
down,0.5167714357376099,0.159474715590477,-0.4130198061466217,0.9999491572380066,0.5230373740196228,0.13669884204864502,-0.3791053593158722,0.9999170303344727,0.5278269648551941,0.13683201372623444,-0.3791654706001282,0.9999258518218994,0.5322967767715454,0.1366640329360962,-0.3793047070503235,0.999873697757721,0.5066508054733276,0.13598118722438812,-0.3876402974128723,0.9999149441719055,0.498929888010025,0.13612645864486694,-0.3877454698085785,0.9999352693557739,0.4922802448272705,0.1364833563566208,-0.387751042842865,0.9999040961265564,0.5354602932929993,0.14760912954807281,-0.21566712856292725,0.9998810291290283,0.4798373579978943,0.1490836888551712,-0.254768043756485,0.9999176859855652,0.5244778990745544,0.19210399687290192,-0.35524994134902954,0.9999794960021973,0.5060230493545532,0.1918044239282608,-0.36662396788597107,0.9999815225601196,0.579784631729126,0.3268015682697296,-0.14092756807804108,0.9988541603088379,0.4307487905025482,0.33396396040916443,-0.17813816666603088,0.9995174407958984,0.61872398853302,0.5487966537475586,-0.3767659068107605,0.9181612133979797,0.4048047959804535,0.5574935674667358,-0.3768904209136963,0.9573325514793396,0.6140760779380798,0.4078001379966736,-0.7115352749824524,0.8999544382095337,0.40603765845298767,0.42738309502601624,-0.6888545751571655,0.96634441614151,0.6147000789642334,0.3842737078666687,-0.7705338597297668,0.8400490283966064,0.4008541703224182,0.3943987488746643,-0.7470830678939819,0.9469656348228455,0.6133497953414917,0.37071526050567627,-0.7453057765960693,0.8190416693687439,0.40525752305984497,0.37699636816978455,-0.7373752593994141,0.938454806804657,0.6090781688690186,0.3740954101085663,-0.7094611525535583,0.7102773785591125,0.4088231027126312,0.3842582702636719,-0.6918691396713257,0.8861958384513855,0.555284857749939,0.6138696074485779,0.0022142347879707813,0.9992510080337524,0.4650357663631439,0.6187671422958374,-0.0020298180170357227,0.9995847344398499,0.6229097843170166,0.6166402697563171,-0.5904118418693542,0.995344340801239,0.3820860981941223,0.6119773983955383,-0.5710909366607666,0.9932644367218018,0.6002172827720642,0.8549016118049622,-0.23500046133995056,0.9851423501968384,0.40116462111473083,0.8618621826171875,-0.2353755682706833,0.9957038164138794,0.5832312703132629,0.8882026076316833,-0.2079678773880005,0.9510901570320129,0.41681066155433655,0.9006150960922241,-0.21118588745594025,0.9800314903259277,0.6242194771766663,0.9536848068237305,-0.390769362449646,0.9774049520492554,0.3637281656265259,0.9457252621650696,-0.4038887917995453,0.989560067653656
down,0.5167048573493958,0.1592780500650406,-0.38666215538978577,0.9999480843544006,0.5229424834251404,0.1366734355688095,-0.35208660364151,0.9999174475669861,0.5277010798454285,0.1367693543434143,-0.3521561920642853,0.999925971031189,0.5321553945541382,0.136583149433136,-0.35229554772377014,0.9998750686645508,0.506568193435669,0.1360364407300949,-0.3612053394317627,0.9999148845672607,0.4988071024417877,0.1361771821975708,-0.3613070845603943,0.9999347925186157,0.49215802550315857,0.136540949344635,-0.36131975054740906,0.9999039173126221,0.5352966785430908,0.1474178284406662,-0.18981465697288513,0.999881386756897,0.47968006134033203,0.14920802414417267,-0.23048608005046844,0.9999167323112488,0.5243995189666748,0.1917686015367508,-0.32942503690719604,0.99997878074646,0.5060638189315796,0.19149979948997498,-0.3415079712867737,0.9999805688858032,0.5788285136222839,0.3240651488304138,-0.11989659070968628,0.998844563961029,0.4307708144187927,0.33366382122039795,-0.15730124711990356,0.9994724988937378,0.6180733442306519,0.5450787544250488,-0.3536173403263092,0.9144801497459412,0.4048483371734619,0.5572829842567444,-0.35657286643981934,0.9538856744766235,0.6137470006942749,0.4075550138950348,-0.6848794221878052,0.8971880078315735,0.4060656428337097,0.42245978116989136,-0.6639562249183655,0.9640581607818604,0.6144522428512573,0.38429370522499084,-0.7420042753219604,0.8364723920822144,0.40112367272377014,0.3895120918750763,-0.720576822757721,0.9437655806541443,0.613376259803772,0.37056583166122437,-0.7171148061752319,0.8151348829269409,0.40581899881362915,0.37197521328926086,-0.709865152835846,0.9348083734512329,0.6088718175888062,0.37413594126701355,-0.6829310059547424,0.7056695818901062,0.408968061208725,0.38010814785957336,-0.6664680242538452,0.8807173371315002,0.5559163093566895,0.6135925054550171,0.0017995353555306792,0.9992265105247498,0.46540766954421997,0.6188640594482422,-0.0016111923614516854,0.9995661377906799,0.6228557825088501,0.6172723770141602,-0.5813172459602356,0.9952296018600464,0.38207921385765076,0.611990749835968,-0.5615907907485962,0.9930899739265442,0.6001678109169006,0.8548963069915771,-0.23688039183616638,0.9846340417861938,0.40121030807495117,0.8617808222770691,-0.23610761761665344,0.9956230521202087,0.5831703543663025,0.8881193399429321,-0.21108391880989075,0.9498060345649719,0.41683459281921387,0.9006735682487488,-0.2127821445465088,0.9799033999443054,0.6242666244506836,0.9537672400474548,-0.3920077681541443,0.976651668548584,0.36364760994911194,0.9454383254051208,-0.4042279124259949,0.9893567562103271
down,0.5163148641586304,0.15793244540691376,-0.36079543828964233,0.9999374747276306,0.5223512649536133,0.13507679104804993,-0.32628172636032104,0.9999043941497803,0.5272113084793091,0.13508881628513336,-0.32635733485221863,0.9999138116836548,0.5316218137741089,0.13493916392326355,-0.3264961540699005,0.9998570084571838,0.5061968564987183,0.13513638079166412,-0.33565253019332886,0.9999046921730042,0.49831900000572205,0.13544075191020966,-0.3357565104961395,0.9999260902404785,0.4916877746582031,0.13604512810707092,-0.33578965067863464,0.9998934268951416,0.5347737073898315,0.14587797224521637,-0.16949400305747986,0.9998619556427002,0.479062020778656,0.14895719289779663,-0.2109728753566742,0.9999090433120728,0.5239185094833374,0.1896410584449768,-0.3060143291950226,0.9999731779098511,0.5058032870292664,0.18975040316581726,-0.3182956576347351,0.9999760985374451,0.578626275062561,0.32383236289024353,-0.10548324882984161,0.9985007047653198,0.4304993152618408,0.3340988755226135,-0.14525958895683289,0.9994041323661804,0.6173188090324402,0.5451287627220154,-0.3383694887161255,0.8899660706520081,0.4047812819480896,0.5574841499328613,-0.3418150544166565,0.9492756724357605,0.6087173223495483,0.40509042143821716,-0.6620155572891235,0.8667301535606384,0.40564221143722534,0.4184696674346924,-0.6389530301094055,0.9581231474876404,0.6114034056663513,0.38141173124313354,-0.7165325880050659,0.8009304404258728,0.40285611152648926,0.38709068298339844,-0.6935092210769653,0.9347681403160095,0.6089329719543457,0.36674195528030396,-0.6910417675971985,0.776118814945221,0.4079175591468811,0.36650756001472473,-0.6820818781852722,0.9241300225257874,0.6054500937461853,0.3716931641101837,-0.6599311232566833,0.659274697303772,0.41177406907081604,0.37449508905410767,-0.6409396529197693,0.8641840815544128,0.557019829750061,0.6134949326515198,0.0019423769554123282,0.9991216063499451,0.4660334587097168,0.6193205714225769,-0.0017388627165928483,0.9995104670524597,0.6227666139602661,0.6173746585845947,-0.5586127042770386,0.9946930408477783,0.3819414973258972,0.6120965480804443,-0.5383070111274719,0.9925315976142883,0.6001259088516235,0.8549364805221558,-0.2422812283039093,0.9832738041877747,0.40107274055480957,0.8620461225509644,-0.2360374927520752,0.9950977563858032,0.5830073952674866,0.8881409764289856,-0.22003570199012756,0.9460952877998352,0.41657838225364685,0.9022887349128723,-0.21540836989879608,0.9787454605102539,0.6241884827613831,0.9542236328125,-0.3969765305519104,0.9745429158210754,0.36166056990623474,0.9452692866325378,-0.4007088243961334,0.9882224202156067
down,0.5154340863227844,0.1570279598236084,-0.3674972355365753,0.9999317526817322,0.5216490626335144,0.1342669427394867,-0.3329339027404785,0.9998966455459595,0.5265670418739319,0.1343308389186859,-0.3330039381980896,0.9999071955680847,0.5310397744178772,0.13429231941699982,-0.3331448435783386,0.9998475313186646,0.5053481459617615,0.13465707004070282,-0.3421790301799774,0.9998994469642639,0.4973539412021637,0.13509880006313324,-0.34228160977363586,0.9999217391014099,0.4908173084259033,0.1358645260334015,-0.3423098921775818,0.9998878240585327,0.5345544219017029,0.1454971432685852,-0.17592878639698029,0.9998542070388794,0.4786377549171448,0.1489458680152893,-0.218476802110672,0.9999052286148071,0.5233979821205139,0.18854036927223206,-0.31263548135757446,0.9999706149101257,0.5048829317092896,0.18895560503005981,-0.3246803879737854,0.9999738335609436,0.5789672136306763,0.3243904709815979,-0.11367887258529663,0.9983648061752319,0.4302096366882324,0.3342854380607605,-0.15481707453727722,0.999396026134491,0.6173154711723328,0.5458672642707825,-0.3466390371322632,0.8824354410171509,0.4047245383262634,0.5576257705688477,-0.3559049963951111,0.9484670758247375,0.6087812781333923,0.40519019961357117,-0.6667901277542114,0.8540801405906677,0.4055212140083313,0.41688981652259827,-0.6544334292411804,0.9563084244728088,0.6113258600234985,0.38133347034454346,-0.7215586304664612,0.7852963209152222,0.4024294912815094,0.3876197934150696,-0.7093945145606995,0.9317853450775146,0.6090108752250671,0.3666534721851349,-0.6952688694000244,0.7588370442390442,0.40803614258766174,0.36636656522750854,-0.6965318918228149,0.9205728769302368,0.6054813265800476,0.37156182527542114,-0.6644141674041748,0.6386019587516785,0.4121202528476715,0.37401753664016724,-0.6562079191207886,0.8587945103645325,0.5575665235519409,0.6134245991706848,0.0020071284379810095,0.9990989565849304,0.4663259983062744,0.6199686527252197,-0.0018017642432823777,0.9994968175888062,0.6225295066833496,0.6174026727676392,-0.5603492856025696,0.994422972202301,0.38166892528533936,0.6123759150505066,-0.5373170375823975,0.9922255277633667,0.6000838875770569,0.8550517559051514,-0.24246597290039062,0.982780933380127,0.4007779061794281,0.8621724247932434,-0.2292008399963379,0.9947851300239563,0.5827479362487793,0.8884835839271545,-0.2196359932422638,0.9446261525154114,0.41624265909194946,0.9031713008880615,-0.20803868770599365,0.9781783819198608,0.6241698861122131,0.9542306661605835,-0.3974143862724304,0.9735873341560364,0.36008986830711365,0.9449005126953125,-0.3928871154785156,0.9875881671905518
down,0.5150371789932251,0.15681417286396027,-0.38542842864990234,0.9999307990074158,0.5213316679000854,0.13401396572589874,-0.35046812891960144,0.9998955130577087,0.526246190071106,0.1340610235929489,-0.35053354501724243,0.9999067783355713,0.5307292938232422,0.1340235322713852,-0.35067984461784363,0.999846875667572,0.5049923658370972,0.13460877537727356,-0.36085444688796997,0.9998987317085266,0.4969463348388672,0.13508537411689758,-0.36096033453941345,0.9999212026596069,0.49040740728378296,0.13588882982730865,-0.3609858751296997,0.9998865127563477,0.534369945526123,0.14516101777553558,-0.19117094576358795,0.999857485294342,0.47848862409591675,0.1490127295255661,-0.23741629719734192,0.9999067187309265,0.5231105089187622,0.18824748694896698,-0.32969197630882263,0.9999703168869019,0.504647433757782,0.18888261914253235,-0.34336546063423157,0.9999732375144958,0.5796455144882202,0.3252548575401306,-0.1252216100692749,0.9983181357383728,0.4300210475921631,0.33440738916397095,-0.17046014964580536,0.9993953704833984,0.6172561645507812,0.5464537143707275,-0.36228612065315247,0.8751185536384583,0.40469351410865784,0.5576875805854797,-0.3759405314922333,0.9471292495727539,0.6088217496871948,0.40540462732315063,-0.68834388256073,0.8419023156166077,0.4059687554836273,0.41563743352890015,-0.6744323968887329,0.952808141708374,0.6116939783096313,0.380606085062027,-0.7428655624389648,0.7697655558586121,0.40300941467285156,0.38686463236808777,-0.7289162278175354,0.9264671206474304,0.6104612350463867,0.36626002192497253,-0.7157637476921082,0.7421837449073792,0.40826401114463806,0.3662340044975281,-0.7152606248855591,0.9141966104507446,0.6059309244155884,0.3712284564971924,-0.6857882738113403,0.6179336309432983,0.41269248723983765,0.3735317587852478,-0.675812840461731,0.848610520362854,0.5579787492752075,0.6133918166160583,0.0023814865853637457,0.9990876913070679,0.46695375442504883,0.6202240586280823,-0.002171943662688136,0.9994943737983704,0.6224233508110046,0.6175145506858826,-0.5615744590759277,0.9942189455032349,0.381647527217865,0.6129746437072754,-0.537810206413269,0.9919971227645874,0.6000605225563049,0.8548284769058228,-0.23162169754505157,0.9825385212898254,0.40068522095680237,0.8621758222579956,-0.22130246460437775,0.9946417212486267,0.5826584100723267,0.8884893655776978,-0.20732584595680237,0.9439752697944641,0.41610193252563477,0.9032466411590576,-0.19917908310890198,0.9779622554779053,0.6241823434829712,0.9536346197128296,-0.38598617911338806,0.9730249047279358,0.35942205786705017,0.9441847801208496,-0.38491469621658325,0.9872962832450867
down,0.5144413709640503,0.15663979947566986,-0.38720181584358215,0.9999316334724426,0.5209710597991943,0.13379938900470734,-0.35167720913887024,0.9998984932899475,0.5259153246879578,0.1338275521993637,-0.35174670815467834,0.9999091625213623,0.5304797291755676,0.13378864526748657,-0.3518971800804138,0.9998522996902466,0.5044131278991699,0.13455598056316376,-0.3616260886192322,0.9999006986618042,0.49634766578674316,0.13506828248500824,-0.3617308437824249,0.9999222755432129,0.4897972643375397,0.13591943681240082,-0.3617551922798157,0.9998885989189148,0.5343309044837952,0.14484421908855438,-0.19064734876155853,0.9998638033866882,0.4783332347869873,0.14903661608695984,-0.23501351475715637,0.9999093413352966,0.5227749347686768,0.188059464097023,-0.3309997320175171,0.9999707341194153,0.5042280554771423,0.1888584941625595,-0.3440552353858948,0.9999730587005615,0.5803523063659668,0.326103538274765,-0.12576322257518768,0.9982226490974426,0.4299214482307434,0.33450672030448914,-0.16793648898601532,0.9993696808815002,0.6168065667152405,0.5456733703613281,-0.36573097109794617,0.8624171018600464,0.404649555683136,0.5567334294319153,-0.3761890232563019,0.9418861269950867,0.608875036239624,0.4051705300807953,-0.6940835118293762,0.8151065707206726,0.40699759125709534,0.4138309955596924,-0.678642988204956,0.9432454109191895,0.611923336982727,0.37942397594451904,-0.7494227886199951,0.738365113735199,0.405046284198761,0.38136279582977295,-0.7337228655815125,0.9128866195678711,0.6123571991920471,0.3664586842060089,-0.7229623198509216,0.7090595960617065,0.4086696207523346,0.36444103717803955,-0.7203283905982971,0.8982582092285156,0.6062809824943542,0.3711320161819458,-0.6918348073959351,0.5803737640380859,0.41326913237571716,0.3718286156654358,-0.6803270578384399,0.8252423405647278,0.5583834648132324,0.6134071946144104,0.002202372532337904,0.9990759491920471,0.4674313962459564,0.6203199625015259,-0.001992772100493312,0.9994925856590271,0.6224197745323181,0.6180998682975769,-0.561046302318573,0.9940071105957031,0.38170909881591797,0.6131806373596191,-0.5373266339302063,0.9918434023857117,0.6003212332725525,0.8541125655174255,-0.2316613644361496,0.9826840758323669,0.40061426162719727,0.8617489337921143,-0.22192087769508362,0.9946281909942627,0.5829225778579712,0.8880077004432678,-0.20763882994651794,0.9438095092773438,0.416010320186615,0.9026222229003906,-0.19992513954639435,0.978116512298584,0.6244229078292847,0.9529440402984619,-0.3879096508026123,0.9729731678962708,0.3592011332511902,0.9437538981437683,-0.38657504320144653,0.9872453212738037
down,0.5142942667007446,0.15634441375732422,-0.3851824402809143,0.9999343156814575,0.5208646059036255,0.13338685035705566,-0.34923577308654785,0.9999040365219116,0.5258297920227051,0.13340599834918976,-0.3493078947067261,0.9999141693115234,0.5304140448570251,0.13343703746795654,-0.3494628071784973,0.9998618960380554,0.5042690634727478,0.1341833472251892,-0.3589273989200592,0.9999051094055176,0.49620985984802246,0.13473352789878845,-0.35903027653694153,0.999925434589386,0.48964619636535645,0.13565650582313538,-0.35905030369758606,0.9998931884765625,0.5343069434165955,0.14457660913467407,-0.18702837824821472,0.9998742938041687,0.47825151681900024,0.14890986680984497,-0.22976601123809814,0.9999132752418518,0.5225889682769775,0.18761974573135376,-0.32858550548553467,0.999972403049469,0.5040930509567261,0.18856118619441986,-0.3412312865257263,0.9999738931655884,0.5804108381271362,0.32616716623306274,-0.12345583736896515,0.9982479214668274,0.429927259683609,0.33461669087409973,-0.16383278369903564,0.9993574023246765,0.6168462038040161,0.5449609756469727,-0.36529189348220825,0.859943687915802,0.404949814081192,0.5530151128768921,-0.3753984868526459,0.9383391737937927,0.6090184450149536,0.4044163227081299,-0.6940964460372925,0.8034250140190125,0.4075409471988678,0.4128050208091736,-0.6810790300369263,0.9365596771240234,0.6122170090675354,0.3785456418991089,-0.7496218681335449,0.7245038151741028,0.4058181643486023,0.37820255756378174,-0.7368139624595642,0.9038653373718262,0.6129480004310608,0.36651912331581116,-0.7232714891433716,0.6943662762641907,0.40883779525756836,0.3634132742881775,-0.7234197854995728,0.8878227472305298,0.6066864132881165,0.3708515465259552,-0.691949725151062,0.5641462206840515,0.41369763016700745,0.37074267864227295,-0.682939887046814,0.8105501532554626,0.5587059855461121,0.6133620142936707,0.0020013859029859304,0.9990816116333008,0.4675270915031433,0.6204115748405457,-0.0017838642233982682,0.9994950294494629,0.6226111650466919,0.6181524395942688,-0.5602115392684937,0.9940283894538879,0.38163474202156067,0.6128968000411987,-0.5367714166641235,0.991932213306427,0.6004787087440491,0.8537865281105042,-0.23189294338226318,0.9829786419868469,0.4005289077758789,0.8612489700317383,-0.22255854308605194,0.9947136640548706,0.5831401348114014,0.8876399397850037,-0.20800867676734924,0.9439866542816162,0.4159727692604065,0.9019016623497009,-0.2010171115398407,0.9784806370735168,0.6245306730270386,0.9528883099555969,-0.3890669643878937,0.9731955528259277,0.35916054248809814,0.9436826109886169,-0.38880717754364014,0.987413227558136
down,0.5146175622940063,0.1561560034751892,-0.3868226110935211,0.9999361634254456,0.5209563374519348,0.1331304907798767,-0.3513028621673584,0.9999068975448608,0.5259701013565063,0.13313904404640198,-0.35136786103248596,0.999916672706604,0.5304773449897766,0.13322418928146362,-0.3515138626098633,0.9998659491539001,0.5045335292816162,0.13392266631126404,-0.36097416281700134,0.9999070167541504,0.4964563846588135,0.1344703733921051,-0.3610743284225464,0.9999268054962158,0.489801824092865,0.13539335131645203,-0.3610902726650238,0.9998945593833923,0.534307599067688,0.14443105459213257,-0.18893279135227203,0.999878466129303,0.47821298241615295,0.14875942468643188,-0.23149879276752472,0.9999147653579712,0.5226014852523804,0.18749137222766876,-0.33003631234169006,0.9999734163284302,0.5044476985931396,0.1884181797504425,-0.34269896149635315,0.99997478723526,0.5802232623100281,0.3252314329147339,-0.12349913269281387,0.9983262419700623,0.43002405762672424,0.3341981768608093,-0.16378042101860046,0.999354898929596,0.6169329285621643,0.5452545881271362,-0.365205317735672,0.8620481491088867,0.4048265516757965,0.5522018671035767,-0.3763962388038635,0.9391399025917053,0.6093567609786987,0.4042304456233978,-0.6974883079528809,0.8079696297645569,0.40767017006874084,0.4127449095249176,-0.6840180158615112,0.9369515776634216,0.6132446527481079,0.3789626359939575,-0.7531576752662659,0.7291808724403381,0.4052199423313141,0.38215118646621704,-0.739359438419342,0.9040620923042297,0.6141737699508667,0.36741775274276733,-0.7261046171188354,0.6991661190986633,0.4090232849121094,0.36348170042037964,-0.7249802947044373,0.8878933191299438,0.607927143573761,0.37112414836883545,-0.6949303150177002,0.5686684250831604,0.41410118341445923,0.3705196678638458,-0.6850682497024536,0.8101427555084229,0.5587208867073059,0.6132834553718567,0.0019910892006009817,0.9990986585617065,0.4675556719303131,0.6204929947853088,-0.001777161261998117,0.9994987845420837,0.6228559613227844,0.6181174516677856,-0.5686768889427185,0.9940585494041443,0.38163796067237854,0.6125299334526062,-0.5446903109550476,0.9919353723526001,0.6005528569221497,0.8536736369132996,-0.23014815151691437,0.9831004738807678,0.40053224563598633,0.8609982132911682,-0.22291617095470428,0.9947684407234192,0.5832917094230652,0.8875011801719666,-0.2048366516828537,0.9441891312599182,0.4160829484462738,0.9014047384262085,-0.2002965211868286,0.9785085320472717,0.6247706413269043,0.9528477191925049,-0.3852679133415222,0.9733796715736389,0.3594343960285187,0.9436339735984802,-0.3886681795120239,0.987506091594696
down,0.5153042078018188,0.15637445449829102,-0.3938820958137512,0.9999377727508545,0.5212773084640503,0.13340099155902863,-0.35847893357276917,0.9999096989631653,0.5262801051139832,0.13331468403339386,-0.35854583978652954,0.9999189972877502,0.5306850671768188,0.13330602645874023,-0.358693927526474,0.9998695850372314,0.5050438642501831,0.134235218167305,-0.36850690841674805,0.9999088048934937,0.49700069427490234,0.13482502102851868,-0.36861246824264526,0.9999281167984009,0.4901668429374695,0.13572107255458832,-0.368630051612854,0.9998961687088013,0.5343061685562134,0.1443779021501541,-0.19417816400527954,0.9998815655708313,0.4781874120235443,0.1488596498966217,-0.2389734536409378,0.999916136264801,0.52295982837677,0.1876765936613083,-0.33617669343948364,0.9999738931655884,0.5054298639297485,0.18878872692584991,-0.3494305908679962,0.9999752640724182,0.5803696513175964,0.3251284658908844,-0.12630312144756317,0.9983394145965576,0.43017786741256714,0.3336029350757599,-0.16875529289245605,0.9993401765823364,0.6165713667869568,0.5434239506721497,-0.3681975305080414,0.8576023578643799,0.40496736764907837,0.5501646399497986,-0.3816695213317871,0.9379074573516846,0.6098835468292236,0.4041792154312134,-0.7037447690963745,0.8047361969947815,0.40855127573013306,0.41283977031707764,-0.6895236968994141,0.9346129298210144,0.6138726472854614,0.37917059659957886,-0.7600828409194946,0.7259376049041748,0.4058194160461426,0.38302886486053467,-0.7450686097145081,0.9009153246879578,0.6150823831558228,0.3676937222480774,-0.7342456579208374,0.695926308631897,0.4091491103172302,0.36452436447143555,-0.7309699654579163,0.88421630859375,0.6088361144065857,0.3710648715496063,-0.7018989324569702,0.5640888810157776,0.4143398404121399,0.3711455166339874,-0.6908620595932007,0.8042394518852234,0.5585669279098511,0.6131615042686462,0.0019690855406224728,0.9990993738174438,0.46757078170776367,0.6204626560211182,-0.0017583426088094711,0.999498724937439,0.6230430603027344,0.618168294429779,-0.5735170245170593,0.9940581321716309,0.38161545991897583,0.612548291683197,-0.5511619448661804,0.9919828772544861,0.6006583571434021,0.8536258935928345,-0.2297343909740448,0.9831456542015076,0.4005320072174072,0.8608611822128296,-0.22299301624298096,0.9948753714561462,0.5834921002388,0.887419581413269,-0.20395436882972717,0.9446322321891785,0.41623950004577637,0.9012226462364197,-0.19981715083122253,0.9788143038749695,0.6250087022781372,0.9527750611305237,-0.38466888666152954,0.973540186882019,0.3595336675643921,0.943604588508606,-0.388929158449173,0.987690269947052
down,0.5159807205200195,0.15657274425029755,-0.3997294306755066,0.9999364018440247,0.5216767191886902,0.13392670452594757,-0.36431884765625,0.9999070167541504,0.5267132520675659,0.13369186222553253,-0.3643869161605835,0.9999161958694458,0.5310649871826172,0.13354134559631348,-0.3645337224006653,0.9998646974563599,0.5054599046707153,0.1346997320652008,-0.37384098768234253,0.9999056458473206,0.497516930103302,0.13529270887374878,-0.3739468455314636,0.9999256730079651,0.4905897080898285,0.13611330091953278,-0.3739699721336365,0.9998931288719177,0.5343666076660156,0.14438487589359283,-0.20108027756214142,0.9998740553855896,0.47826480865478516,0.14920561015605927,-0.24218697845935822,0.9999120235443115,0.523566722869873,0.1879722625017166,-0.3425399661064148,0.9999727010726929,0.506174623966217,0.18921524286270142,-0.3551841676235199,0.9999746680259705,0.5811755061149597,0.32548537850379944,-0.13286814093589783,0.9982444643974304,0.43114954233169556,0.3328005373477936,-0.17129433155059814,0.9993203282356262,0.616684079170227,0.543753981590271,-0.3756447732448578,0.8540011048316956,0.4051096439361572,0.5513325929641724,-0.38155004382133484,0.9383881092071533,0.6102100610733032,0.40303725004196167,-0.7101356387138367,0.8041278123855591,0.40829166769981384,0.4134922921657562,-0.6931524872779846,0.936410129070282,0.6141618490219116,0.3784606456756592,-0.7673629522323608,0.7256381511688232,0.405672550201416,0.38220757246017456,-0.7496055960655212,0.9032378196716309,0.615715503692627,0.3675559163093567,-0.7415522336959839,0.6956568360328674,0.40934404730796814,0.36544790863990784,-0.7364193201065063,0.8867639303207397,0.609512448310852,0.37102219462394714,-0.7082308530807495,0.5632561445236206,0.4142725467681885,0.3724803924560547,-0.6948819756507874,0.8073327541351318,0.5580830574035645,0.6133719682693481,0.0020086821168661118,0.9990994930267334,0.46769171953201294,0.6204522252082825,-0.0018056934932246804,0.9994999170303345,0.6231949925422668,0.6181797385215759,-0.580449104309082,0.9938783049583435,0.38189437985420227,0.612709641456604,-0.5613878965377808,0.9919307231903076,0.6007508039474487,0.8535702228546143,-0.23890849947929382,0.9828962683677673,0.40054067969322205,0.8606888055801392,-0.23680290579795837,0.9949150681495667,0.5836987495422363,0.8873867392539978,-0.21331802010536194,0.944721519947052,0.41642293334007263,0.9011041522026062,-0.21371057629585266,0.9787490367889404,0.6251546144485474,0.9524624943733215,-0.39527255296707153,0.9735833406448364,0.35976386070251465,0.9436438083648682,-0.40584689378738403,0.9877811074256897
down,0.5163877010345459,0.15804263949394226,-0.4020271897315979,0.9999345541000366,0.5221346020698547,0.13559573888778687,-0.3681682050228119,0.9999027252197266,0.5270872712135315,0.1353633850812912,-0.3682314455509186,0.9999115467071533,0.5314316749572754,0.1350717395544052,-0.3683733344078064,0.9998570084571838,0.505902886390686,0.13570088148117065,-0.37644103169441223,0.9999017715454102,0.4981856942176819,0.1361057460308075,-0.3765529692173004,0.9999226927757263,0.4911884367465973,0.13668888807296753,-0.37657037377357483,0.9998903870582581,0.5345107316970825,0.14538510143756866,-0.20720767974853516,0.999862790107727,0.4784736633300781,0.14970944821834564,-0.24433402717113495,0.9999063611030579,0.5238384008407593,0.19002845883369446,-0.3453725576400757,0.9999712109565735,0.5065335035324097,0.1909795105457306,-0.3564263582229614,0.9999738335609436,0.5802675485610962,0.32481858134269714,-0.13815626502037048,0.998225212097168,0.4312182366847992,0.33231160044670105,-0.17215539515018463,0.999313473701477,0.6166855096817017,0.536552369594574,-0.37686246633529663,0.858348548412323,0.4051700234413147,0.5509282350540161,-0.37856897711753845,0.9383549690246582,0.6102607250213623,0.3982140123844147,-0.7073144912719727,0.810053825378418,0.4077393412590027,0.4139752984046936,-0.6865525245666504,0.9383915662765503,0.6131134629249573,0.3743777275085449,-0.7645671963691711,0.7321410179138184,0.4045293927192688,0.38345327973365784,-0.7430013418197632,0.9063292741775513,0.6123276948928833,0.36331671476364136,-0.7392038106918335,0.7026364207267761,0.40891557931900024,0.36575207114219666,-0.731115996837616,0.8907353281974792,0.6083604097366333,0.368097186088562,-0.7054344415664673,0.5712405443191528,0.4129231572151184,0.37316441535949707,-0.6887968182563782,0.8136066794395447,0.5578422546386719,0.6130344271659851,0.0016074420418590307,0.999055027961731,0.467841774225235,0.6202555894851685,-0.0014222180470824242,0.9994809627532959,0.6230841279029846,0.6180731058120728,-0.5835646390914917,0.9938032031059265,0.3820447623729706,0.6135812997817993,-0.5648258924484253,0.9918320775032043,0.6007982492446899,0.853533148765564,-0.2378014326095581,0.9821672439575195,0.4004700183868408,0.860651969909668,-0.2361604869365692,0.99493807554245,0.5838020443916321,0.8873400092124939,-0.2121063470840454,0.9432495832443237,0.4164487421512604,0.9010429978370667,-0.21259844303131104,0.9787638783454895,0.6250256299972534,0.9519643783569336,-0.39113008975982666,0.9729430675506592,0.35982728004455566,0.9438456296920776,-0.40230274200439453,0.9878256916999817
down,0.5155399441719055,0.16092528402805328,-0.4230097234249115,0.9999304413795471,0.5220538973808289,0.1375993937253952,-0.38880568742752075,0.9998963475227356,0.5269858241081238,0.13757944107055664,-0.38886746764183044,0.9999058842658997,0.5314933061599731,0.13739807903766632,-0.38901495933532715,0.9998470544815063,0.505384087562561,0.13735072314739227,-0.39671945571899414,0.9998915195465088,0.4975799024105072,0.13751822710037231,-0.39682725071907043,0.999914824962616,0.490794837474823,0.13777755200862885,-0.3968436121940613,0.999879002571106,0.5348281264305115,0.14866599440574646,-0.22466060519218445,0.999850332736969,0.4785318374633789,0.15067999064922333,-0.2598899006843567,0.9998959898948669,0.5235663056373596,0.19409921765327454,-0.36497288942337036,0.999968945980072,0.5049369931221008,0.1944398730993271,-0.37544408440589905,0.9999718070030212,0.5803042054176331,0.3249751627445221,-0.1525978147983551,0.9983094930648804,0.4314047694206238,0.33248597383499146,-0.18067879974842072,0.9992650747299194,0.6163312196731567,0.5387715101242065,-0.3888345956802368,0.8608867526054382,0.40387168526649475,0.5512650609016418,-0.3924875259399414,0.9366540312767029,0.6130062341690063,0.4013354778289795,-0.732153058052063,0.8201432824134827,0.4075329899787903,0.412339448928833,-0.7071348428726196,0.9364943504333496,0.6189990043640137,0.381347119808197,-0.7901864051818848,0.7444629669189453,0.4050710201263428,0.3802282512187958,-0.7630884647369385,0.9026702642440796,0.6184775233268738,0.3700665831565857,-0.7624568343162537,0.7161598801612854,0.4088519513607025,0.36374032497406006,-0.750001072883606,0.8866016864776611,0.6146249771118164,0.37271571159362793,-0.7293612957000732,0.5858161449432373,0.41294533014297485,0.3710266649723053,-0.708789050579071,0.8080193400382996,0.558129072189331,0.6127406358718872,0.0005110327037982643,0.9989969730377197,0.46866145730018616,0.6200748682022095,-0.0003349413746036589,0.9994428157806396,0.6231251955032349,0.6180903911590576,-0.5877102613449097,0.9934949278831482,0.38268107175827026,0.6139726042747498,-0.5645092725753784,0.9913734197616577,0.6009317636489868,0.8534746766090393,-0.23308713734149933,0.9813461303710938,0.40043529868125916,0.8605553507804871,-0.2288794219493866,0.9947470426559448,0.5839738249778748,0.8873400092124939,-0.20587515830993652,0.9406658411026001,0.41656485199928284,0.9009319543838501,-0.20395338535308838,0.9781749844551086,0.6247714757919312,0.9518306255340576,-0.38576939702033997,0.9714105725288391,0.36014220118522644,0.9439919590950012,-0.3925912082195282,0.987307071685791
down,0.5155566930770874,0.1642521768808365,-0.4162960946559906,0.9999204874038696,0.5220971703529358,0.1394290030002594,-0.3822160065174103,0.9998823404312134,0.5269846320152283,0.13936741650104523,-0.38227927684783936,0.9998930096626282,0.5315285325050354,0.13925915956497192,-0.3824242353439331,0.9998253583908081,0.5054507851600647,0.1394180804491043,-0.38966530561447144,0.9998756647109985,0.4977434277534485,0.13961012661457062,-0.38977617025375366,0.9999029636383057,0.49090322852134705,0.13983455300331116,-0.38980090618133545,0.9998629689216614,0.5349923968315125,0.15103228390216827,-0.21612362563610077,0.9998243451118469,0.47857022285461426,0.152750626206398,-0.2474225014448166,0.9998819828033447,0.5235990285873413,0.19671770930290222,-0.35758358240127563,0.9999639987945557,0.5051065683364868,0.1972888708114624,-0.3667178153991699,0.9999679327011108,0.5802391767501831,0.3251166343688965,-0.1397189199924469,0.9982542395591736,0.43143242597579956,0.33268460631370544,-0.16647440195083618,0.9992436766624451,0.6149527430534363,0.538053572177887,-0.3745342493057251,0.853144109249115,0.40385374426841736,0.551135241985321,-0.37159520387649536,0.9367618560791016,0.6126693487167358,0.4019608795642853,-0.717917263507843,0.8166648149490356,0.40740862488746643,0.4142363667488098,-0.6820685267448425,0.9373260736465454,0.6189456582069397,0.3828109800815582,-0.7764522433280945,0.743709921836853,0.4044880270957947,0.38140028715133667,-0.7377887964248657,0.9033517241477966,0.6184142827987671,0.371628075838089,-0.7535326480865479,0.7158032655715942,0.40857750177383423,0.3644018769264221,-0.7260355353355408,0.8880031108856201,0.6140284538269043,0.37334534525871277,-0.7178487777709961,0.587189793586731,0.4128904938697815,0.37167978286743164,-0.6841706037521362,0.8115858435630798,0.5584367513656616,0.6124036908149719,-0.0005563916638493538,0.9988862872123718,0.46889209747314453,0.6200697422027588,0.000750587962102145,0.999382495880127,0.6230948567390442,0.6178162097930908,-0.581070065498352,0.9933237433433533,0.3829811215400696,0.6139934659004211,-0.553808331489563,0.9912271499633789,0.6009829640388489,0.8533486127853394,-0.23579657077789307,0.9809062480926514,0.40042179822921753,0.8603460788726807,-0.22977130115032196,0.9945165514945984,0.5840123891830444,0.8873443007469177,-0.2097957879304886,0.938444972038269,0.41670340299606323,0.9007046222686768,-0.20602400600910187,0.9776408672332764,0.6248537302017212,0.9516648054122925,-0.38935378193855286,0.970316469669342,0.36081409454345703,0.944002628326416,-0.3931651711463928,0.9866692423820496
down,0.5157225131988525,0.16533046960830688,-0.41049543023109436,0.9999120831489563,0.5222817659378052,0.14010706543922424,-0.37727195024490356,0.9998710751533508,0.5271261930465698,0.13998249173164368,-0.37733572721481323,0.9998824596405029,0.5317535400390625,0.13977782428264618,-0.3774811327457428,0.9998073577880859,0.5057021975517273,0.1403695046901703,-0.38522571325302124,0.9998653531074524,0.4980933666229248,0.14067430794239044,-0.3853361904621124,0.9998952150344849,0.4910503327846527,0.1409776508808136,-0.3853619694709778,0.9998528957366943,0.5353526473045349,0.15163493156433105,-0.21287289261817932,0.999804675579071,0.47857195138931274,0.1540343463420868,-0.24793767929077148,0.9998763799667358,0.5237879157066345,0.19750238955020905,-0.3516850471496582,0.9999603033065796,0.5053664445877075,0.19854594767093658,-0.3619784712791443,0.9999654293060303,0.5801748037338257,0.32495707273483276,-0.13699857890605927,0.9982314109802246,0.4313955307006836,0.3326936364173889,-0.16568399965763092,0.9992591142654419,0.6140875220298767,0.5366536378860474,-0.3683719038963318,0.8467071652412415,0.40364694595336914,0.551275372505188,-0.3668481707572937,0.9379416108131409,0.6125026941299438,0.4033641517162323,-0.7054635882377625,0.8083028197288513,0.4073447585105896,0.41461944580078125,-0.6734219193458557,0.9385026693344116,0.6176748871803284,0.3833731710910797,-0.7627686858177185,0.7363094687461853,0.4046850800514221,0.38142988085746765,-0.7287002801895142,0.9046405553817749,0.618485689163208,0.37260082364082336,-0.7404884696006775,0.7080894112586975,0.40852051973342896,0.36424776911735535,-0.7175405025482178,0.8898040056228638,0.613501250743866,0.37470147013664246,-0.7049732208251953,0.5806514024734497,0.4129219949245453,0.37160274386405945,-0.6754864454269409,0.8152633905410767,0.5587132573127747,0.6118162274360657,-0.0011614736868068576,0.9987333416938782,0.46909695863723755,0.619844377040863,0.0013687980826944113,0.9993123412132263,0.6230539083480835,0.615867018699646,-0.564365804195404,0.9930269122123718,0.3830339312553406,0.6138615608215332,-0.5419422388076782,0.9909830689430237,0.6010085344314575,0.8533517718315125,-0.23701849579811096,0.9803426265716553,0.4003101885318756,0.8603079915046692,-0.23016338050365448,0.9941936135292053,0.5838531255722046,0.887391984462738,-0.21256956458091736,0.9367256164550781,0.41675204038619995,0.9006725549697876,-0.20764437317848206,0.9771767854690552,0.6258260011672974,0.9516704082489014,-0.3905497193336487,0.9687538743019104,0.3609496057033539,0.9440504312515259,-0.39164477586746216,0.985779881477356
down,0.5157073736190796,0.1661808043718338,-0.41096219420433044,0.9999046325683594,0.522281289100647,0.1406136006116867,-0.3778243660926819,0.9998597502708435,0.5271141529083252,0.14047418534755707,-0.37789085507392883,0.9998727440834045,0.5317645072937012,0.140237495303154,-0.37803927063941956,0.9997894167900085,0.5057196617126465,0.1409880518913269,-0.38520151376724243,0.999853789806366,0.4981156885623932,0.1412995606660843,-0.385312020778656,0.9998866319656372,0.4910619258880615,0.1415957808494568,-0.3853367269039154,0.9998401999473572,0.5354312658309937,0.15213975310325623,-0.21291840076446533,0.9997852444648743,0.4784977436065674,0.15454354882240295,-0.24577593803405762,0.9998674988746643,0.5237780809402466,0.19822189211845398,-0.35185539722442627,0.9999563097953796,0.5053820610046387,0.19946680963039398,-0.36163586378097534,0.9999622106552124,0.5804845094680786,0.3248906135559082,-0.13566581904888153,0.9982110857963562,0.4313426613807678,0.3325605094432831,-0.16247721016407013,0.9992535710334778,0.6131858825683594,0.5366753339767456,-0.3650060296058655,0.8431782722473145,0.4036386013031006,0.5516802668571472,-0.36124187707901,0.9376488924026489,0.611930251121521,0.40537410974502563,-0.7021679282188416,0.8075820207595825,0.40733566880226135,0.4156245291233063,-0.6711708307266235,0.9393184185028076,0.617308497428894,0.3845095634460449,-0.7597206234931946,0.7374718189239502,0.40450191497802734,0.38252511620521545,-0.726631760597229,0.9058918356895447,0.6185036301612854,0.37344855070114136,-0.7374694347381592,0.7096303701400757,0.4084014892578125,0.3645780682563782,-0.7159333825111389,0.8915626406669617,0.6132659316062927,0.37534958124160767,-0.701444149017334,0.5837487578392029,0.4128715991973877,0.37197184562683105,-0.6735305786132812,0.8185333609580994,0.5589103102684021,0.6113085746765137,-0.001582910306751728,0.9986302256584167,0.4691436290740967,0.619385838508606,0.0017940921243280172,0.9992588758468628,0.6229397058486938,0.6152902245521545,-0.5691490769386292,0.9927600026130676,0.3831331729888916,0.6139088869094849,-0.5439973473548889,0.9907160401344299,0.600938081741333,0.8533991575241089,-0.23852753639221191,0.9797922968864441,0.40021687746047974,0.8602771162986755,-0.2304612696170807,0.9939082264900208,0.583674967288971,0.8874465823173523,-0.21426323056221008,0.9356104135513306,0.41675567626953125,0.9006484746932983,-0.20796391367912292,0.9767523407936096,0.6263600587844849,0.9517595171928406,-0.3926156759262085,0.9673653841018677,0.3609708249568939,0.9441106915473938,-0.3926709294319153,0.9849947094917297
down,0.5157020092010498,0.1662188172340393,-0.42644867300987244,0.9999009370803833,0.5222640633583069,0.14064735174179077,-0.39335960149765015,0.999853789806366,0.5270830392837524,0.14050211012363434,-0.393425852060318,0.9998670816421509,0.5317486524581909,0.1402595341205597,-0.39357733726501465,0.9997795820236206,0.5057240724563599,0.1410452276468277,-0.4007108807563782,0.999846875667572,0.49812641739845276,0.14136463403701782,-0.40082740783691406,0.9998810887336731,0.4910667836666107,0.14165277779102325,-0.40085548162460327,0.9998323321342468,0.5354549288749695,0.15209971368312836,-0.22878248989582062,0.9997779130935669,0.4784828722476959,0.15455125272274017,-0.2615512013435364,0.9998629689216614,0.523774266242981,0.19818738102912903,-0.36748459935188293,0.9999549388885498,0.5054174065589905,0.19951309263706207,-0.37721139192581177,0.9999607801437378,0.5816420316696167,0.32486823201179504,-0.15042704343795776,0.9982049465179443,0.43134647607803345,0.3325325548648834,-0.18063034117221832,0.9992530345916748,0.614112913608551,0.5380169153213501,-0.3846110999584198,0.8438149690628052,0.40355953574180603,0.5527603626251221,-0.3893640637397766,0.9390692114830017,0.6122932434082031,0.4061796963214874,-0.7212893962860107,0.8092222213745117,0.4074161648750305,0.41579556465148926,-0.6994380354881287,0.9404034614562988,0.6174135804176331,0.3846017122268677,-0.7791218757629395,0.7381093502044678,0.40474456548690796,0.38137197494506836,-0.7551141977310181,0.9066472053527832,0.6185394525527954,0.37338709831237793,-0.7541623115539551,0.7102949023246765,0.4083676338195801,0.3646818697452545,-0.7420088648796082,0.8921939730644226,0.6132862567901611,0.3754047751426697,-0.7196693420410156,0.5838954448699951,0.41287845373153687,0.37202250957489014,-0.7009466290473938,0.8191757202148438,0.5593766570091248,0.6113629937171936,-0.00146738241892308,0.9986363053321838,0.4694617688655853,0.619329571723938,0.0016722161090001464,0.9992625117301941,0.6229525804519653,0.6153510212898254,-0.5843421220779419,0.9923728108406067,0.3832644522190094,0.6141340732574463,-0.5594484806060791,0.9903203845024109,0.6008183360099792,0.8534412980079651,-0.23844416439533234,0.9790202379226685,0.4001941680908203,0.8602601885795593,-0.23050418496131897,0.9936867356300354,0.5835922360420227,0.8874691724777222,-0.21327583491802216,0.9351562857627869,0.4167783260345459,0.9006222486495972,-0.20736603438854218,0.9762621521949768,0.6264117956161499,0.95179283618927,-0.392250657081604,0.9665235877037048,0.36099377274513245,0.9441386461257935,-0.3936237096786499,0.9846010804176331
down,0.5156869888305664,0.16590534150600433,-0.4257579743862152,0.9999008178710938,0.5222001075744629,0.14064715802669525,-0.39263561367988586,0.9998530149459839,0.5270098447799683,0.14047907292842865,-0.3927057385444641,0.9998658895492554,0.5316900014877319,0.1402091681957245,-0.3928569257259369,0.9997774362564087,0.5056009888648987,0.1410638839006424,-0.3999396562576294,0.999845564365387,0.4979972243309021,0.14138579368591309,-0.4000532031059265,0.9998795986175537,0.4909963011741638,0.14167428016662598,-0.40007901191711426,0.9998304843902588,0.5354028940200806,0.15187382698059082,-0.22788164019584656,0.999775767326355,0.47847071290016174,0.1545700877904892,-0.2590772807598114,0.9998616576194763,0.5237832069396973,0.19778524339199066,-0.36668020486831665,0.9999545812606812,0.5054535269737244,0.19936519861221313,-0.3766605257987976,0.9999606609344482,0.5821074843406677,0.32484766840934753,-0.1497911661863327,0.9981897473335266,0.4314700961112976,0.33341872692108154,-0.18017055094242096,0.9992600679397583,0.6149863004684448,0.5392615795135498,-0.3842562139034271,0.8432015776634216,0.40375572443008423,0.5538100600242615,-0.3877694606781006,0.9423158764839172,0.6133109331130981,0.4051087200641632,-0.7210942506790161,0.8147842288017273,0.4070627689361572,0.4157048165798187,-0.6982706189155579,0.9447482228279114,0.6190221309661865,0.38359442353248596,-0.779047429561615,0.7436016201972961,0.4034730792045593,0.3815382122993469,-0.7543706893920898,0.9120108485221863,0.6188499331474304,0.3716583549976349,-0.7545855641365051,0.7161515355110168,0.4080313742160797,0.36483654379844666,-0.7417503595352173,0.8980754017829895,0.6150083541870117,0.37501978874206543,-0.7197099328041077,0.5901897549629211,0.41251182556152344,0.3721974194049835,-0.6999927759170532,0.8275385499000549,0.5599613189697266,0.6114271879196167,-0.0012203904334455729,0.9987053871154785,0.4699346125125885,0.6193959712982178,0.0014152686344459653,0.9992967844009399,0.6229401230812073,0.6153069138526917,-0.5903318524360657,0.9922565817832947,0.3833985924720764,0.6142345666885376,-0.5639361143112183,0.9902188777923584,0.600685715675354,0.85379958152771,-0.2459038943052292,0.9788639545440674,0.4001251757144928,0.8604427576065063,-0.23902210593223572,0.9937158226966858,0.5835109353065491,0.8882600665092468,-0.22013136744499207,0.9361194372177124,0.4166809916496277,0.9009084701538086,-0.21560922265052795,0.9762850403785706,0.6265230774879456,0.9517860412597656,-0.40126514434814453,0.9669005870819092,0.36085447669029236,0.9443778991699219,-0.4062384068965912,0.9848332405090332
down,0.5149494409561157,0.16539399325847626,-0.4094289243221283,0.9999094605445862,0.521657407283783,0.14062529802322388,-0.37602803111076355,0.9998660683631897,0.5264832377433777,0.14044205844402313,-0.3760913014411926,0.9998772144317627,0.5311950445175171,0.14017149806022644,-0.3762383460998535,0.9997984170913696,0.5044028759002686,0.1411171853542328,-0.38267743587493896,0.9998605847358704,0.49671751260757446,0.14146697521209717,-0.3827876150608063,0.9998905062675476,0.49005627632141113,0.1418435275554657,-0.3828067183494568,0.9998466372489929,0.5352378487586975,0.15193341672420502,-0.21548452973365784,0.9997960925102234,0.4783554971218109,0.15524332225322723,-0.24508428573608398,0.9998729825019836,0.5234926342964172,0.19734744727611542,-0.3526100516319275,0.9999581575393677,0.5043668746948242,0.19912508130073547,-0.361415296792984,0.9999637007713318,0.5821713805198669,0.32519885897636414,-0.14071136713027954,0.9982672333717346,0.4314979612827301,0.3336494565010071,-0.16988876461982727,0.9993085861206055,0.6172115802764893,0.5418673753738403,-0.3758789002895355,0.8524791598320007,0.4034179747104645,0.5540898442268372,-0.3762105107307434,0.9441187381744385,0.6136176586151123,0.40421077609062195,-0.706405520439148,0.8269534707069397,0.4065207839012146,0.4158532917499542,-0.6889494061470032,0.9480273127555847,0.6186057329177856,0.38273340463638306,-0.7637187242507935,0.7561928033828735,0.4028235375881195,0.3836939036846161,-0.7457493543624878,0.9163479208946228,0.6186969876289368,0.3707349896430969,-0.7374082803726196,0.7291485667228699,0.4075958728790283,0.36629655957221985,-0.7324879169464111,0.9027954339981079,0.6146782040596008,0.37438562512397766,-0.704054594039917,0.6046213507652283,0.41185539960861206,0.3740270435810089,-0.6905807256698608,0.8341526389122009,0.5599843859672546,0.6114410161972046,-0.0006758412346243858,0.9988319873809814,0.4698249399662018,0.6194989681243896,0.0008498106035403907,0.9993640780448914,0.622906506061554,0.6155157089233398,-0.5857701897621155,0.9924833178520203,0.38344258069992065,0.6144776940345764,-0.5584613084793091,0.9903688430786133,0.6003811359405518,0.8543524742126465,-0.2447517365217209,0.9789794087409973,0.40011581778526306,0.8609392642974854,-0.23829762637615204,0.9939039349555969,0.5834953188896179,0.8892998695373535,-0.218972846865654,0.9370859265327454,0.41671833395957947,0.9026126265525818,-0.2156781405210495,0.9767727851867676,0.6264225840568542,0.9516867995262146,-0.39837247133255005,0.9675889015197754,0.36002105474472046,0.9448135495185852,-0.40459689497947693,0.9854111075401306
down,0.5138885378837585,0.16556416451931,-0.38969820737838745,0.9999129772186279,0.5209182500839233,0.14068958163261414,-0.3564217686653137,0.9998664855957031,0.5255984663963318,0.1404908001422882,-0.35649311542510986,0.9998764991760254,0.5300706028938293,0.1402202844619751,-0.35663527250289917,0.9997974634170532,0.5034001469612122,0.14136213064193726,-0.3632103502750397,0.9998663067817688,0.4956575930118561,0.1417653113603592,-0.3633115887641907,0.9998950362205505,0.48902368545532227,0.14221669733524323,-0.36333638429641724,0.9998540878295898,0.5345516204833984,0.15205825865268707,-0.19783592224121094,0.9997920393943787,0.47800809144973755,0.15576793253421783,-0.2273966521024704,0.9998769760131836,0.5224243998527527,0.19737450778484344,-0.3336312472820282,0.999958872795105,0.5033016204833984,0.19936485588550568,-0.3424261510372162,0.9999659061431885,0.5808767080307007,0.324047714471817,-0.12734203040599823,0.998294472694397,0.43141818046569824,0.3331187665462494,-0.15502168238162994,0.9993904232978821,0.6193056106567383,0.5422771573066711,-0.3615471422672272,0.8671470284461975,0.4013802111148834,0.555456817150116,-0.35830187797546387,0.9506088495254517,0.6116796731948853,0.40151718258857727,-0.6902421712875366,0.840331494808197,0.4053446650505066,0.41469141840934753,-0.6672735214233398,0.954973042011261,0.6152648329734802,0.3787507712841034,-0.7474721670150757,0.7688785195350647,0.40237778425216675,0.3842298686504364,-0.7238133549690247,0.9257415533065796,0.614340603351593,0.36650699377059937,-0.7218724489212036,0.7416608929634094,0.40706101059913635,0.3665371239185333,-0.7115102410316467,0.9132608771324158,0.6105310320854187,0.37106582522392273,-0.6883655786514282,0.6180237531661987,0.41011881828308105,0.37429627776145935,-0.6690703630447388,0.8491995930671692,0.5586956143379211,0.6115425825119019,0.0003619882045313716,0.9989280104637146,0.46900326013565063,0.6194067001342773,-0.00020374559971969575,0.9994240999221802,0.6227169632911682,0.6153684854507446,-0.5864347219467163,0.9925892949104309,0.38377001881599426,0.614483118057251,-0.5676105618476868,0.9904741644859314,0.6000726819038391,0.8549319505691528,-0.26252108812332153,0.9788808822631836,0.40018534660339355,0.8609597682952881,-0.260998010635376,0.9940526485443115,0.5834324359893799,0.8899886012077332,-0.23931781947612762,0.9382824897766113,0.41695165634155273,0.9028803706169128,-0.2402341365814209,0.9771056771278381,0.6263312697410583,0.9515002965927124,-0.4195229411125183,0.9681872725486755,0.3597501814365387,0.9450024962425232,-0.4302845895290375,0.9858701825141907
down,0.5138310194015503,0.166241854429245,-0.37955302000045776,0.9999173879623413,0.5207242965698242,0.14093686640262604,-0.34614497423171997,0.9998724460601807,0.5253021717071533,0.14066563546657562,-0.3462161123752594,0.9998806118965149,0.5296016931533813,0.14038553833961487,-0.34635478258132935,0.9998061656951904,0.5033928155899048,0.14191153645515442,-0.35301047563552856,0.9998753070831299,0.4956704080104828,0.14241239428520203,-0.3531067669391632,0.999901533126831,0.48900070786476135,0.14295262098312378,-0.35312435030937195,0.9998652935028076,0.5337401628494263,0.15220989286899567,-0.1875181645154953,0.9997953176498413,0.4779154658317566,0.15640464425086975,-0.21783800423145294,0.999883234500885,0.5222617387771606,0.19769252836704254,-0.32357171177864075,0.9999604225158691,0.5034908056259155,0.1998358815908432,-0.3325549066066742,0.9999681711196899,0.5783690810203552,0.32159143686294556,-0.11906131356954575,0.9983689188957214,0.4314602017402649,0.33213695883750916,-0.14671312272548676,0.9994411468505859,0.6195093393325806,0.5403181910514832,-0.3522017300128937,0.8762346506118774,0.4005354046821594,0.5548272132873535,-0.35154396295547485,0.9543682932853699,0.6105854511260986,0.400107204914093,-0.6785100698471069,0.8513689041137695,0.40461331605911255,0.41379544138908386,-0.6617529988288879,0.9602286219596863,0.6142878532409668,0.37727123498916626,-0.7356849908828735,0.7815025448799133,0.40208324790000916,0.38427653908729553,-0.718654215335846,0.9336093664169312,0.6131913661956787,0.3649611473083496,-0.7098284959793091,0.7547091245651245,0.4067634046077728,0.3663485646247864,-0.7064489722251892,0.9224482178688049,0.609366774559021,0.3700026571750641,-0.6763849854469299,0.6347741484642029,0.4095929265022278,0.3737076222896576,-0.6637178659439087,0.864175021648407,0.5569180250167847,0.6117525100708008,0.00037050439277663827,0.9989795088768005,0.46817150712013245,0.6193788051605225,-0.0002097137039527297,0.9994508624076843,0.6226906776428223,0.6158912777900696,-0.5837082862854004,0.99288010597229,0.3842232823371887,0.6143954396247864,-0.5636382102966309,0.9909042119979858,0.5999143719673157,0.8552088141441345,-0.2666115164756775,0.9794412851333618,0.40019410848617554,0.8610270023345947,-0.2649044394493103,0.9942877292633057,0.5833183526992798,0.8902669548988342,-0.24329225718975067,0.9402932524681091,0.41698354482650757,0.9031697511672974,-0.2439630776643753,0.9778736233711243,0.6263390779495239,0.951443076133728,-0.4216502606868744,0.96940678358078,0.35956090688705444,0.9451817274093628,-0.4323000907897949,0.9864738583564758
down,0.5135323405265808,0.16637668013572693,-0.414402574300766,0.999925971031189,0.5204359292984009,0.1409817337989807,-0.3815138339996338,0.999883770942688,0.5250129699707031,0.14069780707359314,-0.38157618045806885,0.9998912215232849,0.5292834639549255,0.14041952788829803,-0.38172370195388794,0.9998223781585693,0.5029878616333008,0.14200590550899506,-0.387342631816864,0.9998853802680969,0.49522680044174194,0.14251519739627838,-0.38744258880615234,0.9999094009399414,0.4885196089744568,0.14306993782520294,-0.38745662569999695,0.9998753070831299,0.5334969758987427,0.15228132903575897,-0.22028052806854248,0.9998154640197754,0.4775318205356598,0.15659832954406738,-0.2463637888431549,0.9998929500579834,0.5219904184341431,0.1978314220905304,-0.35707908868789673,0.9999647736549377,0.503210723400116,0.20010878145694733,-0.36474931240081787,0.9999715685844421,0.5782773494720459,0.32197025418281555,-0.14641587436199188,0.99857497215271,0.43186578154563904,0.33186841011047363,-0.1702135056257248,0.9994873404502869,0.620477020740509,0.5412923097610474,-0.39005497097969055,0.8924940824508667,0.40054312348365784,0.5542306303977966,-0.38714584708213806,0.9572415351867676,0.6118326187133789,0.3991401791572571,-0.7218068242073059,0.8706680536270142,0.40421098470687866,0.410575270652771,-0.7038398385047913,0.962959349155426,0.6147805452346802,0.3761524558067322,-0.7795876860618591,0.8028765916824341,0.40199247002601624,0.3817700743675232,-0.7607854604721069,0.936768114566803,0.6143485307693481,0.3637920022010803,-0.7508109211921692,0.7772781252861023,0.4067593514919281,0.36408868432044983,-0.7456094622612,0.9257038831710815,0.6099026203155518,0.3689778745174408,-0.7184213399887085,0.661221981048584,0.41023850440979004,0.37005212903022766,-0.7047392129898071,0.8690156936645508,0.5566039681434631,0.6118766069412231,0.000298563129035756,0.9990410804748535,0.4682263731956482,0.6194459199905396,-0.00013955683971289545,0.9994794726371765,0.6227189302444458,0.6159946918487549,-0.5875486731529236,0.9929471611976624,0.3845956027507782,0.6140795946121216,-0.5627790689468384,0.9908307194709778,0.5999436378479004,0.8552513718605042,-0.25041601061820984,0.9797322750091553,0.40017014741897583,0.8610472083091736,-0.24627211689949036,0.9943482875823975,0.5832898020744324,0.8902851343154907,-0.22492890059947968,0.94127357006073,0.41690024733543396,0.903191864490509,-0.22347572445869446,0.9779863357543945,0.6265251636505127,0.9515441656112671,-0.4041569232940674,0.9698573350906372,0.35956090688705444,0.945213258266449,-0.4126078188419342,0.9866167902946472
down,0.5133129358291626,0.16639278829097748,-0.41606396436691284,0.9999319911003113,0.5203099250793457,0.14107707142829895,-0.3829689621925354,0.9998928308486938,0.5249334573745728,0.1408199816942215,-0.38303014636039734,0.9998993873596191,0.5292892456054688,0.1405826359987259,-0.38318297266960144,0.9998359084129333,0.5026383399963379,0.14205922186374664,-0.38837116956710815,0.9998928904533386,0.4948377013206482,0.14257200062274933,-0.3884720206260681,0.9999151229858398,0.4881690442562103,0.14313454926013947,-0.38848763704299927,0.9998828172683716,0.5338579416275024,0.15266157686710358,-0.22074444591999054,0.9998324513435364,0.47732439637184143,0.15671074390411377,-0.2444438487291336,0.9998999834060669,0.5218546986579895,0.19793455302715302,-0.35842201113700867,0.9999678134918213,0.5027416348457336,0.20021595060825348,-0.365534245967865,0.999973475933075,0.5790774822235107,0.32372939586639404,-0.14645150303840637,0.9986656904220581,0.43250593543052673,0.3318484425544739,-0.16712310910224915,0.9995111227035522,0.6211943626403809,0.542191207408905,-0.3948312997817993,0.9013636112213135,0.4010385572910309,0.55409175157547,-0.38751643896102905,0.9560421109199524,0.6133070588111877,0.3991459310054779,-0.7282432317733765,0.8776092529296875,0.404162734746933,0.40597712993621826,-0.7071516513824463,0.9617292881011963,0.6155303716659546,0.37569910287857056,-0.7858639359474182,0.8079358339309692,0.40199536085128784,0.37814101576805115,-0.7638502717018127,0.933847188949585,0.6157158017158508,0.36335062980651855,-0.7561684846878052,0.7817507386207581,0.40686529874801636,0.3620954751968384,-0.7481235265731812,0.9217137098312378,0.6108032464981079,0.3686034679412842,-0.7247623205184937,0.6652539968490601,0.4104231297969818,0.36838498711586,-0.7079619765281677,0.8626614212989807,0.5567075610160828,0.6122875809669495,-0.00013246216985862702,0.9990870356559753,0.46852821111679077,0.6200419068336487,0.0002851784520316869,0.9995036721229553,0.6227280497550964,0.6160585284233093,-0.5816327333450317,0.9928794503211975,0.3846408724784851,0.6136959195137024,-0.5541786551475525,0.9906918406486511,0.5999698042869568,0.8552684187889099,-0.24674257636070251,0.9798047542572021,0.4001697897911072,0.8610711097717285,-0.24119022488594055,0.9943850636482239,0.583265483379364,0.8902837038040161,-0.22187542915344238,0.9412354826927185,0.4169026017189026,0.9031964540481567,-0.21848340332508087,0.9780659675598145,0.6267086267471313,0.9516679644584656,-0.4014856815338135,0.9698663353919983,0.35949966311454773,0.945154070854187,-0.40701666474342346,0.9866803288459778
down,0.5136563777923584,0.16638198494911194,-0.4250398576259613,0.9999382495880127,0.5203973054885864,0.1412106156349182,-0.3916472792625427,0.9999036192893982,0.5250157117843628,0.1409580260515213,-0.3917073905467987,0.9999097585678101,0.5294395089149475,0.14074811339378357,-0.39185571670532227,0.9998526573181152,0.5028640627861023,0.1421533077955246,-0.3977704644203186,0.9999017715454102,0.4950615465641022,0.14266563951969147,-0.39787670969963074,0.9999220371246338,0.48838409781455994,0.14323104918003082,-0.3978877663612366,0.9998912215232849,0.533960223197937,0.1528083086013794,-0.22813987731933594,0.9998517036437988,0.4774032533168793,0.15685012936592102,-0.2554771304130554,0.9999081492424011,0.5221782922744751,0.19789700210094452,-0.3669443726539612,0.9999710321426392,0.5035204291343689,0.2002360224723816,-0.3751223683357239,0.9999755024909973,0.5792475342750549,0.32450878620147705,-0.15396004915237427,0.9987655878067017,0.4326074719429016,0.3320559859275818,-0.17706668376922607,0.9995104670524597,0.6212996244430542,0.5437813997268677,-0.40101367235183716,0.9064423441886902,0.401081383228302,0.5537288784980774,-0.39868804812431335,0.9544953107833862,0.6133641004562378,0.3991988003253937,-0.7367219924926758,0.8853970170021057,0.4041287302970886,0.40394771099090576,-0.7195552587509155,0.9602341055870056,0.6158992052078247,0.37565088272094727,-0.7951875329017639,0.8172029852867126,0.40204399824142456,0.37659865617752075,-0.7770852446556091,0.9314512610435486,0.6160479784011841,0.3632003664970398,-0.7667602300643921,0.7916079163551331,0.4069836735725403,0.3604370057582855,-0.7615901231765747,0.918631374835968,0.6111596822738647,0.36837103962898254,-0.7335630655288696,0.676334023475647,0.4111103415489197,0.36621251702308655,-0.7205765247344971,0.8577251434326172,0.5566447973251343,0.6124176979064941,-0.0004206277953926474,0.9991146922111511,0.46864646673202515,0.6198742985725403,0.0005709889810532331,0.9995139241218567,0.6227971315383911,0.6164380311965942,-0.5893001556396484,0.9927218556404114,0.383781373500824,0.6136772632598877,-0.5596149563789368,0.990574061870575,0.6000081300735474,0.855298638343811,-0.24701055884361267,0.9795724153518677,0.4002583622932434,0.8611510396003723,-0.24030375480651855,0.9943476319313049,0.5832561254501343,0.890285313129425,-0.22149698436260223,0.9405636787414551,0.4170539975166321,0.9031880497932434,-0.21717865765094757,0.9779564738273621,0.6268465518951416,0.951698899269104,-0.40077894926071167,0.9695153832435608,0.3594723343849182,0.9452930092811584,-0.4053563177585602,0.9866480231285095
down,0.5138267278671265,0.16643904149532318,-0.40112656354904175,0.9999361038208008,0.5204797983169556,0.1413557529449463,-0.36727336049079895,0.9999020099639893,0.5250945687294006,0.14108902215957642,-0.36733657121658325,0.9999078512191772,0.5295397043228149,0.14088031649589539,-0.36747807264328003,0.9998500347137451,0.5031262040138245,0.1423337757587433,-0.37491849064826965,0.9999005198478699,0.49539464712142944,0.14286163449287415,-0.3750256896018982,0.9999207258224487,0.4887004494667053,0.14343710243701935,-0.3750424385070801,0.9998899102210999,0.5339727401733398,0.15302836894989014,-0.20661255717277527,0.9998484253883362,0.4775901436805725,0.1570698320865631,-0.24099662899971008,0.9999066591262817,0.5223243832588196,0.1979762613773346,-0.3444572687149048,0.9999699592590332,0.5037354826927185,0.20029319822788239,-0.354636013507843,0.9999744892120361,0.5781402587890625,0.3245817720890045,-0.13882237672805786,0.9986708164215088,0.43251219391822815,0.33237847685813904,-0.16836044192314148,0.9994778037071228,0.6209968328475952,0.5426342487335205,-0.379656046628952,0.899819552898407,0.4011995792388916,0.5525146722793579,-0.37966394424438477,0.9516505599021912,0.6121117472648621,0.39753079414367676,-0.7098016738891602,0.8770315647125244,0.4040592610836029,0.40434345602989197,-0.6891966462135315,0.9577075242996216,0.6147133111953735,0.3753960430622101,-0.7668050527572632,0.8076344728469849,0.4021821916103363,0.3762001395225525,-0.7455126643180847,0.9284881353378296,0.613153338432312,0.36247718334198,-0.7398558259010315,0.7810865044593811,0.40712031722068787,0.3598622679710388,-0.731981098651886,0.915363073348999,0.6094661355018616,0.367654412984848,-0.707262396812439,0.6639940738677979,0.4108313024044037,0.3660156726837158,-0.6906643509864807,0.8530478477478027,0.5566213130950928,0.6126746535301208,-0.00037120262277312577,0.999078631401062,0.46869269013404846,0.6200160384178162,0.0005202223546802998,0.9994961619377136,0.6230283379554749,0.6167713403701782,-0.5822623372077942,0.9926143884658813,0.3833020329475403,0.6137842535972595,-0.5574229955673218,0.9905470013618469,0.6000458598136902,0.8553091287612915,-0.24493476748466492,0.9790259003639221,0.4003366529941559,0.8612197637557983,-0.23963740468025208,0.994327962398529,0.58323073387146,0.8901575803756714,-0.21947667002677917,0.939400851726532,0.41708746552467346,0.9032669067382812,-0.21677987277507782,0.9779776930809021,0.6269667148590088,0.9517629146575928,-0.39551055431365967,0.9687789678573608,0.35941943526268005,0.945569634437561,-0.40278545022010803,0.9866237640380859
down,0.5137079954147339,0.16630984842777252,-0.3986406624317169,0.9999333620071411,0.5204247236251831,0.14139686524868011,-0.364859402179718,0.9998975396156311,0.5250720977783203,0.14112958312034607,-0.3649241030216217,0.999903678894043,0.5295450687408447,0.14092418551445007,-0.36506789922714233,0.9998435974121094,0.503078043460846,0.14238660037517548,-0.37189704179763794,0.999897301197052,0.49533921480178833,0.14292509853839874,-0.37200111150741577,0.9999181628227234,0.4886320233345032,0.14351385831832886,-0.37201574444770813,0.9998862147331238,0.534011721611023,0.15316352248191833,-0.2046084702014923,0.9998416900634766,0.4775645136833191,0.157341867685318,-0.23602643609046936,0.999902606010437,0.5222488641738892,0.19798149168491364,-0.3421473503112793,0.9999690651893616,0.5033777952194214,0.20028156042099,-0.3514310121536255,0.9999737739562988,0.5783941745758057,0.32403281331062317,-0.13523074984550476,0.9986269474029541,0.43224406242370605,0.3324566185474396,-0.1643781065940857,0.9994646906852722,0.6206923127174377,0.5406578183174133,-0.37380966544151306,0.9010444283485413,0.4011673033237457,0.5529286861419678,-0.3743430972099304,0.9538116455078125,0.6148360967636108,0.3999251127243042,-0.7041972279548645,0.8791472911834717,0.40405192971229553,0.4101773202419281,-0.6866284608840942,0.9604909420013428,0.6166077256202698,0.377185195684433,-0.7619504928588867,0.8111736178398132,0.4022853970527649,0.37792232632637024,-0.7435357570648193,0.9334351420402527,0.6161550879478455,0.3649008572101593,-0.7355103492736816,0.7855021357536316,0.4070812165737152,0.36184263229370117,-0.7303017973899841,0.9214485287666321,0.6109915971755981,0.36828646063804626,-0.7018190622329712,0.6704534888267517,0.4107283055782318,0.36878344416618347,-0.6883074045181274,0.8623483180999756,0.556911289691925,0.6131978631019592,-0.00011110275227110833,0.9990906119346619,0.4686914086341858,0.6202605962753296,0.000261513952864334,0.9995028376579285,0.6235559582710266,0.6168198585510254,-0.587117075920105,0.9927830100059509,0.3831256628036499,0.6142646074295044,-0.5638335347175598,0.9907842874526978,0.6000662446022034,0.8555143475532532,-0.24786782264709473,0.9789575338363647,0.40027499198913574,0.8615033626556396,-0.24316981434822083,0.9944173693656921,0.5832114219665527,0.8904587626457214,-0.22261400520801544,0.9403482675552368,0.417056143283844,0.9035965204238892,-0.22008153796195984,0.9782397150993347,0.6270797848701477,0.9518612623214722,-0.39995214343070984,0.9687438607215881,0.3593793511390686,0.9460374712944031,-0.4071492552757263,0.9867902994155884
down,0.5138557553291321,0.16564728319644928,-0.3922606110572815,0.9999293684959412,0.5205079913139343,0.14127737283706665,-0.3584973216056824,0.9998906254768372,0.5251337885856628,0.14103512465953827,-0.35856273770332336,0.9998971819877625,0.5296225547790527,0.14081712067127228,-0.35870450735092163,0.9998327493667603,0.503292977809906,0.14225143194198608,-0.36581486463546753,0.9998922944068909,0.49551382660865784,0.14283935725688934,-0.36591818928718567,0.9999142289161682,0.48874402046203613,0.14348816871643066,-0.36593493819236755,0.9998811483383179,0.534040629863739,0.15290004014968872,-0.1997656375169754,0.9998302459716797,0.4776153564453125,0.15727844834327698,-0.2324729710817337,0.9998980760574341,0.5223100781440735,0.19739632308483124,-0.33644944429397583,0.999967634677887,0.5034183263778687,0.1996203511953354,-0.34610599279403687,0.9999728202819824,0.5788400173187256,0.3242439329624176,-0.13165763020515442,0.9985377192497253,0.43186792731285095,0.33246108889579773,-0.16311591863632202,0.9994622468948364,0.6211221218109131,0.5428731441497803,-0.3695496916770935,0.9007500410079956,0.4008274972438812,0.5529842972755432,-0.3724812865257263,0.9554023146629333,0.6145639419555664,0.39983266592025757,-0.6965862512588501,0.8768574595451355,0.4041411280632019,0.4110565483570099,-0.6813455820083618,0.961834192276001,0.6156618595123291,0.3759942352771759,-0.7539693117141724,0.807413637638092,0.402410089969635,0.378369003534317,-0.7377442121505737,0.9355928897857666,0.6142141222953796,0.3632872700691223,-0.725731611251831,0.7812553644180298,0.4070863127708435,0.36224251985549927,-0.7240391373634338,0.9239193201065063,0.6099185347557068,0.36739417910575867,-0.6934822797775269,0.6645341515541077,0.4109014570713043,0.36908337473869324,-0.6826715469360352,0.8655292391777039,0.5570448637008667,0.6135143637657166,0.000536023173481226,0.9990809559822083,0.4686632752418518,0.620255172252655,-0.0003803843283094466,0.9994997978210449,0.6236350536346436,0.6156358122825623,-0.5853604078292847,0.9928061962127686,0.38292235136032104,0.6143710017204285,-0.5661560893058777,0.9907996654510498,0.6001555919647217,0.8558152914047241,-0.2560529410839081,0.9787798523902893,0.4002492427825928,0.8615440130233765,-0.253292441368103,0.9943426251411438,0.5832841396331787,0.890794038772583,-0.23207052052021027,0.9403085112571716,0.41707196831703186,0.9036824703216553,-0.23117485642433167,0.9779813289642334,0.6270185112953186,0.952130138874054,-0.4118122160434723,0.9687421321868896,0.359331339597702,0.9461203813552856,-0.4199202060699463,0.9867076277732849
down,0.5143405199050903,0.16534382104873657,-0.43801283836364746,0.9999298453330994,0.5207172632217407,0.14085139334201813,-0.4050711989402771,0.9998900294303894,0.5252898931503296,0.14057333767414093,-0.4051216244697571,0.9998968243598938,0.529756486415863,0.14020654559135437,-0.4052658677101135,0.999830424785614,0.5038530230522156,0.14194926619529724,-0.41099467873573303,0.9998921155929565,0.49603620171546936,0.14264164865016937,-0.4111051559448242,0.999914824962616,0.48915210366249084,0.1433730572462082,-0.4111153185367584,0.9998822212219238,0.5339090824127197,0.15110230445861816,-0.2408716380596161,0.9998287558555603,0.4776707589626312,0.15682820975780487,-0.26743653416633606,0.9999002814292908,0.5224983096122742,0.19722801446914673,-0.3793310821056366,0.9999678730964661,0.5043638348579407,0.19952678680419922,-0.38726407289505005,0.9999733567237854,0.5783713459968567,0.32453733682632446,-0.16297224164009094,0.9985842108726501,0.4320172369480133,0.33224454522132874,-0.1843024343252182,0.9994860887527466,0.6217906475067139,0.5444881319999695,-0.4075373113155365,0.9045330882072449,0.4002438485622406,0.5505713224411011,-0.4026264548301697,0.9578224420547485,0.6128332018852234,0.3988751173019409,-0.7463580965995789,0.8801437616348267,0.40414613485336304,0.40938907861709595,-0.7260435819625854,0.9635001420974731,0.613662838935852,0.37362760305404663,-0.8057422637939453,0.811160147190094,0.4023309648036957,0.37736403942108154,-0.7843345403671265,0.9376322627067566,0.6106130480766296,0.35921528935432434,-0.7768388986587524,0.7851040363311768,0.4071716368198395,0.3614620566368103,-0.7687546014785767,0.9262246489524841,0.6068772077560425,0.36510831117630005,-0.7428399324417114,0.6681301593780518,0.41131681203842163,0.36854952573776245,-0.7268382906913757,0.8688302040100098,0.5568647980690002,0.6120213270187378,-0.00015402838471345603,0.9990323781967163,0.4687061905860901,0.6159989237785339,0.00030301796505227685,0.9994800686836243,0.6234595775604248,0.6144818067550659,-0.592770516872406,0.9927133917808533,0.38288751244544983,0.6146435141563416,-0.5673907995223999,0.9907713532447815,0.6005153656005859,0.8558976054191589,-0.24427659809589386,0.9787229299545288,0.4002408981323242,0.8613516688346863,-0.23838350176811218,0.9942567944526672,0.5835521221160889,0.8907556533813477,-0.21736010909080505,0.9391030669212341,0.4171677231788635,0.903629720211029,-0.21402284502983093,0.9777644276618958,0.6268807053565979,0.9521711468696594,-0.39702802896499634,0.9684985876083374,0.3591495156288147,0.9461386799812317,-0.4021545350551605,0.9865433573722839
down,0.5144785642623901,0.1631944626569748,-0.40460675954818726,0.9999405741691589,0.5207595825195312,0.13920629024505615,-0.371015727519989,0.9999064207077026,0.5253580808639526,0.13895493745803833,-0.3710658550262451,0.9999129176139832,0.5298069715499878,0.13849374651908875,-0.3711951673030853,0.9998559951782227,0.5039840936660767,0.14021383225917816,-0.37807416915893555,0.9999064803123474,0.49610358476638794,0.1410156488418579,-0.3781757950782776,0.9999263286590576,0.4892404079437256,0.14190563559532166,-0.3781778812408447,0.9998971223831177,0.533743143081665,0.14913515746593475,-0.2084006369113922,0.9998566508293152,0.4777209162712097,0.15506801009178162,-0.23994067311286926,0.9999139904975891,0.5226472616195679,0.1950034201145172,-0.34683898091316223,0.9999729990959167,0.50433349609375,0.19687385857105255,-0.3562481999397278,0.999977171421051,0.5782474875450134,0.3229620158672333,-0.13559843599796295,0.9988253116607666,0.43250536918640137,0.32677406072616577,-0.16090527176856995,0.9995330572128296,0.6220287680625916,0.5389672517776489,-0.37009769678115845,0.9139243364334106,0.4009353220462799,0.5428985357284546,-0.3655204474925995,0.9600695967674255,0.617550790309906,0.40028393268585205,-0.7059193253517151,0.8967785239219666,0.40408235788345337,0.40953513979911804,-0.6844528317451477,0.9666799306869507,0.6204445362091064,0.3760572075843811,-0.7647963762283325,0.8351441025733948,0.40214332938194275,0.3766947090625763,-0.7427027225494385,0.9430931806564331,0.6188603043556213,0.363138884305954,-0.7410375475883484,0.8122102618217468,0.40657052397727966,0.3613305389881134,-0.7321932315826416,0.9329798817634583,0.6134681701660156,0.3673408627510071,-0.7042980194091797,0.7039530277252197,0.41000837087631226,0.36886414885520935,-0.687160074710846,0.8802332878112793,0.5567368865013123,0.6099417209625244,-0.001647569821216166,0.9990565180778503,0.4687076508998871,0.6129652261734009,0.0017907472793012857,0.9994953274726868,0.623607337474823,0.6139179468154907,-0.5832709074020386,0.9932504892349243,0.38282981514930725,0.6150122880935669,-0.5555675625801086,0.9914737939834595,0.601269006729126,0.8558192849159241,-0.24665193259716034,0.9802732467651367,0.4002479016780853,0.8613825440406799,-0.23999254405498505,0.9945610165596008,0.5840555429458618,0.8905907273292542,-0.22139275074005127,0.9403260350227356,0.417214572429657,0.9036154747009277,-0.2171076089143753,0.9787712693214417,0.626911461353302,0.9521436095237732,-0.4009626805782318,0.9700452089309692,0.35902008414268494,0.9462534785270691,-0.4004390835762024,0.9871874451637268
down,0.5144612789154053,0.16222497820854187,-0.407667875289917,0.9999396800994873,0.5207440257072449,0.1382942646741867,-0.3741946816444397,0.9999054670333862,0.5253652334213257,0.13805505633354187,-0.3742481470108032,0.9999126195907593,0.5298157930374146,0.13756021857261658,-0.37438061833381653,0.9998558163642883,0.5039539933204651,0.13933564722537994,-0.3809639811515808,0.9999033212661743,0.4960271716117859,0.14015856385231018,-0.3810681402683258,0.9999241828918457,0.4892028868198395,0.1411401480436325,-0.38107436895370483,0.9998945593833923,0.5337179899215698,0.14830854535102844,-0.20988278090953827,0.9998539090156555,0.47773027420043945,0.1544293612241745,-0.2398790419101715,0.9999101758003235,0.5226496458053589,0.1938905268907547,-0.3491952121257782,0.9999717473983765,0.504243016242981,0.19567802548408508,-0.35818010568618774,0.9999759197235107,0.5780701041221619,0.3209923207759857,-0.13431212306022644,0.9988994002342224,0.4336085319519043,0.3243786096572876,-0.15709465742111206,0.9995222687721252,0.6203504204750061,0.5239380598068237,-0.36757975816726685,0.9117810726165771,0.40108123421669006,0.5397952795028687,-0.3602466881275177,0.9594435095787048,0.6175680756568909,0.3986790180206299,-0.7085255980491638,0.9010676145553589,0.40419429540634155,0.40917494893074036,-0.6802510023117065,0.9676830172538757,0.6210726499557495,0.3759191632270813,-0.7679231762886047,0.8439012169837952,0.4020208716392517,0.37568604946136475,-0.7384056448936462,0.945310652256012,0.6192680597305298,0.3633671998977661,-0.744740903377533,0.8228442072868347,0.4062168002128601,0.3600815236568451,-0.7281851768493652,0.9361996054649353,0.6136825680732727,0.36727675795555115,-0.7074869871139526,0.719795286655426,0.40935006737709045,0.3685833513736725,-0.6830257177352905,0.8866961598396301,0.556624710559845,0.6080487966537476,-0.002822655951604247,0.9990353584289551,0.4688235819339752,0.6113466620445251,0.002975313225761056,0.999478280544281,0.623581051826477,0.6133133769035339,-0.5813635587692261,0.9935426712036133,0.3824772834777832,0.615300178527832,-0.557758092880249,0.9919905662536621,0.6015597581863403,0.8557723760604858,-0.25169163942337036,0.9813978672027588,0.4002418518066406,0.8613520860671997,-0.24424679577350616,0.9946412444114685,0.5842766761779785,0.8904654383659363,-0.2276853770017624,0.9402732253074646,0.41722598671913147,0.9028671383857727,-0.22183290123939514,0.9790385961532593,0.6269961595535278,0.9519028663635254,-0.40927767753601074,0.9710147976875305,0.35946863889694214,0.9460502862930298,-0.40672311186790466,0.9872646927833557
down,0.5143930912017822,0.16196630895137787,-0.37898188829421997,0.9999346137046814,0.5206851363182068,0.13816501200199127,-0.3447977900505066,0.9998996257781982,0.5253133177757263,0.13793957233428955,-0.344870388507843,0.999906599521637,0.529762327671051,0.13745172321796417,-0.3450096547603607,0.9998486638069153,0.5039001703262329,0.13920381665229797,-0.3532700538635254,0.999896764755249,0.4959397315979004,0.14002831280231476,-0.3533725142478943,0.999918520450592,0.4891279637813568,0.14102017879486084,-0.3533868193626404,0.9998888373374939,0.5336586236953735,0.14826565980911255,-0.18158115446567535,0.9998427629470825,0.4776938557624817,0.15429945290088654,-0.21845018863677979,0.9999038577079773,0.5226511359214783,0.19366779923439026,-0.3213346600532532,0.9999690055847168,0.5041351318359375,0.19543376564979553,-0.3324574828147888,0.9999732971191406,0.5767098069190979,0.3201028108596802,-0.11087530851364136,0.998824417591095,0.4331216812133789,0.3244977295398712,-0.14313717186450958,0.9994944930076599,0.6192257404327393,0.5218916535377502,-0.3528410792350769,0.9013033509254456,0.4015488624572754,0.5380306243896484,-0.3454382121562958,0.9559695720672607,0.6156531572341919,0.39843249320983887,-0.692076563835144,0.886096715927124,0.40501871705055237,0.40815532207489014,-0.6543322205543518,0.9648473858833313,0.6195582151412964,0.3754175007343292,-0.750141978263855,0.8263018131256104,0.40217646956443787,0.37343454360961914,-0.7100185751914978,0.9420031905174255,0.6185656785964966,0.36331087350845337,-0.7257766723632812,0.80372154712677,0.4062080383300781,0.3594217598438263,-0.7016128897666931,0.9327810406684875,0.6119787693023682,0.3670596778392792,-0.69081711769104,0.6981269121170044,0.409365177154541,0.368332177400589,-0.6578880548477173,0.8826584219932556,0.5566039681434631,0.607801616191864,-0.0029025834519416094,0.9989665150642395,0.4687621593475342,0.6115381717681885,0.0030653912108391523,0.9994394183158875,0.6233723163604736,0.6115790009498596,-0.5659724473953247,0.9934167861938477,0.38205769658088684,0.615160346031189,-0.5494264960289001,0.9919998049736023,0.601581871509552,0.8556993007659912,-0.2659375071525574,0.9814103841781616,0.400230348110199,0.86137855052948,-0.25710201263427734,0.9944005608558655,0.5843323469161987,0.8902588486671448,-0.2443467676639557,0.9385698437690735,0.41711264848709106,0.9024272561073303,-0.23648186028003693,0.9783132672309875,0.6268982887268066,0.951628565788269,-0.4269333481788635,0.970958411693573,0.3596646189689636,0.9457417130470276,-0.42159828543663025,0.9868373870849609
down,0.5143488049507141,0.16206048429012299,-0.424435555934906,0.9999358057975769,0.5206376910209656,0.1381414532661438,-0.3912937045097351,0.9999009966850281,0.5252572298049927,0.13790330290794373,-0.39134955406188965,0.9999091029167175,0.5297056436538696,0.1374036967754364,-0.3914874792098999,0.999850332736969,0.5038517713546753,0.1392061561346054,-0.3981127440929413,0.9998970031738281,0.49589377641677856,0.14002160727977753,-0.3982233703136444,0.9999197125434875,0.4890950620174408,0.14095792174339294,-0.3982381820678711,0.9998884797096252,0.5335046052932739,0.1481914520263672,-0.22801008820533752,0.9998488426208496,0.47761106491088867,0.15400439500808716,-0.2578510046005249,0.9999062418937683,0.5225415229797363,0.19359076023101807,-0.36625930666923523,0.9999709129333496,0.5040807127952576,0.19552190601825714,-0.3751714825630188,0.9999744892120361,0.5769823789596558,0.3204386532306671,-0.1515187919139862,0.9988812208175659,0.43247777223587036,0.3264489769935608,-0.17528751492500305,0.9995083212852478,0.620120644569397,0.5362340211868286,-0.39354124665260315,0.9040370583534241,0.40161600708961487,0.5433810353279114,-0.38331976532936096,0.9573042392730713,0.6147482991218567,0.3995344042778015,-0.7378444075584412,0.8905564546585083,0.40458399057388306,0.40767616033554077,-0.7058051824569702,0.9663077592849731,0.6173705458641052,0.37566012144088745,-0.7978156805038452,0.8321781754493713,0.4018266797065735,0.37366634607315063,-0.7643756866455078,0.9444055557250977,0.6165540218353271,0.3632105588912964,-0.7721059918403625,0.8099652528762817,0.40561071038246155,0.359220027923584,-0.7530677318572998,0.9354463815689087,0.6116046905517578,0.36750900745391846,-0.7358278632164001,0.7044222354888916,0.4088103771209717,0.3677275776863098,-0.7082608938217163,0.8862257599830627,0.5566361546516418,0.6077130436897278,-0.0029088896699249744,0.9989671111106873,0.4686099886894226,0.6116822361946106,0.0030733798630535603,0.9994439482688904,0.6231333017349243,0.6110506057739258,-0.5802960395812988,0.9934441447257996,0.38197070360183716,0.6146687865257263,-0.5616411566734314,0.9919569492340088,0.6015927195549011,0.8557405471801758,-0.2559549808502197,0.9816939234733582,0.40017661452293396,0.861420214176178,-0.24891576170921326,0.9943201541900635,0.5844012498855591,0.8902531862258911,-0.23191840946674347,0.9378100037574768,0.4169777035713196,0.9022127985954285,-0.2263605147600174,0.9778164029121399,0.6268364787101746,0.951534628868103,-0.41675734519958496,0.9712864756584167,0.3597560524940491,0.9456539750099182,-0.41559189558029175,0.9867400527000427
down,0.5141648054122925,0.16224195063114166,-0.41263794898986816,0.9999344944953918,0.5205138921737671,0.1382615715265274,-0.37926819920539856,0.9998973608016968,0.5250926613807678,0.1380317360162735,-0.3793228566646576,0.9999067783355713,0.5295389890670776,0.13753026723861694,-0.3794555962085724,0.9998452663421631,0.5036903619766235,0.13934794068336487,-0.3857452869415283,0.9998929500579834,0.49578723311424255,0.14014652371406555,-0.38584768772125244,0.9999170899391174,0.4890158772468567,0.141071617603302,-0.38585716485977173,0.9998835921287537,0.5334303975105286,0.14827674627304077,-0.21838445961475372,0.9998453855514526,0.4775378108024597,0.15403078496456146,-0.24671392142772675,0.9999022483825684,0.5223427414894104,0.19365154206752777,-0.35567817091941833,0.9999707937240601,0.5039746165275574,0.19567538797855377,-0.36419135332107544,0.9999741911888123,0.5771373510360718,0.3203832507133484,-0.1481724977493286,0.9989047646522522,0.4319412112236023,0.327487051486969,-0.16857928037643433,0.999506413936615,0.6203185319900513,0.5368674993515015,-0.3908950388431549,0.9089452028274536,0.40109777450561523,0.5440542101860046,-0.38099029660224915,0.9585379362106323,0.6127322912216187,0.3991817533969879,-0.7274538278579712,0.8968465328216553,0.404355525970459,0.40715259313583374,-0.7033716440200806,0.9672099351882935,0.616004467010498,0.3752790689468384,-0.7860450744628906,0.8398442268371582,0.4014914631843567,0.3739181458950043,-0.7619365453720093,0.9455583691596985,0.6139587759971619,0.3625909984111786,-0.7593356370925903,0.8181906342506409,0.4054494798183441,0.3591372072696686,-0.751579761505127,0.9366008043289185,0.6098340749740601,0.3671925365924835,-0.7247177958488464,0.7137722373008728,0.40872591733932495,0.36723166704177856,-0.7059712409973145,0.8876298666000366,0.5566077828407288,0.6077234745025635,-0.002875356236472726,0.9989557266235352,0.46853527426719666,0.6118446588516235,0.003038365626707673,0.9994335770606995,0.6229922771453857,0.6119179129600525,-0.582834780216217,0.9934501647949219,0.3818170726299286,0.6145786643028259,-0.5620409250259399,0.991844654083252,0.601610541343689,0.8558138608932495,-0.2558746635913849,0.9816558361053467,0.40015989542007446,0.8614741563796997,-0.24958708882331848,0.9942354559898376,0.5845007300376892,0.8902781009674072,-0.23208868503570557,0.9367091655731201,0.41691336035728455,0.9021285772323608,-0.22742262482643127,0.9773576855659485,0.6267773509025574,0.9515123963356018,-0.41653522849082947,0.9711496233940125,0.3599230945110321,0.9455646276473999,-0.4162004888057709,0.9865875244140625
down,0.5140379667282104,0.16266568005084991,-0.4002729058265686,0.9999330639839172,0.5204309821128845,0.13842922449111938,-0.36684757471084595,0.999893844127655,0.524969220161438,0.13820570707321167,-0.3669026792049408,0.999904215335846,0.5293906927108765,0.13771894574165344,-0.3670293986797333,0.9998407959938049,0.5036386847496033,0.139463409781456,-0.3735073208808899,0.9998896718025208,0.49576467275619507,0.1402134746313095,-0.3736098110675812,0.9999150633811951,0.48900049924850464,0.14110463857650757,-0.37362295389175415,0.9998806715011597,0.5333486199378967,0.14838336408138275,-0.2054305374622345,0.9998387694358826,0.4775146543979645,0.1538957953453064,-0.23486106097698212,0.9998981356620789,0.522140622138977,0.19387707114219666,-0.3430589735507965,0.9999698996543884,0.5038958191871643,0.19587896764278412,-0.35186225175857544,0.999973475933075,0.5773336291313171,0.3198187053203583,-0.13359440863132477,0.9988828301429749,0.430927038192749,0.32813701033592224,-0.1562870442867279,0.9995018839836121,0.6202346086502075,0.5376071333885193,-0.367941290140152,0.9087739586830139,0.40051037073135376,0.5460047721862793,-0.35807472467422485,0.9595571756362915,0.610579788684845,0.40004369616508484,-0.7058292627334595,0.8984869718551636,0.4036674499511719,0.40917396545410156,-0.6761112809181213,0.967997133731842,0.6148232817649841,0.37532463669776917,-0.7646034955978394,0.8424240946769714,0.4013423025608063,0.37689027190208435,-0.7346268892288208,0.9466841220855713,0.6127372980117798,0.3624286949634552,-0.7411693334579468,0.8210614919662476,0.4053869843482971,0.36040636897087097,-0.724134087562561,0.9379090070724487,0.6086090803146362,0.3671416938304901,-0.7046659588813782,0.7166965007781982,0.40854620933532715,0.3681586682796478,-0.678902804851532,0.8894328474998474,0.5566002130508423,0.6073999404907227,-0.0028016373980790377,0.9989498257637024,0.4683523178100586,0.611684262752533,0.0029635669197887182,0.9994237422943115,0.6226457357406616,0.6122547388076782,-0.5868133902549744,0.9935641288757324,0.38172563910484314,0.6144309043884277,-0.5645685791969299,0.9919010400772095,0.6015912890434265,0.8558633327484131,-0.2612738311290741,0.9817463755607605,0.4001634120941162,0.8615007400512695,-0.2551904618740082,0.9942266345024109,0.5845359563827515,0.8902883529663086,-0.23770685493946075,0.9360365867614746,0.41688817739486694,0.9020653367042542,-0.2335081547498703,0.9770668148994446,0.6264742612838745,0.9515093564987183,-0.42330703139305115,0.9714571237564087,0.3602972626686096,0.9455299973487854,-0.4234461188316345,0.9866369962692261
down,0.5138890147209167,0.1628761887550354,-0.40301257371902466,0.999935507774353,0.5203036665916443,0.13847438991069794,-0.369976669549942,0.9998995661735535,0.524822473526001,0.1382542848587036,-0.37002694606781006,0.9999091625213623,0.5292350053787231,0.13778045773506165,-0.37015774846076965,0.9998511075973511,0.5034906268119812,0.1394856721162796,-0.37719419598579407,0.999895453453064,0.4956584572792053,0.1402205526828766,-0.37730804085731506,0.9999194145202637,0.48891863226890564,0.14110204577445984,-0.377316951751709,0.9998883605003357,0.5332316160202026,0.1484229862689972,-0.20723852515220642,0.9998477697372437,0.47744935750961304,0.15377548336982727,-0.2391350269317627,0.9999021887779236,0.5219991207122803,0.19411946833133698,-0.344849169254303,0.9999706149101257,0.5038410425186157,0.19611209630966187,-0.35437360405921936,0.999973714351654,0.5764337778091431,0.3166220784187317,-0.13129988312721252,0.9988962411880493,0.43092113733291626,0.3279390037059784,-0.1583607792854309,0.9994930624961853,0.6192672848701477,0.5320162773132324,-0.36439305543899536,0.9057763814926147,0.40003031492233276,0.5452547073364258,-0.3620661199092865,0.9594414234161377,0.6111400127410889,0.400870680809021,-0.701163649559021,0.8964399099349976,0.4034959375858307,0.40842726826667786,-0.6769309043884277,0.9682004451751709,0.6145248413085938,0.3763342499732971,-0.7584984302520752,0.8397419452667236,0.40113577246665955,0.37787991762161255,-0.7341415882110596,0.9469707608222961,0.6126493811607361,0.3635432720184326,-0.7345391511917114,0.8186035752296448,0.40537700057029724,0.36061906814575195,-0.7226204872131348,0.9384955763816833,0.6088998913764954,0.36800676584243774,-0.6995413899421692,0.7146702408790588,0.4084485173225403,0.36854222416877747,-0.6792669296264648,0.8908469676971436,0.5572128891944885,0.6062343120574951,-0.002807013224810362,0.9989469647407532,0.46832308173179626,0.61137855052948,0.0029715835116803646,0.9994136691093445,0.6224798560142517,0.6124014258384705,-0.5726528167724609,0.993833601474762,0.3817253112792969,0.6142209768295288,-0.5489246845245361,0.9922034740447998,0.6015375852584839,0.8558648824691772,-0.2500171959400177,0.9822368025779724,0.4002322554588318,0.8614754676818848,-0.2452182024717331,0.9943190813064575,0.5845754742622375,0.890287458896637,-0.22569385170936584,0.936216413974762,0.4168734550476074,0.901734471321106,-0.22310499846935272,0.977106511592865,0.6255813837051392,0.9512819051742554,-0.406867116689682,0.9722924828529358,0.3606768250465393,0.9453787803649902,-0.4085068702697754,0.9868603944778442
down,0.5132507085800171,0.1629662662744522,-0.41961202025413513,0.9999305009841919,0.5198259353637695,0.13847404718399048,-0.38654181361198425,0.9998941421508789,0.5243639349937439,0.13826370239257812,-0.38658958673477173,0.999904215335846,0.528718113899231,0.1377963423728943,-0.386724054813385,0.9998441338539124,0.5025975108146667,0.1394917070865631,-0.3933245539665222,0.9998879432678223,0.4947667717933655,0.1402057409286499,-0.3934362232685089,0.9999134540557861,0.4881170392036438,0.14109329879283905,-0.3934485614299774,0.9998807311058044,0.5329920053482056,0.14842034876346588,-0.2234799563884735,0.9998416304588318,0.4771266579627991,0.15376871824264526,-0.2535303235054016,0.9998952150344849,0.5215998888015747,0.19421517848968506,-0.3614707887172699,0.9999681711196899,0.5032902359962463,0.19629469513893127,-0.3704372048377991,0.9999709129333496,0.5774422883987427,0.31721657514572144,-0.14618182182312012,0.9987926483154297,0.43087974190711975,0.3283609449863434,-0.17199787497520447,0.9994407296180725,0.6192539930343628,0.5357220768928528,-0.38214609026908875,0.8962865471839905,0.3988491892814636,0.5441439747810364,-0.38078606128692627,0.9568126201629639,0.6115652322769165,0.40249189734458923,-0.7192879319190979,0.8840538263320923,0.40313076972961426,0.4078312814235687,-0.6951569318771362,0.9644215703010559,0.6149272918701172,0.3776656687259674,-0.7767727375030518,0.8233302235603333,0.4009915292263031,0.3768042325973511,-0.751838207244873,0.9405811429023743,0.613664984703064,0.3650094270706177,-0.7514466643333435,0.800772488117218,0.4054662585258484,0.35992270708084106,-0.7387639880180359,0.9309592843055725,0.6092957258224487,0.3693239986896515,-0.7172272205352783,0.6919451355934143,0.4083985388278961,0.3679676353931427,-0.6967856884002686,0.878846287727356,0.5576201677322388,0.6063128113746643,-0.0027847192250192165,0.998907208442688,0.4684077799320221,0.6113840937614441,0.0029474161565303802,0.9993844032287598,0.6225041747093201,0.6124598383903503,-0.5770888328552246,0.993554413318634,0.3815630078315735,0.614087700843811,-0.5483052730560303,0.9918788075447083,0.6015325784683228,0.8556697368621826,-0.24281103909015656,0.981689989566803,0.4002555310726166,0.8612583875656128,-0.23414218425750732,0.9940850734710693,0.5846354365348816,0.8901535868644714,-0.21738605201244354,0.9344196915626526,0.41686373949050903,0.9010826349258423,-0.2109692394733429,0.9763228893280029,0.6252495646476746,0.950969934463501,-0.3988288640975952,0.9713709354400635,0.360930472612381,0.9451679587364197,-0.3962538242340088,0.9863415956497192
down,0.512738823890686,0.1630277782678604,-0.4115135073661804,0.9999287128448486,0.5190127491950989,0.138507679104805,-0.37890511751174927,0.999891459941864,0.5234705209732056,0.1383022964000702,-0.3789522349834442,0.9999020099639893,0.5275226831436157,0.1378777027130127,-0.37907540798187256,0.9998405575752258,0.5016640424728394,0.13959592580795288,-0.38587743043899536,0.999885082244873,0.49389466643333435,0.14029106497764587,-0.3859875798225403,0.9999114274978638,0.4872627854347229,0.1412210911512375,-0.38599836826324463,0.9998780488967896,0.5315786600112915,0.1486615240573883,-0.21894852817058563,0.9998368620872498,0.4767366349697113,0.15434977412223816,-0.24845871329307556,0.999891459941864,0.5212169289588928,0.1942967027425766,-0.3549451231956482,0.9999672770500183,0.5031115412712097,0.19633524119853973,-0.3640196919441223,0.9999701380729675,0.5764567255973816,0.3173745572566986,-0.1438388228416443,0.9987859725952148,0.4303053915500641,0.32985419034957886,-0.17011860013008118,0.9994310736656189,0.6191344857215881,0.5391045212745667,-0.3735457956790924,0.8936103582382202,0.3986899256706238,0.5459941029548645,-0.3713936507701874,0.9589449763298035,0.6114878058433533,0.404064804315567,-0.7070385217666626,0.8853485584259033,0.403007447719574,0.41152021288871765,-0.6818272471427917,0.966960072517395,0.6149895787239075,0.37935584783554077,-0.764182448387146,0.8252987265586853,0.3993983864784241,0.3797180652618408,-0.7385624647140503,0.9442591667175293,0.6136027574539185,0.36686354875564575,-0.7397494912147522,0.8029664754867554,0.4039432108402252,0.36500340700149536,-0.727799117565155,0.9352376461029053,0.6091114282608032,0.3715289235115051,-0.7052773237228394,0.6949572563171387,0.4074770510196686,0.3725357949733734,-0.6842389106750488,0.8855001926422119,0.557390034198761,0.6063636541366577,-0.0025734929367899895,0.9988839030265808,0.46828335523605347,0.6111377477645874,0.002726953709498048,0.9993633031845093,0.6224843263626099,0.6124205589294434,-0.5756874680519104,0.9936112761497498,0.38137173652648926,0.6140167713165283,-0.5491241216659546,0.991828203201294,0.601533830165863,0.8554794192314148,-0.24484305083751678,0.9820042848587036,0.40026941895484924,0.861080527305603,-0.23831841349601746,0.9940357208251953,0.5847083330154419,0.8899000287055969,-0.22030708193778992,0.9343215227127075,0.41685494780540466,0.900740385055542,-0.21604160964488983,0.9760519862174988,0.625012993812561,0.9505277872085571,-0.40091195702552795,0.9718527793884277,0.3611370325088501,0.9449641704559326,-0.4006386697292328,0.9863053560256958
down,0.5116310119628906,0.16311942040920258,-0.4346936345100403,0.9999330043792725,0.5178096890449524,0.13862425088882446,-0.4020701050758362,0.9998956918716431,0.5222481489181519,0.13841216266155243,-0.4021143317222595,0.9999066591262817,0.5261269807815552,0.13806115090847015,-0.40224987268447876,0.9998465776443481,0.5004193782806396,0.13979491591453552,-0.40907663106918335,0.9998893737792969,0.4927757680416107,0.1404670923948288,-0.4091864228248596,0.9999151825904846,0.48617157340049744,0.1414216309785843,-0.40918904542922974,0.9998809695243835,0.5302608013153076,0.14900967478752136,-0.2383573353290558,0.9998462796211243,0.4759373068809509,0.15459583699703217,-0.2693822681903839,0.9998952150344849,0.5200758576393127,0.194401353597641,-0.3759832978248596,0.9999697804450989,0.5016541481018066,0.19640854001045227,-0.3852088451385498,0.9999721646308899,0.5760056376457214,0.31731948256492615,-0.15931035578250885,0.9988961219787598,0.42881208658218384,0.33026063442230225,-0.18391704559326172,0.9994520545005798,0.6191815137863159,0.5413192510604858,-0.3910185992717743,0.9014256000518799,0.39858296513557434,0.5486125349998474,-0.3877165913581848,0.9598334431648254,0.6108261346817017,0.40519213676452637,-0.7295047044754028,0.8943994045257568,0.40318727493286133,0.4148094058036804,-0.7051628828048706,0.9674943089485168,0.6143446564674377,0.37981757521629333,-0.7886761426925659,0.8368930220603943,0.39866262674331665,0.3843514323234558,-0.763235867023468,0.9452925324440002,0.6123358011245728,0.36691638827323914,-0.7640552520751953,0.8155438899993896,0.4030301570892334,0.36953142285346985,-0.7518725991249084,0.9364012479782104,0.6080156564712524,0.37141749262809753,-0.7276175022125244,0.7099152207374573,0.40708738565444946,0.37673720717430115,-0.7075178027153015,0.8866146802902222,0.5572007894515991,0.6059723496437073,-0.0024353335611522198,0.9989223480224609,0.46775922179222107,0.6107386350631714,0.0025849579833447933,0.9993792176246643,0.6224802732467651,0.6125229001045227,-0.5856252312660217,0.9939320683479309,0.3812592625617981,0.6144949197769165,-0.5536292791366577,0.991915225982666,0.6015307307243347,0.8547083735466003,-0.23601429164409637,0.9825690984725952,0.40041080117225647,0.861035943031311,-0.2284463346004486,0.9941917657852173,0.5848033428192139,0.8884432315826416,-0.20934529602527618,0.9355872273445129,0.41692352294921875,0.9007490277290344,-0.20458213984966278,0.9765490889549255,0.6247805953025818,0.9504770040512085,-0.39008647203445435,0.9725179672241211,0.3611971437931061,0.9448164105415344,-0.38968151807785034,0.9865610599517822
down,0.511422872543335,0.16311153769493103,-0.4414988160133362,0.9999380111694336,0.517595648765564,0.13836196064949036,-0.40861815214157104,0.9999035596847534,0.5219619274139404,0.13809919357299805,-0.4086652398109436,0.9999138116836548,0.5258563160896301,0.13770043849945068,-0.40880900621414185,0.9998571872711182,0.5003562569618225,0.1397484838962555,-0.4163110852241516,0.9998971223831177,0.4926627576351166,0.14043058454990387,-0.4164223074913025,0.9999212026596069,0.4859980642795563,0.1414058953523636,-0.41642841696739197,0.999888002872467,0.5297899842262268,0.14824195206165314,-0.2442793846130371,0.9998603463172913,0.4754769802093506,0.15441089868545532,-0.27841848134994507,0.9999051094055176,0.5195738077163696,0.19416356086730957,-0.3825950026512146,0.9999728202819824,0.501487135887146,0.1963668018579483,-0.39270108938217163,0.9999748468399048,0.5762268900871277,0.3173760175704956,-0.1645808219909668,0.998954176902771,0.42784205079078674,0.330213725566864,-0.19228652119636536,0.9994680285453796,0.6194971203804016,0.543053925037384,-0.3995167315006256,0.9000263810157776,0.3976999819278717,0.5492320656776428,-0.397341251373291,0.9579285979270935,0.6106072664260864,0.40528786182403564,-0.7414605617523193,0.8881250619888306,0.40317782759666443,0.4145968556404114,-0.7130035161972046,0.9636303186416626,0.6141614317893982,0.37956908345222473,-0.8008222579956055,0.8291330337524414,0.3983905017375946,0.38409435749053955,-0.7707052826881409,0.9397575259208679,0.6123409271240234,0.3656097948551178,-0.775985598564148,0.8069539070129395,0.40273594856262207,0.36921408772468567,-0.7591756582260132,0.9297546744346619,0.6081541776657104,0.37065377831459045,-0.7399075627326965,0.6969509720802307,0.40668779611587524,0.3766895830631256,-0.7153545022010803,0.8751723170280457,0.557386040687561,0.604546844959259,-0.002703013364225626,0.9989436268806458,0.4677976071834564,0.6097975373268127,0.00284844683483243,0.9993899464607239,0.6224451661109924,0.611150860786438,-0.5876806974411011,0.9937769770622253,0.38112568855285645,0.6145792603492737,-0.5564923882484436,0.9914859533309937,0.6014774441719055,0.8542993068695068,-0.23677758872509003,0.9823977947235107,0.4004020094871521,0.8610426187515259,-0.2269798070192337,0.9940503239631653,0.5849114656448364,0.8874070048332214,-0.21018528938293457,0.9343849420547485,0.41690459847450256,0.9010877013206482,-0.2032165825366974,0.9763678312301636,0.6243894696235657,0.9515973329544067,-0.39310187101364136,0.971811830997467,0.360850989818573,0.944758415222168,-0.3897177577018738,0.9862077832221985
down,0.5114177465438843,0.16302530467510223,-0.43765878677368164,0.9999375939369202,0.517526388168335,0.1381172239780426,-0.404951810836792,0.9999022483825684,0.5218533277511597,0.13783544301986694,-0.40500181913375854,0.9999133348464966,0.5257656574249268,0.13741366565227509,-0.40513914823532104,0.9998563528060913,0.5004183053970337,0.13964761793613434,-0.41224750876426697,0.9998948574066162,0.4926826059818268,0.14037927985191345,-0.41235607862472534,0.999919593334198,0.48596614599227905,0.14138641953468323,-0.4123566746711731,0.9998849034309387,0.5295577049255371,0.14786046743392944,-0.2420111447572708,0.999860942363739,0.4750971794128418,0.15440887212753296,-0.2745770812034607,0.9999032020568848,0.5195311307907104,0.19397835433483124,-0.3793780505657196,0.9999725222587585,0.5016385316848755,0.19627825915813446,-0.38898974657058716,0.9999745488166809,0.576172947883606,0.3171466588973999,-0.1626002937555313,0.9989823698997498,0.4274144768714905,0.3302517831325531,-0.1894957572221756,0.9994502067565918,0.6195380687713623,0.5438365340232849,-0.3906664252281189,0.9007879495620728,0.3975990414619446,0.5506190061569214,-0.39117735624313354,0.9569746851921082,0.6102439761161804,0.4070749580860138,-0.7278028130531311,0.8898352384567261,0.40312355756759644,0.4145793616771698,-0.7061618566513062,0.9620136022567749,0.6141000390052795,0.3800749182701111,-0.7864729762077332,0.8308717012405396,0.3982163965702057,0.38419830799102783,-0.7638455629348755,0.9370297789573669,0.6123117208480835,0.3659449815750122,-0.7627545595169067,0.809227466583252,0.4024750590324402,0.3696463704109192,-0.7524095177650452,0.9265837669372559,0.6081264019012451,0.37068063020706177,-0.726426362991333,0.6981495022773743,0.4064275324344635,0.37713244557380676,-0.7085517048835754,0.8694390654563904,0.5571040511131287,0.6019183993339539,-0.0022229612804949284,0.9989538192749023,0.4676576256752014,0.6080735325813293,0.0023744143545627594,0.9993882775306702,0.6222243905067444,0.6113055348396301,-0.5795630216598511,0.9937445521354675,0.38121986389160156,0.6146422028541565,-0.5577182769775391,0.9912424683570862,0.6013124585151672,0.8540574908256531,-0.23517143726348877,0.9824841022491455,0.400341272354126,0.860867977142334,-0.23007521033287048,0.9939478635787964,0.5849811434745789,0.8872247338294983,-0.2094474732875824,0.9342074990272522,0.41679802536964417,0.9009961485862732,-0.20683524012565613,0.9759702086448669,0.6250967383384705,0.9522949457168579,-0.392676442861557,0.9718198180198669,0.3609009385108948,0.9450197219848633,-0.39346450567245483,0.9859538078308105
down,0.5112772583961487,0.16308662295341492,-0.42627066373825073,0.999931812286377,0.5174123644828796,0.1381435990333557,-0.39398056268692017,0.9998909831047058,0.5217353105545044,0.13786068558692932,-0.39402666687965393,0.9999043345451355,0.5256496667861938,0.1374700516462326,-0.39416003227233887,0.9998418688774109,0.5003053545951843,0.13967052102088928,-0.40088438987731934,0.9998831152915955,0.49256429076194763,0.14040745794773102,-0.40099096298217773,0.999911367893219,0.4858476221561432,0.14141987264156342,-0.4009903073310852,0.9998729825019836,0.5294588208198547,0.14790497720241547,-0.232326477766037,0.9998429417610168,0.4748942255973816,0.1544724553823471,-0.26301485300064087,0.9998888373374939,0.5193721055984497,0.19416679441928864,-0.36840516328811646,0.9999696016311646,0.5015333890914917,0.19637443125247955,-0.3775014281272888,0.999971866607666,0.5749508142471313,0.3155363202095032,-0.1550295650959015,0.998975932598114,0.4273099899291992,0.3286241888999939,-0.17674200236797333,0.9994297623634338,0.618854820728302,0.540038526058197,-0.3800206184387207,0.9058062434196472,0.3983652889728546,0.5498911142349243,-0.3739967346191406,0.9569504857063293,0.6097378134727478,0.4069848656654358,-0.7139924764633179,0.8938466310501099,0.40301546454429626,0.41407325863838196,-0.6884217262268066,0.962465763092041,0.6128771305084229,0.3797542452812195,-0.7725486755371094,0.8361303806304932,0.3981560468673706,0.3829103112220764,-0.7463253736495972,0.9379103183746338,0.6107690334320068,0.3656422197818756,-0.7491667866706848,0.8155484795570374,0.4021822512149811,0.3687276244163513,-0.7362626194953918,0.928125262260437,0.6070343255996704,0.3702617287635803,-0.7125738859176636,0.7076208591461182,0.4060433804988861,0.3770090639591217,-0.6913523077964783,0.8727302551269531,0.556631326675415,0.5997874140739441,-0.002609975403174758,0.9988934993743896,0.4669567942619324,0.6066434383392334,0.002766817109659314,0.9993434548377991,0.6216270327568054,0.6111006736755371,-0.5725220441818237,0.9940847754478455,0.3812970519065857,0.61464524269104,-0.5480875372886658,0.9916675090789795,0.601295530796051,0.8536893129348755,-0.2364054024219513,0.9834111928939819,0.4000092148780823,0.8607019186019897,-0.23087462782859802,0.994026243686676,0.5850032567977905,0.8874248266220093,-0.21151721477508545,0.9347198009490967,0.41661930084228516,0.9005946516990662,-0.20822151005268097,0.9758161902427673,0.6249572038650513,0.9518432021141052,-0.3924001455307007,0.9725600481033325,0.36103761196136475,0.945522665977478,-0.39147692918777466,0.9858734607696533
down,0.38944098353385925,0.13311350345611572,-0.12183216959238052,0.9999551773071289,0.40168341994285583,0.11276891827583313,-0.14388242363929749,0.9999732971191406,0.40507346391677856,0.11334330588579178,-0.1439037024974823,0.9999796152114868,0.4088404178619385,0.11410482972860336,-0.1439746469259262,0.9999765157699585,0.39908015727996826,0.11187505722045898,-0.09801790118217468,0.9999629259109497,0.40034493803977966,0.1116335317492485,-0.09807188808917999,0.9999721050262451,0.40180444717407227,0.11112844944000244,-0.09803213179111481,0.9999699592590332,0.4313507676124573,0.1358610987663269,-0.18477682769298553,0.9999746084213257,0.42396092414855957,0.12785497307777405,0.0163163673132658,0.9999701976776123,0.3977324962615967,0.16546162962913513,-0.13708458840847015,0.9999805688858032,0.39461982250213623,0.1620771288871765,-0.07883642613887787,0.9999686479568481,0.47400468587875366,0.3217899799346924,-0.266394704580307,0.9999387264251709,0.4186628460884094,0.29127180576324463,0.1402193307876587,0.9997001886367798,0.4136628210544586,0.5266509056091309,-0.22592513263225555,0.9415121674537659,0.3614610731601715,0.4249509572982788,0.12519420683383942,0.27293482422828674,0.3468828797340393,0.4091140627861023,-0.08160196989774704,0.972234308719635,0.3308703601360321,0.39402496814727783,-0.029545385390520096,0.39543598890304565,0.3246159255504608,0.38717082142829895,-0.10371673107147217,0.9655773639678955,0.311104416847229,0.3649212718009949,-0.03937100991606712,0.3865627348423004,0.3367457985877991,0.3661767840385437,-0.11200974881649017,0.964532196521759,0.3269721269607544,0.3622592091560364,-0.053232062608003616,0.3987657129764557,0.34888219833374023,0.369292676448822,-0.0807962715625763,0.9466760158538818,0.33499249815940857,0.36920005083084106,-0.041604578495025635,0.39092159271240234,0.5696629881858826,0.587965726852417,-0.10971297323703766,0.9999760389328003,0.5110136866569519,0.5569143891334534,0.10979510843753815,0.9999152421951294,0.45038852095603943,0.6000441908836365,-0.41105741262435913,0.9938790798187256,0.4162839949131012,0.5093677639961243,0.09955301880836487,0.5046436190605164,0.5199154019355774,0.8586686849594116,-0.2838308811187744,0.9860281944274902,0.46414780616760254,0.7333734035491943,0.22659964859485626,0.6246965527534485,0.5421018600463867,0.9040018916130066,-0.2698221206665039,0.9643075466156006,0.48662441968917847,0.7585884928703308,0.23747678101062775,0.6987285614013672,0.4638586640357971,0.9338788986206055,-0.34219714999198914,0.9843036532402039,0.4013952314853668,0.784851610660553,0.2130669802427292,0.788123607635498
down,0.38949209451675415,0.13175548613071442,-0.15195636451244354,0.9999526739120483,0.4020066261291504,0.11092233657836914,-0.17370441555976868,0.9999730587005615,0.4053783416748047,0.11185971647500992,-0.17371031641960144,0.9999791383743286,0.4092405438423157,0.1129150390625,-0.17380298674106598,0.9999760985374451,0.3990330696105957,0.10881765931844711,-0.12424484640359879,0.9999606013298035,0.4000774025917053,0.10839470475912094,-0.12433134019374847,0.9999698996543884,0.4012056887149811,0.10791969299316406,-0.12427154928445816,0.9999667406082153,0.43132686614990234,0.13234122097492218,-0.210445836186409,0.9999740719795227,0.4228455126285553,0.1244019940495491,0.0068056583404541016,0.9999629855155945,0.39779138565063477,0.16025005280971527,-0.1658739298582077,0.9999772906303406,0.39426353573799133,0.15782858431339264,-0.1034795269370079,0.9999643564224243,0.47268185019493103,0.3221658766269684,-0.3003666400909424,0.9999223351478577,0.41802650690078735,0.292860209941864,0.13820652663707733,0.9996069669723511,0.417010635137558,0.536989152431488,-0.2686086595058441,0.9404191374778748,0.37657010555267334,0.4327912926673889,0.06273117661476135,0.21487917006015778,0.34444862604141235,0.41340750455856323,-0.10978148132562637,0.9674264788627625,0.3339363932609558,0.39975419640541077,-0.16110745072364807,0.3228657841682434,0.3203669488430023,0.387527734041214,-0.13846728205680847,0.958234965801239,0.3105950951576233,0.3652710020542145,-0.17584337294101715,0.3226515054702759,0.3351273834705353,0.3701850175857544,-0.1375095099210739,0.9573646783828735,0.3335147500038147,0.3625318706035614,-0.18883758783340454,0.3343174159526825,0.35158589482307434,0.3762359619140625,-0.10360202938318253,0.9366797804832458,0.3479171395301819,0.3719730079174042,-0.17432953417301178,0.32900378108024597,0.5732066631317139,0.5919739007949829,-0.12133245170116425,0.9999768137931824,0.5172762274742126,0.5629696846008301,0.12143433094024658,0.999920666217804,0.45549994707107544,0.605241596698761,-0.47053009271621704,0.9907411336898804,0.4148421883583069,0.5190747976303101,0.09343394637107849,0.47139593958854675,0.5170789957046509,0.8637010455131531,-0.32446926832199097,0.9786821007728577,0.4671863615512848,0.7344225645065308,0.26071736216545105,0.5975924134254456,0.541740894317627,0.9070864319801331,-0.3081996738910675,0.9489916563034058,0.48886245489120483,0.7524048686027527,0.27511516213417053,0.6698947548866272,0.45882448554039,0.9329642653465271,-0.3990537226200104,0.9772857427597046,0.4119628965854645,0.7915840744972229,0.2429104596376419,0.7597406506538391
down,0.3888624310493469,0.13229545950889587,-0.14068713784217834,0.9999550580978394,0.40185070037841797,0.11101165413856506,-0.16142825782299042,0.999975323677063,0.40535783767700195,0.11194929480552673,-0.16143076121807098,0.9999806880950928,0.4094023108482361,0.11292455345392227,-0.16151979565620422,0.9999778866767883,0.39829927682876587,0.10866965353488922,-0.11281690746545792,0.9999626874923706,0.3990172743797302,0.10822153091430664,-0.11290774494409561,0.9999712109565735,0.39998987317085266,0.1077662780880928,-0.11284643411636353,0.9999679923057556,0.43136438727378845,0.13220170140266418,-0.19743910431861877,0.999975860118866,0.4222337305545807,0.12443005293607712,0.014397472143173218,0.9999637007713318,0.3976903557777405,0.15987375378608704,-0.15510544180870056,0.9999766945838928,0.39356955885887146,0.15732131898403168,-0.09384242445230484,0.999964714050293,0.47297582030296326,0.32119110226631165,-0.2878094017505646,0.9999049305915833,0.41624364256858826,0.29163506627082825,0.13791771233081818,0.9995348453521729,0.4186781048774719,0.536515474319458,-0.2542065978050232,0.9413864016532898,0.36022844910621643,0.4277827739715576,0.0659434050321579,0.18431591987609863,0.3440678119659424,0.41216135025024414,-0.08333054929971695,0.964082658290863,0.3316316604614258,0.39450010657310486,-0.15526553988456726,0.2857653796672821,0.3188823461532593,0.3867540955543518,-0.11163420975208282,0.9525439143180847,0.3093341588973999,0.3590683043003082,-0.17181089520454407,0.2885051369667053,0.336546391248703,0.36840933561325073,-0.11528122425079346,0.952024519443512,0.336764931678772,0.3543039560317993,-0.18316516280174255,0.300113707780838,0.35332778096199036,0.3732790946960449,-0.08072345703840256,0.9300442337989807,0.35222333669662476,0.36280250549316406,-0.16765618324279785,0.29600679874420166,0.5740408897399902,0.5947805643081665,-0.11955168098211288,0.9999762773513794,0.5169938206672668,0.5654967427253723,0.11964452266693115,0.9999250173568726,0.4549334943294525,0.610237181186676,-0.4506235122680664,0.9880824089050293,0.413257360458374,0.5191590785980225,0.09987689554691315,0.45051708817481995,0.5143762826919556,0.8635051250457764,-0.3007749915122986,0.9716779589653015,0.46853548288345337,0.7306320071220398,0.26016420125961304,0.5740258693695068,0.5408021211624146,0.9057868719100952,-0.2842763662338257,0.9362534284591675,0.4909384250640869,0.7491099238395691,0.2743678390979767,0.6450489163398743,0.45627498626708984,0.9315512776374817,-0.36392346024513245,0.97022545337677,0.41479092836380005,0.7926623225212097,0.23859772086143494,0.7301889657974243
down,0.388322114944458,0.13889557123184204,-0.1436924785375595,0.9999576210975647,0.4016374945640564,0.11654314398765564,-0.16498443484306335,0.9999770522117615,0.4052618443965912,0.11690247803926468,-0.1649787425994873,0.9999819993972778,0.40933600068092346,0.11741770803928375,-0.16505059599876404,0.9999792575836182,0.3975813686847687,0.11510981619358063,-0.11670254170894623,0.9999650120735168,0.3981579840183258,0.11432287096977234,-0.11679564416408539,0.9999727606773376,0.39902976155281067,0.1134839728474617,-0.11674489825963974,0.9999696016311646,0.4313839375972748,0.13448050618171692,-0.20140855014324188,0.9999774098396301,0.4215254783630371,0.1272517442703247,0.008831528946757317,0.9999655485153198,0.39821356534957886,0.16757561266422272,-0.15816619992256165,0.9999765753746033,0.3934691846370697,0.16516956686973572,-0.09734342247247696,0.9999655485153198,0.47317901253700256,0.32033225893974304,-0.2893438935279846,0.9998931288719177,0.41518157720565796,0.28815916180610657,0.13128644227981567,0.9995183348655701,0.41892632842063904,0.5342654585838318,-0.25675690174102783,0.9445754885673523,0.3468114733695984,0.4139736294746399,0.0570421926677227,0.18306881189346313,0.3439985513687134,0.4065452218055725,-0.08231882750988007,0.963029146194458,0.3299497663974762,0.38804930448532104,-0.1639057695865631,0.2882712483406067,0.31892651319503784,0.38430163264274597,-0.10972754657268524,0.9501230716705322,0.3090755343437195,0.3567286729812622,-0.18179312348365784,0.2900773882865906,0.3377552628517151,0.36502474546432495,-0.11439391225576401,0.9498507976531982,0.33855950832366943,0.3531358540058136,-0.19401051104068756,0.30219998955726624,0.35374853014945984,0.3682830035686493,-0.0798676460981369,0.9275426864624023,0.3524983525276184,0.36130645871162415,-0.1764179766178131,0.29749366641044617,0.5737817883491516,0.5958401560783386,-0.11856158077716827,0.9999752044677734,0.5168308615684509,0.5653238892555237,0.11866471916437149,0.9999270439147949,0.454318106174469,0.6130760908126831,-0.44332581758499146,0.9867655038833618,0.4128791391849518,0.523201584815979,0.11754567921161652,0.44905340671539307,0.5147665739059448,0.8659181594848633,-0.29339176416397095,0.9695112705230713,0.46899500489234924,0.7292628884315491,0.2786579132080078,0.5685268640518188,0.5408114194869995,0.9076429605484009,-0.2770645022392273,0.9334591627120972,0.4922422766685486,0.7511399388313293,0.2928951382637024,0.639515221118927,0.45647066831588745,0.9329279661178589,-0.35509467124938965,0.9681967496871948,0.41661781072616577,0.7934510707855225,0.26147037744522095,0.7185952663421631
down,0.38756734132766724,0.14908458292484283,-0.14270947873592377,0.9999540448188782,0.4006054997444153,0.12549661099910736,-0.16361311078071594,0.9999749064445496,0.4045749306678772,0.12484751641750336,-0.1636226922273636,0.9999801516532898,0.4087516665458679,0.12460681796073914,-0.16371005773544312,0.9999774098396301,0.3961440622806549,0.12478321045637131,-0.11643858253955841,0.9999611973762512,0.39665791392326355,0.12379659712314606,-0.11652606725692749,0.9999693036079407,0.3974594473838806,0.12261172384023666,-0.11647261679172516,0.9999658465385437,0.43101948499679565,0.13735724985599518,-0.19903993606567383,0.9999746680259705,0.4201169013977051,0.13185662031173706,0.0069501325488090515,0.999960720539093,0.3982459306716919,0.17738443613052368,-0.15644735097885132,0.9999730587005615,0.39340394735336304,0.1752832680940628,-0.09689489752054214,0.999961256980896,0.4734341502189636,0.3192685544490814,-0.2822544574737549,0.9998751282691956,0.4147699773311615,0.28942611813545227,0.1275216042995453,0.9994699954986572,0.4190133512020111,0.5308977961540222,-0.2535163462162018,0.9497775435447693,0.36875632405281067,0.4235295057296753,0.07087276875972748,0.19039389491081238,0.34405484795570374,0.4038647413253784,-0.08558344095945358,0.9650269150733948,0.33075472712516785,0.39157795906066895,-0.13187839090824127,0.3019420802593231,0.31938350200653076,0.38244298100471497,-0.11223022639751434,0.9514162540435791,0.30913037061691284,0.3573654294013977,-0.14805489778518677,0.3011208772659302,0.33561983704566956,0.361752986907959,-0.1159587949514389,0.9510393738746643,0.33583199977874756,0.35372617840766907,-0.16003146767616272,0.31357988715171814,0.35173267126083374,0.3640711009502411,-0.08312152326107025,0.9294921159744263,0.35162869095802307,0.36104655265808105,-0.14426067471504211,0.30908825993537903,0.5736523270606995,0.5966919660568237,-0.11247611045837402,0.9999728798866272,0.5166139006614685,0.5658783316612244,0.1126054972410202,0.9999213814735413,0.45431217551231384,0.6132389307022095,-0.44012451171875,0.9858887791633606,0.41335996985435486,0.5219361186027527,0.07477030903100967,0.4463583528995514,0.51485675573349,0.8653608560562134,-0.2834073007106781,0.9664471745491028,0.46692854166030884,0.7244901657104492,0.22521960735321045,0.5597444772720337,0.5405875444412231,0.9062935709953308,-0.2666066288948059,0.9290711283683777,0.4894443452358246,0.7461007833480835,0.23834629356861115,0.6307644844055176,0.45642608404159546,0.9315195083618164,-0.3461903929710388,0.9650796055793762,0.4128800928592682,0.7912321090698242,0.20056183636188507,0.7081366777420044
down,0.38891178369522095,0.15177351236343384,-0.14949414134025574,0.9999440312385559,0.40214747190475464,0.12866203486919403,-0.16983653604984283,0.9999695420265198,0.4063766598701477,0.12837348878383636,-0.1698475480079651,0.9999760389328003,0.41070619225502014,0.1283913254737854,-0.16993668675422668,0.9999728798866272,0.39683932065963745,0.12795402109622955,-0.1242162212729454,0.9999521970748901,0.3972572386264801,0.12708236277103424,-0.12430679798126221,0.9999620914459229,0.39792829751968384,0.12600478529930115,-0.12425537407398224,0.9999578595161438,0.4322715401649475,0.13953424990177155,-0.2017751932144165,0.999969482421875,0.42098507285118103,0.13476592302322388,-0.0024024154990911484,0.9999529123306274,0.4004267752170563,0.17905762791633606,-0.1616622358560562,0.9999666810035706,0.3947060704231262,0.1770075112581253,-0.10405053198337555,0.9999529719352722,0.47521287202835083,0.3192804455757141,-0.2823426425457001,0.9998636841773987,0.4142882823944092,0.2921006679534912,0.1174105629324913,0.9994248151779175,0.41815385222435,0.5287386178970337,-0.26216989755630493,0.9526452422142029,0.35901206731796265,0.42624062299728394,0.05863269418478012,0.20408408343791962,0.34206175804138184,0.4039023816585541,-0.11306659877300262,0.966658890247345,0.3303857445716858,0.3914091885089874,-0.1482340395450592,0.3143618404865265,0.3184170424938202,0.38175904750823975,-0.1420229822397232,0.9532782435417175,0.30652666091918945,0.3547879159450531,-0.16503363847732544,0.3111937940120697,0.3334515690803528,0.3613818287849426,-0.14550720155239105,0.9527527093887329,0.33462288975715637,0.35139307379722595,-0.17636562883853912,0.32275158166885376,0.34598439931869507,0.3657291531562805,-0.11103937774896622,0.9319084882736206,0.3503558933734894,0.3600321412086487,-0.1601666808128357,0.3185124695301056,0.5738242268562317,0.5967431664466858,-0.10879971832036972,0.9999703168869019,0.5162683725357056,0.566628098487854,0.1089445948600769,0.9999126195907593,0.45406627655029297,0.6086099743843079,-0.4363342225551605,0.9853792190551758,0.41157644987106323,0.519055962562561,0.07013891637325287,0.4413250684738159,0.5144854784011841,0.863757848739624,-0.28237494826316833,0.9636825919151306,0.4668056070804596,0.7245668768882751,0.21810083091259003,0.5442689657211304,0.5405769348144531,0.902904748916626,-0.26605987548828125,0.9244496822357178,0.48871660232543945,0.7429500818252563,0.2309216558933258,0.6176128387451172,0.45595771074295044,0.9320744872093201,-0.3457060158252716,0.9609268307685852,0.4108356833457947,0.7965970635414124,0.1922241747379303,0.6915104389190674
down,0.38881227374076843,0.15657873451709747,-0.15112555027008057,0.9999387860298157,0.40154775977134705,0.13320213556289673,-0.171758234500885,0.9999669790267944,0.40600839257240295,0.1326158046722412,-0.17176246643066406,0.999974250793457,0.410503089427948,0.13236790895462036,-0.17184564471244812,0.9999712109565735,0.39615780115127563,0.13266177475452423,-0.1266191303730011,0.9999481439590454,0.3964739441871643,0.13177140057086945,-0.12670430541038513,0.9999586939811707,0.3970347046852112,0.13066279888153076,-0.12665307521820068,0.9999539256095886,0.4321976602077484,0.14165987074375153,-0.20423957705497742,0.9999668002128601,0.42069998383522034,0.13789105415344238,-0.006520939525216818,0.9999492764472961,0.4005458950996399,0.18374572694301605,-0.16321465373039246,0.999963104724884,0.3947436809539795,0.18181894719600677,-0.1060752421617508,0.999947190284729,0.4764373302459717,0.3195365369319916,-0.28227680921554565,0.9998583793640137,0.4142407476902008,0.29466280341148376,0.11116361618041992,0.9993944764137268,0.41662412881851196,0.5273383855819702,-0.2652016282081604,0.9544453024864197,0.3533143699169159,0.4280205965042114,0.056853123009204865,0.2230246216058731,0.33983075618743896,0.4035349190235138,-0.12492784112691879,0.9687767624855042,0.3269866108894348,0.3909984529018402,-0.14483776688575745,0.32971182465553284,0.3155452609062195,0.3806174099445343,-0.1540500819683075,0.9563326835632324,0.30371221899986267,0.35503503680229187,-0.16199254989624023,0.32491710782051086,0.3309636116027832,0.3609369397163391,-0.15813687443733215,0.9556393027305603,0.3293158710002899,0.3527342975139618,-0.1736070215702057,0.3354698419570923,0.34412601590156555,0.3659215569496155,-0.12344811856746674,0.9358102083206177,0.34411004185676575,0.36272671818733215,-0.15685996413230896,0.3310908377170563,0.5747922658920288,0.5968053340911865,-0.10721154510974884,0.9999687671661377,0.5167847275733948,0.5672101974487305,0.10734574496746063,0.9999059438705444,0.45474332571029663,0.608225405216217,-0.43644022941589355,0.9852963089942932,0.40849772095680237,0.5176517963409424,0.061488233506679535,0.44856300950050354,0.5147877931594849,0.8642086386680603,-0.2945175766944885,0.9631150364875793,0.46607130765914917,0.7250892519950867,0.1976391077041626,0.536857545375824,0.5407141447067261,0.9029095768928528,-0.27935048937797546,0.9234920144081116,0.4886886179447174,0.7429624795913696,0.20931081473827362,0.6126271486282349,0.45677846670150757,0.9323278069496155,-0.3601895272731781,0.9588083028793335,0.41098007559776306,0.8007980585098267,0.17105722427368164,0.6840943098068237
down,0.38857972621917725,0.15708515048027039,-0.17235389351844788,0.9999395608901978,0.40119630098342896,0.13377389311790466,-0.19182011485099792,0.9999670386314392,0.40579739212989807,0.13316835463047028,-0.19183139503002167,0.9999745488166809,0.4103890061378479,0.1328815221786499,-0.1919223964214325,0.9999715685844421,0.39554163813591003,0.13323353230953217,-0.14681094884872437,0.9999474883079529,0.39573121070861816,0.13234871625900269,-0.1469099372625351,0.9999579191207886,0.39615365862846375,0.13125261664390564,-0.14685337245464325,0.999952495098114,0.4321354031562805,0.14189942181110382,-0.22015631198883057,0.9999669790267944,0.42013153433799744,0.13834120333194733,-0.023670680820941925,0.999949038028717,0.4007039964199066,0.18440698087215424,-0.1829812377691269,0.9999635219573975,0.3946872651576996,0.18244557082653046,-0.12607143819332123,0.9999473690986633,0.47653549909591675,0.32002657651901245,-0.2954789996147156,0.9998624920845032,0.4145432114601135,0.2948223650455475,0.09676723927259445,0.9993823766708374,0.41622215509414673,0.5272597074508667,-0.2868315577507019,0.958652913570404,0.3493031859397888,0.42457348108291626,0.03741912916302681,0.23674596846103668,0.3383179306983948,0.40546801686286926,-0.1556270569562912,0.9720014929771423,0.3252248764038086,0.3915413022041321,-0.17594362795352936,0.33953016996383667,0.3141142427921295,0.3820979595184326,-0.18782982230186462,0.9602872729301453,0.3017297089099884,0.35561272501945496,-0.19411398470401764,0.332210510969162,0.3299095034599304,0.36269018054008484,-0.1906728297472,0.9596185684204102,0.3304519057273865,0.35383498668670654,-0.20584671199321747,0.3426652252674103,0.34327617287635803,0.3681645393371582,-0.15402397513389587,0.9410445094108582,0.3451840281486511,0.36489978432655334,-0.18817423284053802,0.33936917781829834,0.5752363204956055,0.5968735814094543,-0.10573691129684448,0.9999673962593079,0.5180348753929138,0.5668923258781433,0.1058875173330307,0.9998990893363953,0.4566437602043152,0.6106581091880798,-0.4307636320590973,0.9853351712226868,0.4115590453147888,0.5151048302650452,0.05299205332994461,0.45775502920150757,0.5152600407600403,0.8661880493164062,-0.27491194009780884,0.9625405073165894,0.46611762046813965,0.7268847823143005,0.2021436244249344,0.5409910678863525,0.5408891439437866,0.9069873094558716,-0.2587588429450989,0.9220842123031616,0.48924344778060913,0.7500068545341492,0.2153366506099701,0.6157757639884949,0.45749688148498535,0.9351819157600403,-0.3382323384284973,0.9572487473487854,0.4079285264015198,0.7969828844070435,0.17496344447135925,0.686705470085144
down,0.3855961561203003,0.15676499903202057,-0.17406639456748962,0.9999366998672485,0.39868438243865967,0.1336451768875122,-0.19453641772270203,0.9999663233757019,0.4031924307346344,0.13310785591602325,-0.19453898072242737,0.9999741911888123,0.4080592095851898,0.1328573375940323,-0.19462916254997253,0.9999707937240601,0.3936101794242859,0.13291899859905243,-0.1494540274143219,0.9999465942382812,0.3939885199069977,0.13205091655254364,-0.1495649665594101,0.9999577403068542,0.39460989832878113,0.13099734485149384,-0.14952024817466736,0.9999514222145081,0.43091362714767456,0.14291590452194214,-0.22453956305980682,0.9999672770500183,0.4189552366733551,0.13907352089881897,-0.02830914780497551,0.9999484419822693,0.3977338373661041,0.18477684259414673,-0.18501092493534088,0.9999634623527527,0.3920880854129791,0.18225924670696259,-0.12819108366966248,0.9999467134475708,0.4773510992527008,0.31984183192253113,-0.29914912581443787,0.9998571872711182,0.41314253211021423,0.2959013283252716,0.09194406121969223,0.9993551969528198,0.4162764549255371,0.5273555517196655,-0.28520339727401733,0.958573043346405,0.3457392454147339,0.4237516522407532,0.016565844416618347,0.2319108098745346,0.33661043643951416,0.4063716530799866,-0.13945044577121735,0.9702848196029663,0.3240697383880615,0.39221635460853577,-0.21420781314373016,0.32445457577705383,0.3119240403175354,0.3828856945037842,-0.16711118817329407,0.9578276872634888,0.30108457803726196,0.35305488109588623,-0.2347501516342163,0.31859350204467773,0.32814091444015503,0.3640401065349579,-0.16883443295955658,0.9571341276168823,0.3334030508995056,0.3538514971733093,-0.2440672367811203,0.3282184302806854,0.34192192554473877,0.3705395460128784,-0.13618186116218567,0.9377080202102661,0.34835419058799744,0.36471036076545715,-0.2258363515138626,0.32530325651168823,0.5751959085464478,0.5967664122581482,-0.10613039880990982,0.9999674558639526,0.5154280662536621,0.5666766166687012,0.1062646359205246,0.9998974800109863,0.45827922224998474,0.6110650897026062,-0.43438467383384705,0.9855446815490723,0.4115634858608246,0.5121654272079468,0.06834736466407776,0.4491788446903229,0.515904426574707,0.8678032755851746,-0.28605249524116516,0.9618859887123108,0.4665718972682953,0.7253373265266418,0.22849981486797333,0.5328279137611389,0.541378915309906,0.9087721705436707,-0.2703630328178406,0.9198935031890869,0.4888998866081238,0.7465857863426208,0.24327608942985535,0.6093257665634155,0.45828595757484436,0.9360558390617371,-0.35326239466667175,0.9557894468307495,0.40984001755714417,0.7935154438018799,0.20631417632102966,0.6813898682594299
down,0.38469043374061584,0.15608316659927368,-0.16673773527145386,0.9999338984489441,0.3974906802177429,0.13313676416873932,-0.18845054507255554,0.9999651908874512,0.4016973078250885,0.1328045129776001,-0.18846248090267181,0.9999730587005615,0.4063565135002136,0.13266384601593018,-0.1885654628276825,0.9999696016311646,0.3930321931838989,0.13202354311943054,-0.14006845653057098,0.9999444484710693,0.3935953378677368,0.131117582321167,-0.14016959071159363,0.9999560713768005,0.3943873941898346,0.13002829253673553,-0.14012660086154938,0.9999495148658752,0.42963093519210815,0.14307452738285065,-0.22318443655967712,0.9999657273292542,0.41884899139404297,0.13896504044532776,-0.013711611740291119,0.9999442100524902,0.39647096395492554,0.18437615036964417,-0.17984473705291748,0.9999628067016602,0.3915242552757263,0.18157869577407837,-0.11881992965936661,0.9999445080757141,0.4776998460292816,0.32078829407691956,-0.2998393476009369,0.9998459219932556,0.4128841757774353,0.2962699830532074,0.10763164609670639,0.9993048906326294,0.41635432839393616,0.5291697382926941,-0.2848028838634491,0.9577085375785828,0.35237494111061096,0.4285905063152313,0.04680589586496353,0.21530091762542725,0.33626753091812134,0.40768054127693176,-0.14100849628448486,0.9695681929588318,0.3242752254009247,0.392572820186615,-0.1695307493209839,0.3094385266304016,0.3105389475822449,0.385431706905365,-0.17301875352859497,0.956749439239502,0.2975955605506897,0.3532836139202118,-0.18677450716495514,0.3070894479751587,0.32646527886390686,0.36653822660446167,-0.17194004356861115,0.9560656547546387,0.3274979591369629,0.3557663857936859,-0.19995123147964478,0.3170855939388275,0.3405582904815674,0.37285181879997253,-0.13713842630386353,0.9361434578895569,0.3435109853744507,0.36733704805374146,-0.1823955625295639,0.3150588572025299,0.5750745534896851,0.5968313217163086,-0.11007044464349747,0.9999690651893616,0.5149323344230652,0.5668319463729858,0.11019740253686905,0.9998993277549744,0.4588291049003601,0.6115856766700745,-0.456169068813324,0.9853655695915222,0.4131785035133362,0.5123735070228577,0.08335351943969727,0.4297139346599579,0.5163816809654236,0.8688915967941284,-0.29519757628440857,0.9610888361930847,0.4676515460014343,0.7250218987464905,0.2464558184146881,0.5220402479171753,0.5417180061340332,0.9096030592918396,-0.2776683270931244,0.9180272817611694,0.49036940932273865,0.7462196946144104,0.2616211473941803,0.5992886424064636,0.4590783715248108,0.9359586834907532,-0.3631442189216614,0.9551024436950684,0.41248053312301636,0.7920495867729187,0.2224312275648117,0.6736863255500793
down,0.38540875911712646,0.15628699958324432,-0.16789403557777405,0.9999306797981262,0.39795058965682983,0.13344816863536835,-0.18979370594024658,0.9999640583992004,0.40209904313087463,0.1332135796546936,-0.18980294466018677,0.9999719858169556,0.40662550926208496,0.13307659327983856,-0.18990729749202728,0.9999683499336243,0.39357489347457886,0.13214996457099915,-0.14246486127376556,0.99994295835495,0.3941502571105957,0.13121367990970612,-0.14257027208805084,0.999954879283905,0.3949420750141144,0.13009792566299438,-0.14253182709217072,0.9999479055404663,0.42972102761268616,0.14335158467292786,-0.22382886707782745,0.999964714050293,0.41913145780563354,0.13900549709796906,-0.017787950113415718,0.999941885471344,0.39699214696884155,0.1846715360879898,-0.18033912777900696,0.9999624490737915,0.39199745655059814,0.18169040977954865,-0.12058232724666595,0.9999438524246216,0.4787609577178955,0.32276222109794617,-0.3004528284072876,0.9998390078544617,0.4130721688270569,0.29618167877197266,0.10315795242786407,0.9993025660514832,0.4163702130317688,0.5322047472000122,-0.2818836569786072,0.9573615789413452,0.3591306507587433,0.4286380708217621,0.033742595463991165,0.20299966633319855,0.3362661898136139,0.40951526165008545,-0.13369199633598328,0.9691965579986572,0.3258650004863739,0.39471307396888733,-0.19579127430915833,0.2980418801307678,0.3100382387638092,0.387077659368515,-0.16379553079605103,0.9561780095100403,0.3008034825325012,0.35928866267204285,-0.21637794375419617,0.2995508015155792,0.326416939496994,0.36811399459838867,-0.16500501334667206,0.9554413557052612,0.32817786931991577,0.3579176068305969,-0.22769053280353546,0.3100280165672302,0.34063851833343506,0.37443891167640686,-0.13055245578289032,0.9354541897773743,0.3434291481971741,0.36991721391677856,-0.20823462307453156,0.3087575435638428,0.5749639272689819,0.597005307674408,-0.10973110049962997,0.9999712109565735,0.5145784020423889,0.5669018030166626,0.10984468460083008,0.9999048709869385,0.45959219336509705,0.6118021011352539,-0.45535358786582947,0.9861408472061157,0.41281047463417053,0.5101415514945984,0.07611264288425446,0.42120426893234253,0.5166889429092407,0.8689655065536499,-0.29678550362586975,0.9618825316429138,0.4676390290260315,0.7240982055664062,0.24044780433177948,0.5208432674407959,0.541831374168396,0.9095560908317566,-0.2793506979942322,0.9183084964752197,0.48962926864624023,0.7429207563400269,0.2556665241718292,0.5966396331787109,0.4594903886318207,0.9359197616577148,-0.36417824029922485,0.9556589126586914,0.412268728017807,0.7899145483970642,0.21608538925647736,0.6739503145217896
down,0.3854233920574188,0.15704946219921112,-0.17242874205112457,0.9999340772628784,0.39791518449783325,0.1348106414079666,-0.19409175217151642,0.9999668598175049,0.4021722376346588,0.1344565451145172,-0.1940920203924179,0.9999744296073914,0.40683451294898987,0.1340443640947342,-0.19420036673545837,0.9999707341194153,0.3928167223930359,0.1337144821882248,-0.14882074296474457,0.9999473690986633,0.3929804861545563,0.13280390202999115,-0.14892324805259705,0.9999586939811707,0.3933181166648865,0.13166573643684387,-0.14888343214988708,0.9999514222145081,0.42979851365089417,0.14342279732227325,-0.22493712604045868,0.9999686479568481,0.41836681962013245,0.13969141244888306,-0.027759859338402748,0.9999474287033081,0.3978186249732971,0.18614332377910614,-0.1834016740322113,0.9999657273292542,0.39202481508255005,0.18304301798343658,-0.12630173563957214,0.9999485611915588,0.47985562682151794,0.32294049859046936,-0.2971849739551544,0.9998436570167542,0.4139728546142578,0.29561325907707214,0.0912095159292221,0.9993181228637695,0.41663795709609985,0.5335429906845093,-0.2811100482940674,0.9576208591461182,0.344369500875473,0.4199519157409668,0.0022583643440157175,0.19455955922603607,0.33613938093185425,0.41001641750335693,-0.13386057317256927,0.9682795405387878,0.326476514339447,0.3978722393512726,-0.25041645765304565,0.2844887971878052,0.3103131651878357,0.38736143708229065,-0.16245493292808533,0.9550579190254211,0.30513057112693787,0.36240288615226746,-0.2758064866065979,0.29035547375679016,0.32697445154190063,0.36814579367637634,-0.16539350152015686,0.9542845487594604,0.33908993005752563,0.361279159784317,-0.28450483083724976,0.30062639713287354,0.341153085231781,0.37457984685897827,-0.13147619366645813,0.9345079660415649,0.3502329885959625,0.37079688906669617,-0.2625153958797455,0.30026695132255554,0.5749248266220093,0.5980648994445801,-0.10602930933237076,0.9999732375144958,0.5145427584648132,0.5674927234649658,0.10612579435110092,0.9999096989631653,0.45853957533836365,0.6089586615562439,-0.4387451708316803,0.9868780374526978,0.4079568386077881,0.5045473575592041,0.054384879767894745,0.4167706370353699,0.5172430276870728,0.8693177103996277,-0.28460997343063354,0.96327143907547,0.46685710549354553,0.7238609194755554,0.2000480443239212,0.5181410908699036,0.5422141551971436,0.909963071346283,-0.2676718533039093,0.921021044254303,0.4892892837524414,0.7414925694465637,0.2133595198392868,0.5949544906616211,0.45995116233825684,0.9362404942512512,-0.34679514169692993,0.956116259098053,0.41104087233543396,0.7908661961555481,0.17329908907413483,0.6724458336830139
down,0.3850558400154114,0.1570269763469696,-0.1610272377729416,0.99993497133255,0.396443635225296,0.13463148474693298,-0.1850305050611496,0.9999675154685974,0.4006626009941101,0.13421152532100677,-0.18503594398498535,0.9999750852584839,0.40536245703697205,0.13372153043746948,-0.18515262007713318,0.9999712705612183,0.39129891991615295,0.13363531231880188,-0.13810475170612335,0.9999486207962036,0.39154428243637085,0.13268257677555084,-0.1381986141204834,0.9999595880508423,0.3919658362865448,0.13147638738155365,-0.138154536485672,0.9999521970748901,0.4291273057460785,0.14242728054523468,-0.22378210723400116,0.9999706149101257,0.4174332618713379,0.13920918107032776,-0.019109085202217102,0.9999499917030334,0.3985426127910614,0.18624509871006012,-0.17453010380268097,0.9999678730964661,0.3922942876815796,0.18322990834712982,-0.11536790430545807,0.9999514222145081,0.48083487153053284,0.3208877444267273,-0.3000987470149994,0.9998418688774109,0.4151921272277832,0.2888428568840027,0.10324116796255112,0.9993624687194824,0.4184662699699402,0.53452467918396,-0.2837345004081726,0.9596424698829651,0.3664078414440155,0.4192282259464264,0.014855081215500832,0.20253586769104004,0.3368321359157562,0.40968677401542664,-0.11882996559143066,0.9680282473564148,0.32766595482826233,0.39241641759872437,-0.24929936230182648,0.29830020666122437,0.3110656142234802,0.3876831531524658,-0.1439265012741089,0.9540655016899109,0.30236896872520447,0.3565840721130371,-0.2762278914451599,0.30708086490631104,0.32703691720962524,0.36793088912963867,-0.1471041738986969,0.9532259106636047,0.3336998224258423,0.3567129373550415,-0.2812853157520294,0.31665462255477905,0.3412628471851349,0.37399470806121826,-0.11575137078762054,0.9335291981697083,0.3441518545150757,0.3576022684574127,-0.2614380717277527,0.31508949398994446,0.573739230632782,0.5985252261161804,-0.10532291233539581,0.9999727606773376,0.5129019618034363,0.567158579826355,0.10538389533758163,0.9999131560325623,0.45323675870895386,0.609935998916626,-0.43842777609825134,0.9868006706237793,0.4066123962402344,0.5095404386520386,0.06276728957891464,0.4301060438156128,0.5167004466056824,0.8661313652992249,-0.25400424003601074,0.9625222682952881,0.4682255685329437,0.7241536378860474,0.21554498374462128,0.5287438631057739,0.5422711372375488,0.9049335718154907,-0.2336319237947464,0.9206520318984985,0.48946747183799744,0.742134153842926,0.22921577095985413,0.60243159532547,0.4599308967590332,0.9358755350112915,-0.30294471979141235,0.9550937414169312,0.41111359000205994,0.7952873110771179,0.19317519664764404,0.6802765130996704
down,0.38497644662857056,0.15574657917022705,-0.16518118977546692,0.9999339580535889,0.39629065990448,0.1332990974187851,-0.18720270693302155,0.9999663829803467,0.40044793486595154,0.13294868171215057,-0.18722128868103027,0.9999741911888123,0.40508022904396057,0.13246965408325195,-0.18733231723308563,0.9999704957008362,0.39135420322418213,0.13216647505760193,-0.1404920518398285,0.999946653842926,0.39170482754707336,0.13118711113929749,-0.14058944582939148,0.9999577403068542,0.39223724603652954,0.12994961440563202,-0.14054708182811737,0.9999504089355469,0.42898425459861755,0.14148160815238953,-0.22274069488048553,0.9999697208404541,0.41747769713401794,0.1384822577238083,-0.017850462347269058,0.9999479651451111,0.3983078598976135,0.18527278304100037,-0.17742833495140076,0.9999671578407288,0.3923516869544983,0.18225914239883423,-0.11835245043039322,0.9999499917030334,0.4810592532157898,0.31994548439979553,-0.2985239624977112,0.999839186668396,0.41541022062301636,0.2881413996219635,0.10382707417011261,0.999367356300354,0.41925087571144104,0.5337816476821899,-0.28865307569503784,0.9607275724411011,0.3709448575973511,0.4246303141117096,0.03395474702119827,0.20989155769348145,0.33748218417167664,0.4097626209259033,-0.15189257264137268,0.9689096212387085,0.3289932310581207,0.3969007730484009,-0.20052270591259003,0.3157748878002167,0.31261393427848816,0.38757893443107605,-0.18264898657798767,0.9550528526306152,0.3027574419975281,0.36240026354789734,-0.22246789932250977,0.3242926299571991,0.3278989791870117,0.36779141426086426,-0.18398267030715942,0.9542196393013,0.33405229449272156,0.3602747321128845,-0.23510794341564178,0.3344995975494385,0.34176021814346313,0.373747855424881,-0.1491725742816925,0.9348836541175842,0.34582823514938354,0.36861640214920044,-0.21404783427715302,0.33221983909606934,0.5732222199440002,0.5983585119247437,-0.10516294091939926,0.9999712705612183,0.5123058557510376,0.5664471983909607,0.10523837804794312,0.9999097585678101,0.45370131731033325,0.6088727116584778,-0.43967920541763306,0.986520528793335,0.40939420461654663,0.5090885162353516,0.05178051069378853,0.4397352635860443,0.5165654420852661,0.862584114074707,-0.2594315707683563,0.9626272916793823,0.469012975692749,0.72272789478302,0.2186841517686844,0.5394060611724854,0.5425969362258911,0.9015551805496216,-0.24009720981121063,0.9212504029273987,0.490511953830719,0.7396019101142883,0.2342545986175537,0.6106361150741577,0.4599350392818451,0.9313176274299622,-0.31228262186050415,0.9556533098220825,0.4114150404930115,0.7932516932487488,0.19617418944835663,0.6885271072387695
down,0.3862914443016052,0.15364950895309448,-0.17845343053340912,0.9999330639839172,0.39803260564804077,0.13110047578811646,-0.19934779405593872,0.999965250492096,0.4025447368621826,0.13072149455547333,-0.19935491681098938,0.9999735355377197,0.4074471592903137,0.13024604320526123,-0.19946151971817017,0.9999695420265198,0.39254310727119446,0.13020628690719604,-0.15419162809848785,0.9999451637268066,0.39275211095809937,0.1294201761484146,-0.15429556369781494,0.9999566078186035,0.393193781375885,0.1283394694328308,-0.15425771474838257,0.9999493360519409,0.43081527948379517,0.13934312760829926,-0.22785457968711853,0.9999685287475586,0.4182232916355133,0.13718947768211365,-0.03154505789279938,0.9999476075172424,0.39945608377456665,0.1836865246295929,-0.18799829483032227,0.999966561794281,0.39321622252464294,0.18100391328334808,-0.13160115480422974,0.9999491572380066,0.4827079772949219,0.3191987872123718,-0.2989141345024109,0.9998401403427124,0.41535133123397827,0.2868969738483429,0.08957692235708237,0.9993895888328552,0.4193374514579773,0.5327755212783813,-0.2904715836048126,0.9623520374298096,0.36844101548194885,0.42349040508270264,0.008015611208975315,0.2240593433380127,0.3375316560268402,0.4098872244358063,-0.15461453795433044,0.970069944858551,0.3292398154735565,0.39568641781806946,-0.24243855476379395,0.3351958394050598,0.3124699890613556,0.38745057582855225,-0.1831299513578415,0.9565439820289612,0.30271202325820923,0.36266106367111206,-0.26868391036987305,0.3434974253177643,0.3275063633918762,0.36747220158576965,-0.18782061338424683,0.9557258486747742,0.33263731002807617,0.3594728112220764,-0.27768999338150024,0.35372063517570496,0.34146028757095337,0.3733862042427063,-0.15292958915233612,0.936782717704773,0.3476831316947937,0.36709120869636536,-0.2547993063926697,0.35070183873176575,0.5727349519729614,0.5982612371444702,-0.10313680022954941,0.9999699592590332,0.5116297006607056,0.5659040808677673,0.10323009639978409,0.9999062418937683,0.4536797106266022,0.6089889407157898,-0.43320804834365845,0.9865149259567261,0.4069884419441223,0.5105761289596558,0.04676135629415512,0.45271623134613037,0.5165483951568604,0.8628931641578674,-0.2587617039680481,0.9638917446136475,0.4691805839538574,0.7227024435997009,0.21656203269958496,0.5485163331031799,0.5434139370918274,0.9017962217330933,-0.2404319941997528,0.9233906865119934,0.49176663160324097,0.7395830154418945,0.2321712225675583,0.6170100569725037,0.4606192708015442,0.9360970258712769,-0.316191166639328,0.9568350911140442,0.4110897481441498,0.792586624622345,0.1945982128381729,0.6945526003837585
down,0.3873300850391388,0.15311752259731293,-0.16156528890132904,0.9999389052391052,0.3983669579029083,0.12991133332252502,-0.1840948760509491,0.9999681711196899,0.4027539789676666,0.12942668795585632,-0.184102401137352,0.9999758005142212,0.4075842797756195,0.1287621110677719,-0.18420545756816864,0.9999720454216003,0.39316681027412415,0.12917208671569824,-0.13876467943191528,0.9999501705169678,0.3935055732727051,0.12838967144489288,-0.1388654112815857,0.999960720539093,0.39412689208984375,0.12726734578609467,-0.13881948590278625,0.999954342842102,0.43090081214904785,0.13749374449253082,-0.21792694926261902,0.9999715685844421,0.4187391698360443,0.13455833494663239,-0.02036246843636036,0.9999531507492065,0.400116503238678,0.18269141018390656,-0.17363372445106506,0.9999698400497437,0.3943992257118225,0.18054986000061035,-0.1164732351899147,0.9999541640281677,0.4837636947631836,0.3189919590950012,-0.29183095693588257,0.9998495578765869,0.41569772362709045,0.28755471110343933,0.09901371598243713,0.9994560480117798,0.4194381833076477,0.531943678855896,-0.2739088833332062,0.9636756181716919,0.36720672249794006,0.42424294352531433,0.01168782077729702,0.2459508776664734,0.33749955892562866,0.4098862111568451,-0.12293428182601929,0.9700406193733215,0.32850977778434753,0.3922915458679199,-0.23693117499351501,0.35924986004829407,0.3120289444923401,0.3878282904624939,-0.14965270459651947,0.9562112092971802,0.3028329014778137,0.361279159784317,-0.2622406780719757,0.3655499219894409,0.3274964690208435,0.36729860305786133,-0.15371964871883392,0.9552868008613586,0.3312914967536926,0.35661429166793823,-0.26972001791000366,0.3752567768096924,0.34146782755851746,0.37282994389533997,-0.12064401060342789,0.936518669128418,0.3466813266277313,0.3633233904838562,-0.24873141944408417,0.37068477272987366,0.5725849866867065,0.5992904901504517,-0.10344747453927994,0.9999718070030212,0.5115102529525757,0.5670678019523621,0.10352806001901627,0.9999160170555115,0.4537120759487152,0.6085515022277832,-0.43321681022644043,0.9866743683815002,0.4070059657096863,0.51051926612854,0.04689269885420799,0.4656359553337097,0.5165128707885742,0.8629961013793945,-0.2504357397556305,0.9643344283103943,0.46950143575668335,0.7228329181671143,0.1963159441947937,0.5568012595176697,0.543768048286438,0.9022632241249084,-0.23088419437408447,0.9247164726257324,0.49636110663414,0.7522867918014526,0.20973870158195496,0.6217160224914551,0.46031203866004944,0.9367681741714478,-0.29930099844932556,0.9575753211975098,0.4104551672935486,0.7934568524360657,0.17185115814208984,0.7009342312812805
down,0.3883233964443207,0.15370212495326996,-0.14447563886642456,0.999935507774353,0.39934027194976807,0.1301048845052719,-0.16750739514827728,0.9999658465385437,0.40360894799232483,0.12969473004341125,-0.16752466559410095,0.9999738335609436,0.40834617614746094,0.12912678718566895,-0.16762588918209076,0.9999700784683228,0.39445722103118896,0.12921515107154846,-0.12170924246311188,0.9999463558197021,0.3949667513370514,0.12836727499961853,-0.12179180234670639,0.9999575614929199,0.3957853317260742,0.1271885335445404,-0.12174919992685318,0.9999513626098633,0.43168458342552185,0.13866981863975525,-0.20562419295310974,0.9999687075614929,0.4203881621360779,0.13492713868618011,-0.005797164514660835,0.99994957447052,0.4008626341819763,0.18349400162696838,-0.15827825665473938,0.9999668598175049,0.3957829773426056,0.18123948574066162,-0.10038535296916962,0.9999498724937439,0.4832724630832672,0.321745902299881,-0.28247037529945374,0.9998423457145691,0.4186761975288391,0.28807199001312256,0.11192499101161957,0.9994215965270996,0.4185863435268402,0.5320304036140442,-0.2594614624977112,0.9628809094429016,0.3688790202140808,0.4248768389225006,0.04588102176785469,0.2463179975748062,0.33671554923057556,0.4097270667552948,-0.10453995317220688,0.9698486924171448,0.32822075486183167,0.3937954306602478,-0.1777324080467224,0.3643375635147095,0.3112037777900696,0.38777318596839905,-0.13114306330680847,0.9560931324958801,0.30389249324798584,0.362861305475235,-0.19894354045391083,0.37018057703971863,0.32760098576545715,0.3674623668193817,-0.1357617825269699,0.955135703086853,0.3323417603969574,0.35901832580566406,-0.20974747836589813,0.3810406029224396,0.3416025936603546,0.3731175661087036,-0.10268940776586533,0.9366682171821594,0.3461124897003174,0.3661133944988251,-0.19022972881793976,0.3768376111984253,0.5727462768554688,0.6001607179641724,-0.10382972657680511,0.999971330165863,0.5125356912612915,0.5672041773796082,0.10391788184642792,0.9999154806137085,0.4540766775608063,0.6090961694717407,-0.42687273025512695,0.9863573908805847,0.41051650047302246,0.5120015144348145,0.06986033916473389,0.4611823856830597,0.5168476700782776,0.8629322648048401,-0.24434098601341248,0.9628943204879761,0.46911540627479553,0.722791314125061,0.21571342647075653,0.5553663372993469,0.5439135432243347,0.9023497104644775,-0.224940687417984,0.9233879446983337,0.4921933114528656,0.7412187457084656,0.22863125801086426,0.6217276453971863,0.4602130949497223,0.9359584450721741,-0.2936170995235443,0.9562936425209045,0.4104668200016022,0.7933401465415955,0.19732148945331573,0.6979116797447205
down,0.3887009918689728,0.15365727245807648,-0.13433784246444702,0.9999355673789978,0.4000065326690674,0.13000787794589996,-0.15714798867702484,0.9999658465385437,0.40406569838523865,0.1297300010919571,-0.15716594457626343,0.999973475933075,0.40860939025878906,0.1293146312236786,-0.1572667807340622,0.9999698996543884,0.39596015214920044,0.1288723349571228,-0.11056965589523315,0.9999464154243469,0.39677679538726807,0.12798979878425598,-0.11065484583377838,0.9999573826789856,0.39787042140960693,0.12683264911174774,-0.11061493307352066,0.9999518990516663,0.431746244430542,0.1394328624010086,-0.19583702087402344,0.9999681115150452,0.4213632047176361,0.13523007929325104,0.007481576409190893,0.9999494552612305,0.40093594789505005,0.1837298572063446,-0.14844250679016113,0.9999659657478333,0.3963935971260071,0.1812969446182251,-0.08969515562057495,0.9999489188194275,0.48273220658302307,0.32195308804512024,-0.2764893174171448,0.9998366832733154,0.41934460401535034,0.2880600094795227,0.12586525082588196,0.99941486120224,0.41841500997543335,0.5321214199066162,-0.25195199251174927,0.9618253111839294,0.3701484501361847,0.4269213378429413,0.06061165779829025,0.24333195388317108,0.3366028666496277,0.4102935791015625,-0.09048532694578171,0.9699186086654663,0.32842323184013367,0.39495688676834106,-0.1624901294708252,0.3697429597377777,0.31127315759658813,0.389145165681839,-0.11425094306468964,0.9562020897865295,0.3047582507133484,0.36467239260673523,-0.1821521371603012,0.3741702735424042,0.3276289999485016,0.3706827461719513,-0.11818482726812363,0.9552666544914246,0.33288076519966125,0.3620225787162781,-0.19499465823173523,0.38614019751548767,0.3416571319103241,0.3764681816101074,-0.08808626979589462,0.9369892477989197,0.34554043412208557,0.3692014813423157,-0.1756618618965149,0.3817847669124603,0.5727741718292236,0.6012176275253296,-0.107231006026268,0.9999709129333496,0.5130458474159241,0.5676199793815613,0.10732102394104004,0.9999160766601562,0.4553529620170593,0.5955758690834045,-0.4330722689628601,0.9864166975021362,0.41141238808631897,0.5131788849830627,0.08586883544921875,0.4573920965194702,0.5174474716186523,0.8621631860733032,-0.24633371829986572,0.9617709517478943,0.4673810601234436,0.7225809693336487,0.23601195216178894,0.5550116896629333,0.544177770614624,0.9014616012573242,-0.22574031352996826,0.9229307174682617,0.4892074167728424,0.7397051453590393,0.24951617419719696,0.622501015663147,0.4610888957977295,0.9337917566299438,-0.28917112946510315,0.9558553695678711,0.40935832262039185,0.7892873287200928,0.21794438362121582,0.6969121098518372
down,0.38916999101638794,0.15361568331718445,-0.13585074245929718,0.999932587146759,0.40077710151672363,0.12994302809238434,-0.1581801027059555,0.9999643564224243,0.40480685234069824,0.12968392670154572,-0.1582050621509552,0.9999721646308899,0.40928903222084045,0.12930512428283691,-0.15831118822097778,0.9999687671661377,0.3968491554260254,0.1287844032049179,-0.11206066608428955,0.9999428987503052,0.3976571559906006,0.1279131919145584,-0.11214007437229156,0.9999544024467468,0.39874374866485596,0.12677869200706482,-0.11209521442651749,0.9999486804008484,0.43214064836502075,0.13989870250225067,-0.1951887458562851,0.9999658465385437,0.422273725271225,0.13535316288471222,0.006289184093475342,0.9999454617500305,0.40120500326156616,0.18374423682689667,-0.14948751032352448,0.9999634623527527,0.39687997102737427,0.18129193782806396,-0.09122881293296814,0.9999449849128723,0.48269596695899963,0.32300564646720886,-0.27410030364990234,0.9998335838317871,0.4197998642921448,0.2886611819267273,0.1246601939201355,0.9993607997894287,0.4181879460811615,0.5321511030197144,-0.2541530728340149,0.9609614014625549,0.3710702061653137,0.4281989336013794,0.06458225101232529,0.23644877970218658,0.3361939489841461,0.4109209179878235,-0.11037705838680267,0.9710236191749573,0.3294631242752075,0.395975798368454,-0.14529459178447723,0.36612918972969055,0.3103083372116089,0.38938114047050476,-0.1408964991569519,0.9578952789306641,0.30350005626678467,0.36471986770629883,-0.16382203996181488,0.3702089488506317,0.3275638222694397,0.3712114989757538,-0.14375610649585724,0.9570249319076538,0.33318206667900085,0.36257651448249817,-0.1778501272201538,0.3835282325744629,0.34164920449256897,0.37716424465179443,-0.10881568491458893,0.9394031763076782,0.345897376537323,0.3709278106689453,-0.15866045653820038,0.38028737902641296,0.5731290578842163,0.6021948456764221,-0.10674203932285309,0.9999707341194153,0.5144259333610535,0.5681215524673462,0.10686395317316055,0.9999121427536011,0.4553441107273102,0.5970792770385742,-0.4311302602291107,0.9863333702087402,0.4116442799568176,0.511627197265625,0.08805420994758606,0.44730472564697266,0.5175944566726685,0.8609123826026917,-0.2424788773059845,0.9602704644203186,0.46618956327438354,0.7226009964942932,0.2368732988834381,0.5505880117416382,0.5443553924560547,0.8995519280433655,-0.221777081489563,0.9217666983604431,0.488243043422699,0.7386061549186707,0.25029999017715454,0.6202682256698608,0.46162763237953186,0.9319419860839844,-0.28370562195777893,0.9544097185134888,0.40736761689186096,0.7848775386810303,0.21860119700431824,0.6911184191703796
down,0.38929325342178345,0.15440207719802856,-0.13458681106567383,0.9999304413795471,0.4009283483028412,0.1306639462709427,-0.15727534890174866,0.9999631643295288,0.40498384833335876,0.13042418658733368,-0.1573045551776886,0.999971330165863,0.4095260500907898,0.13005070388317108,-0.15741845965385437,0.9999679327011108,0.396981805562973,0.12946227192878723,-0.11161497980356216,0.9999403357505798,0.3977876305580139,0.1285610795021057,-0.1116882786154747,0.9999522566795349,0.3988712430000305,0.1274159699678421,-0.1116473451256752,0.9999460577964783,0.43250423669815063,0.14069323241710663,-0.1950775533914566,0.9999642372131348,0.4226279854774475,0.13597704470157623,0.002019363222643733,0.9999426007270813,0.40139466524124146,0.18455870449543,-0.14843714237213135,0.999961793422699,0.3971899151802063,0.1819196492433548,-0.09069715440273285,0.9999417066574097,0.4821264147758484,0.3236616253852844,-0.27278098464012146,0.9998214840888977,0.421530544757843,0.2872828245162964,0.11912481486797333,0.9992974996566772,0.41799622774124146,0.5322380065917969,-0.25216901302337646,0.9607334733009338,0.3731987178325653,0.4274854362010956,0.06444753706455231,0.23298494517803192,0.3360884487628937,0.41175633668899536,-0.10903091728687286,0.9716762900352478,0.3304622173309326,0.3971955478191376,-0.14054328203201294,0.3687771260738373,0.31010574102401733,0.3897686004638672,-0.1384730190038681,0.9587610960006714,0.30347222089767456,0.3655700981616974,-0.15914560854434967,0.37335073947906494,0.3276662826538086,0.3715662956237793,-0.1421491801738739,0.9580144882202148,0.333805114030838,0.36313340067863464,-0.17321451008319855,0.3881447911262512,0.3418198227882385,0.3777181804180145,-0.10762914270162582,0.9412062764167786,0.34662169218063354,0.37239599227905273,-0.1537565290927887,0.3852417469024658,0.5731220841407776,0.6033474206924438,-0.10561572015285492,0.9999697804450989,0.5154540538787842,0.5683022141456604,0.10574780404567719,0.9999061226844788,0.4554905295372009,0.5794348120689392,-0.41915377974510193,0.9856715798377991,0.412092387676239,0.5110175013542175,0.1075650006532669,0.43678057193756104,0.517366349697113,0.8592894077301025,-0.2317325323820114,0.9572566151618958,0.46615147590637207,0.7223966717720032,0.2566676735877991,0.5424655079841614,0.5443471074104309,0.8983122706413269,-0.2108970582485199,0.9201602935791016,0.4883071482181549,0.7375885844230652,0.2703927755355835,0.6152368187904358,0.461533784866333,0.9313796758651733,-0.2663666307926178,0.9514912962913513,0.4059421122074127,0.7839059829711914,0.24684612452983856,0.6808777451515198
down,0.389732301235199,0.1554156243801117,-0.14224281907081604,0.9999254941940308,0.40164995193481445,0.13141942024230957,-0.1645350307226181,0.9999603033065796,0.4057694971561432,0.13114182651042938,-0.16456280648708344,0.9999690055847168,0.410350501537323,0.13068988919258118,-0.1646721214056015,0.9999656081199646,0.39761820435523987,0.13025279343128204,-0.11948995292186737,0.9999356865882874,0.3984003961086273,0.12934166193008423,-0.1195736974477768,0.9999480843544006,0.39943927526474,0.12819206714630127,-0.11954152584075928,0.9999415874481201,0.433217853307724,0.14107760787010193,-0.20084568858146667,0.9999604821205139,0.4232081472873688,0.13663502037525177,-0.0048141442239284515,0.999937117099762,0.40196266770362854,0.18530088663101196,-0.15519636869430542,0.9999576807022095,0.3977731466293335,0.18264555931091309,-0.0982525423169136,0.99993497133255,0.4819560647010803,0.32371988892555237,-0.27765798568725586,0.999806821346283,0.42212384939193726,0.2859768569469452,0.11341079324483871,0.9992361664772034,0.41794419288635254,0.5322592854499817,-0.2596248984336853,0.9595962762832642,0.3732375502586365,0.42607083916664124,0.06670156121253967,0.2346799224615097,0.33614447712898254,0.4120502173900604,-0.12052270025014877,0.971320390701294,0.3304869532585144,0.3977196216583252,-0.13425090909004211,0.3762895166873932,0.3107629418373108,0.3895812928676605,-0.15098099410533905,0.958400547504425,0.30396026372909546,0.3658427894115448,-0.15288645029067993,0.38036251068115234,0.32828253507614136,0.37142741680145264,-0.15483751893043518,0.9577262997627258,0.33421090245246887,0.36364009976387024,-0.16620007157325745,0.39625677466392517,0.3422369360923767,0.3774891793727875,-0.11919637024402618,0.9411643743515015,0.34706342220306396,0.3735337257385254,-0.1472872495651245,0.3937292695045471,0.5731343030929565,0.6035451292991638,-0.10533629357814789,0.9999683499336243,0.515804648399353,0.5676022171974182,0.1054658517241478,0.9998986124992371,0.45588546991348267,0.5765132904052734,-0.41580986976623535,0.9847580790519714,0.4129331707954407,0.5105499029159546,0.11376389116048813,0.42499953508377075,0.5173958539962769,0.8594633340835571,-0.23761527240276337,0.9556201696395874,0.4666512608528137,0.7212191224098206,0.26935863494873047,0.5304473042488098,0.544326663017273,0.8987208604812622,-0.21835649013519287,0.919264018535614,0.4889000356197357,0.7358070611953735,0.2837833762168884,0.6064004302024841,0.4614722728729248,0.9313961267471313,-0.2794641852378845,0.9498815536499023,0.4058097302913666,0.783778190612793,0.2596000134944916,0.6677747368812561
down,0.3897327780723572,0.15548330545425415,-0.14438289403915405,0.999919056892395,0.4016881585121155,0.1314781755208969,-0.16680611670017242,0.9999560713768005,0.4058097302913666,0.13122054934501648,-0.16682879626750946,0.9999657869338989,0.41040077805519104,0.1308252513408661,-0.16693128645420074,0.999962329864502,0.39767250418663025,0.13028833270072937,-0.12153806537389755,0.9999291896820068,0.3984842896461487,0.12935559451580048,-0.1216246485710144,0.999942421913147,0.39957159757614136,0.12817157804965973,-0.1215924471616745,0.9999353289604187,0.4333571791648865,0.1420523077249527,-0.2038583755493164,0.9999552965164185,0.42340603470802307,0.13689878582954407,-0.006318806204944849,0.9999284744262695,0.4019191861152649,0.18539614975452423,-0.15766176581382751,0.9999510049819946,0.39775368571281433,0.18277478218078613,-0.10046447813510895,0.9999237060546875,0.48127374053001404,0.3228077292442322,-0.281367689371109,0.9997934699058533,0.42164674401283264,0.2856862545013428,0.11353059858083725,0.9991656541824341,0.41780024766921997,0.5323176383972168,-0.2588645815849304,0.956988513469696,0.37313538789749146,0.4256172478199005,0.06515001505613327,0.23082953691482544,0.33609917759895325,0.41187524795532227,-0.11039215326309204,0.9695924520492554,0.33041122555732727,0.39762169122695923,-0.13642895221710205,0.3754032552242279,0.3110761344432831,0.3871300518512726,-0.13849325478076935,0.956461489200592,0.3061618208885193,0.3647758960723877,-0.1543838530778885,0.37885788083076477,0.33001410961151123,0.36996662616729736,-0.1437346488237381,0.9558385610580444,0.33545830845832825,0.36277469992637634,-0.16743776202201843,0.3948726952075958,0.34382298588752747,0.37593457102775574,-0.10911679267883301,0.9387623071670532,0.3474730849266052,0.3713148236274719,-0.1492936909198761,0.39169764518737793,0.5730841755867004,0.6035054326057434,-0.10613392293453217,0.9999659657478333,0.5154558420181274,0.5668841600418091,0.10624967515468597,0.9998908638954163,0.4551478326320648,0.5970089435577393,-0.41696447134017944,0.9833680987358093,0.4134865403175354,0.5147778391838074,0.11315908282995224,0.4172782599925995,0.5174741744995117,0.8616955280303955,-0.2570255398750305,0.9554930925369263,0.46783342957496643,0.7213152647018433,0.2713817358016968,0.5241384506225586,0.5442842245101929,0.9016528725624084,-0.23984098434448242,0.9193036556243896,0.4923897683620453,0.7459604740142822,0.2859945595264435,0.60411137342453,0.46126288175582886,0.9326792359352112,-0.3090444505214691,0.9502989649772644,0.40682467818260193,0.7858521342277527,0.26089850068092346,0.6618853211402893
down,0.39030593633651733,0.15428029000759125,-0.13794483244419098,0.9999150037765503,0.4025077819824219,0.1308096945285797,-0.15937553346157074,0.9999532103538513,0.4066742956638336,0.13055147230625153,-0.15939782559871674,0.9999637007713318,0.4112620949745178,0.1301945596933365,-0.1594884842634201,0.9999601244926453,0.3984408378601074,0.12959180772304535,-0.1144188791513443,0.9999247789382935,0.3992146849632263,0.1286742389202118,-0.11449696868658066,0.999938428401947,0.4002721309661865,0.1274881362915039,-0.11446060240268707,0.9999309778213501,0.43404531478881836,0.14169573783874512,-0.19625072181224823,0.999951958656311,0.42382532358169556,0.13678136467933655,0.0015344906132668257,0.999922513961792,0.40238767862319946,0.18439479172229767,-0.15104737877845764,0.999946653842926,0.39808353781700134,0.18142834305763245,-0.09410606324672699,0.999917209148407,0.4801228940486908,0.3198337256908417,-0.2771016061306,0.9997900128364563,0.4213859438896179,0.28535881638526917,0.12066221237182617,0.9991141557693481,0.41786083579063416,0.5316234827041626,-0.2582201361656189,0.9551660418510437,0.37182217836380005,0.42498862743377686,0.07183845341205597,0.2286761850118637,0.33611446619033813,0.4089168906211853,-0.11559288203716278,0.9690926671028137,0.32948365807533264,0.3958944082260132,-0.13256104290485382,0.37166303396224976,0.3110869526863098,0.3830041289329529,-0.14484284818172455,0.9563430547714233,0.3061187267303467,0.36354607343673706,-0.15094253420829773,0.37349092960357666,0.32960304617881775,0.36298903822898865,-0.1507410854101181,0.955735981464386,0.33564072847366333,0.3599812388420105,-0.16381797194480896,0.38923975825309753,0.34368959069252014,0.36959511041641235,-0.11493609100580215,0.9383524060249329,0.34706151485443115,0.3672012686729431,-0.14557123184204102,0.3861640691757202,0.5731908679008484,0.6033443212509155,-0.10654924809932709,0.9999645948410034,0.5155110359191895,0.5668095350265503,0.10665136575698853,0.9998868703842163,0.4549410939216614,0.5994707942008972,-0.418243408203125,0.983695924282074,0.41463619470596313,0.5142282843589783,0.1001376360654831,0.42489930987358093,0.5174912214279175,0.8632692098617554,-0.26131588220596313,0.958310067653656,0.468599408864975,0.7215172648429871,0.24761274456977844,0.5346505045890808,0.544285237789154,0.9044848084449768,-0.24422471225261688,0.9223537445068359,0.49438977241516113,0.7505139112472534,0.26047009229660034,0.6137665510177612,0.4610888361930847,0.9334724545478821,-0.3152782618999481,0.9529464840888977,0.4077386260032654,0.7870652675628662,0.22943098843097687,0.6704996228218079
down,0.39189857244491577,0.15130728483200073,-0.1466112583875656,0.9999183416366577,0.40510421991348267,0.12765717506408691,-0.16613617539405823,0.9999549388885498,0.40973377227783203,0.12729793787002563,-0.1661616563796997,0.9999655485153198,0.4143837094306946,0.12709659337997437,-0.1662563681602478,0.9999617338180542,0.399801105260849,0.1268179714679718,-0.1228402704000473,0.9999274611473083,0.4002576768398285,0.12602414190769196,-0.12292204797267914,0.9999409317970276,0.40104421973228455,0.1249084398150444,-0.12287304550409317,0.9999332427978516,0.4367387294769287,0.13851650059223175,-0.19648823142051697,0.9999545812606812,0.4249838888645172,0.13481996953487396,-0.006538218352943659,0.9999277591705322,0.40414729714393616,0.1814846694469452,-0.1576496809720993,0.9999492168426514,0.3987827003002167,0.17864778637886047,-0.10288474708795547,0.9999223351478577,0.4807954728603363,0.3186497986316681,-0.27428239583969116,0.9998062252998352,0.4208049774169922,0.2855614125728607,0.10936018079519272,0.9991390109062195,0.41819533705711365,0.5305870175361633,-0.26414045691490173,0.9563172459602356,0.36841556429862976,0.4245508015155792,0.05077003315091133,0.23493443429470062,0.3355323076248169,0.4076484143733978,-0.1426972597837448,0.9705547094345093,0.3268694281578064,0.39377081394195557,-0.1614973247051239,0.3683845102787018,0.31075066328048706,0.3809725344181061,-0.17481377720832825,0.958669900894165,0.305021196603775,0.3610721230506897,-0.18195921182632446,0.3671663999557495,0.32802850008010864,0.3603229522705078,-0.1799282282590866,0.9580757021903992,0.3334469199180603,0.35526713728904724,-0.19423586130142212,0.3821689486503601,0.34216687083244324,0.3676190674304962,-0.14241868257522583,0.9411655068397522,0.3457655608654022,0.36473944783210754,-0.17443475127220154,0.37987688183784485,0.573443591594696,0.6033183932304382,-0.10164304822683334,0.9999639391899109,0.5153418779373169,0.567036509513855,0.10177440941333771,0.999884843826294,0.454932302236557,0.5986566543579102,-0.41090139746665955,0.984698474407196,0.4139115810394287,0.5116326808929443,0.0639927089214325,0.4419638216495514,0.5174998044967651,0.8638522028923035,-0.2527223825454712,0.9609991312026978,0.4687715172767639,0.7215650081634521,0.20405273139476776,0.5502607226371765,0.5442869067192078,0.9054473042488098,-0.2361982762813568,0.925288200378418,0.4933268129825592,0.7422447800636292,0.21626558899879456,0.6270592212677002,0.4610563814640045,0.9334760904312134,-0.30945056676864624,0.9546470046043396,0.4072367548942566,0.7868372797966003,0.18042680621147156,0.6821805238723755
down,0.39180025458335876,0.1496558040380478,-0.126211479306221,0.9999246597290039,0.40498313307762146,0.12622211873531342,-0.14733999967575073,0.9999589323997498,0.4094858765602112,0.12593722343444824,-0.14736609160900116,0.9999687671661377,0.4140949845314026,0.12581878900527954,-0.14745202660560608,0.9999651908874512,0.3998386561870575,0.12499725818634033,-0.10231979936361313,0.9999339580535889,0.40033140778541565,0.1240682527422905,-0.10238863527774811,0.9999462962150574,0.4011939465999603,0.12279555946588516,-0.10233734548091888,0.9999393224716187,0.4366256296634674,0.13783486187458038,-0.1840127408504486,0.9999589323997498,0.42540639638900757,0.13306722044944763,0.012463703751564026,0.9999354481697083,0.4038824439048767,0.1796300858259201,-0.1402556300163269,0.9999532103538513,0.39872604608535767,0.1770423948764801,-0.0833125188946724,0.9999293088912964,0.48113980889320374,0.31834691762924194,-0.26544389128685,0.9998196363449097,0.4208175241947174,0.2849055528640747,0.1255268007516861,0.9991664886474609,0.41840124130249023,0.5299848318099976,-0.243842214345932,0.9564433693885803,0.34864261746406555,0.4077064096927643,0.07267040759325027,0.23338475823402405,0.33536309003829956,0.4049864113330841,-0.1013587936758995,0.9708895683288574,0.32524219155311584,0.38814643025398254,-0.1318461149930954,0.35721683502197266,0.3107014000415802,0.37888363003730774,-0.1307312548160553,0.959648072719574,0.3045496642589569,0.3554517328739166,-0.15056195855140686,0.35589131712913513,0.32758504152297974,0.3595687448978424,-0.13769598305225372,0.9590767025947571,0.3333870768547058,0.3533378839492798,-0.16275238990783691,0.3701835572719574,0.34322240948677063,0.3662881553173065,-0.10125909745693207,0.9423426985740662,0.3493780493736267,0.36190927028656006,-0.14438088238239288,0.36848747730255127,0.5740228891372681,0.6032536625862122,-0.10301724821329117,0.9999653697013855,0.5157585740089417,0.5674675703048706,0.10314874351024628,0.9998903870582581,0.45496711134910583,0.5993020534515381,-0.4135441780090332,0.9851846098899841,0.41367608308792114,0.5119001269340515,0.07971064746379852,0.448515921831131,0.5175431966781616,0.8643554449081421,-0.26252681016921997,0.9628653526306152,0.46894192695617676,0.7226206660270691,0.2080794870853424,0.5555334091186523,0.5442855954170227,0.9059838056564331,-0.2463006228208542,0.9278789162635803,0.4926545023918152,0.7413912415504456,0.21849747002124786,0.6343482732772827,0.46106553077697754,0.9333102703094482,-0.318118691444397,0.9560408592224121,0.4092925190925598,0.7905876040458679,0.18883547186851501,0.6878459453582764
down,0.3922768831253052,0.14773108065128326,-0.12233845889568329,0.9999289512634277,0.40607547760009766,0.12520831823349,-0.14354348182678223,0.9999615550041199,0.41040271520614624,0.12520332634449005,-0.14357435703277588,0.9999707341194153,0.414883553981781,0.1252857893705368,-0.14366625249385834,0.9999673962593079,0.4013548791408539,0.12370927631855011,-0.09854233264923096,0.9999375939369202,0.4020484983921051,0.12284667789936066,-0.09860505163669586,0.9999492168426514,0.40309277176856995,0.12166861444711685,-0.09855319559574127,0.9999428987503052,0.4375302195549011,0.13789571821689606,-0.1794152557849884,0.9999611377716064,0.4271281659603119,0.13247562944889069,0.01703723333775997,0.9999392628669739,0.4039362072944641,0.1779761165380478,-0.13629870116710663,0.9999549984931946,0.3989037871360779,0.17511843144893646,-0.07936105132102966,0.9999326467514038,0.4809941351413727,0.318537175655365,-0.26187533140182495,0.999824583530426,0.421658456325531,0.28455817699432373,0.13238221406936646,0.9991436004638672,0.4184858798980713,0.5295036435127258,-0.24355407059192657,0.9557965993881226,0.35845398902893066,0.4106195569038391,0.08669685572385788,0.2227594256401062,0.3355935215950012,0.4034503102302551,-0.10613413155078888,0.9710550904273987,0.32520195841789246,0.3834403455257416,-0.12779046595096588,0.345435231924057,0.3105213940143585,0.3775724172592163,-0.13758623600006104,0.9602528810501099,0.30371278524398804,0.35050034523010254,-0.14766855537891388,0.345702201128006,0.3275790214538574,0.3593962788581848,-0.14252969622612,0.9597187042236328,0.33187732100486755,0.3516791760921478,-0.16126050055027008,0.3603374660015106,0.3430129885673523,0.3656971752643585,-0.10546033084392548,0.9433040022850037,0.33403176069259644,0.35953834652900696,-0.14123913645744324,0.35979601740837097,0.5741596221923828,0.6036544442176819,-0.10455048084259033,0.9999669790267944,0.5169757008552551,0.5679658055305481,0.10469522327184677,0.9998931288719177,0.457859605550766,0.5929447412490845,-0.40996384620666504,0.9850929975509644,0.41547924280166626,0.5155727863311768,0.09243141114711761,0.4403589069843292,0.5180012583732605,0.8649988174438477,-0.25515228509902954,0.9627181887626648,0.46994200348854065,0.7236019372940063,0.22527997195720673,0.5504480600357056,0.5445107221603394,0.906518816947937,-0.23808979988098145,0.9276232719421387,0.49639034271240234,0.749942421913147,0.236636683344841,0.6321473717689514,0.46113428473472595,0.9328896999359131,-0.3033890128135681,0.9558203816413879,0.4114623963832855,0.7929121255874634,0.20854619145393372,0.6847808361053467
down,0.3936351239681244,0.14422132074832916,-0.1300782710313797,0.9999316334724426,0.40809503197669983,0.12186520546674728,-0.14958061277866364,0.9999629855155945,0.4122889041900635,0.122284434735775,-0.1496199667453766,0.9999717473983765,0.4166225790977478,0.12265118211507797,-0.14971128106117249,0.9999683499336243,0.4029300808906555,0.12018319219350815,-0.10478309541940689,0.999939501285553,0.40349259972572327,0.11943556368350983,-0.10485442727804184,0.9999508857727051,0.40438133478164673,0.11834084242582321,-0.10479976236820221,0.9999451041221619,0.43882912397384644,0.13655179738998413,-0.17983148992061615,0.9999626278877258,0.42821812629699707,0.13041916489601135,0.015530760399997234,0.9999417662620544,0.4047078490257263,0.17477265000343323,-0.14200976490974426,0.9999564290046692,0.3993699550628662,0.17211227118968964,-0.08543508499860764,0.999936044216156,0.4806813597679138,0.3185408115386963,-0.264182984828949,0.999830424785614,0.42165881395339966,0.2844412326812744,0.13067959249019623,0.9991664290428162,0.4185107350349426,0.5291836857795715,-0.25568684935569763,0.9566899538040161,0.3531327247619629,0.4093931019306183,0.07745428383350372,0.22192619740962982,0.3352642357349396,0.4036620259284973,-0.12897689640522003,0.9716932773590088,0.32436102628707886,0.3836129605770111,-0.14002183079719543,0.34716299176216125,0.3103083670139313,0.3780663013458252,-0.16192087531089783,0.9611977934837341,0.30116793513298035,0.3499046862125397,-0.1598760038614273,0.34658876061439514,0.32662469148635864,0.3596157133579254,-0.16516271233558655,0.9607157111167908,0.32944992184638977,0.35055363178253174,-0.17407095432281494,0.3617749810218811,0.34111320972442627,0.3664552867412567,-0.12774744629859924,0.944338321685791,0.33501535654067993,0.36006608605384827,-0.15368466079235077,0.36184531450271606,0.5741891264915466,0.603804349899292,-0.10482673346996307,0.9999686479568481,0.5171506404876709,0.5681594610214233,0.10497261583805084,0.9998977184295654,0.4595845341682434,0.5864419341087341,-0.41348499059677124,0.9852368235588074,0.4174481928348541,0.517899215221405,0.08790574967861176,0.4379911422729492,0.5185635089874268,0.8653289079666138,-0.24815793335437775,0.9628639221191406,0.47180652618408203,0.7240371704101562,0.23364722728729248,0.5539146065711975,0.544901967048645,0.90696120262146,-0.22976958751678467,0.9275254011154175,0.5000289678573608,0.7560641169548035,0.2470080852508545,0.6326708197593689,0.46126240491867065,0.9324038028717041,-0.2964136004447937,0.9561259150505066,0.4137394428253174,0.7943878769874573,0.2164040058851242,0.6879323124885559
down,0.3955228626728058,0.14141607284545898,-0.14057491719722748,0.999934196472168,0.4099828600883484,0.11898329108953476,-0.1596786230802536,0.9999640583992004,0.41406482458114624,0.11957113444805145,-0.15971381962299347,0.9999726414680481,0.4184519648551941,0.11994171887636185,-0.15980549156665802,0.999968945980072,0.4044545590877533,0.11734621971845627,-0.11577216535806656,0.9999414086341858,0.40481099486351013,0.11666431277990341,-0.11586172878742218,0.9999529719352722,0.40548163652420044,0.115618035197258,-0.11581343412399292,0.9999474883079529,0.44016581773757935,0.13437923789024353,-0.18729400634765625,0.9999639391899109,0.4290139675140381,0.12807917594909668,0.0034301206469535828,0.9999448657035828,0.40640750527381897,0.17155201733112335,-0.1514788568019867,0.999957799911499,0.4003067910671234,0.16944780945777893,-0.09613190591335297,0.9999390840530396,0.4807209372520447,0.31852930784225464,-0.2680017054080963,0.9998340606689453,0.42093735933303833,0.28471797704696655,0.12064193189144135,0.9992082118988037,0.4185507893562317,0.5292361378669739,-0.2586635947227478,0.9578431248664856,0.36698460578918457,0.41931241750717163,0.0585089735686779,0.22735312581062317,0.33540964126586914,0.40477409958839417,-0.130794495344162,0.9718822240829468,0.3245167136192322,0.3870704770088196,-0.1581176221370697,0.35135382413864136,0.310355007648468,0.38103654980659485,-0.1632647067308426,0.9613209962844849,0.30082231760025024,0.3542212247848511,-0.17859232425689697,0.347272664308548,0.32614898681640625,0.3608965277671814,-0.16650047898292542,0.9608656167984009,0.3293360471725464,0.3523900508880615,-0.19153526425361633,0.3626120686531067,0.3403702676296234,0.3678300678730011,-0.12939277291297913,0.944254994392395,0.3387826085090637,0.36144980788230896,-0.17124129831790924,0.36267122626304626,0.5740757584571838,0.6041961312294006,-0.10441012680530548,0.9999693632125854,0.5166163444519043,0.5690428614616394,0.1045505627989769,0.9999006986618042,0.4568304419517517,0.5991188883781433,-0.40984758734703064,0.9850820302963257,0.4176083207130432,0.5191555023193359,0.08608710765838623,0.43611854314804077,0.51863694190979,0.8658318519592285,-0.24459734559059143,0.9626498222351074,0.472573846578598,0.7244028449058533,0.23843201994895935,0.5564748048782349,0.5450088977813721,0.907761812210083,-0.22658279538154602,0.9269675612449646,0.5000627040863037,0.7563520669937134,0.25254297256469727,0.6326059103012085,0.461045503616333,0.9325952529907227,-0.2944872975349426,0.9561973810195923,0.414370596408844,0.7950783371925354,0.2232361137866974,0.6893345713615417
down,0.396136075258255,0.14099614322185516,-0.13948002457618713,0.9999349117279053,0.41027340292930603,0.118836410343647,-0.1586686670780182,0.9999643564224243,0.41436266899108887,0.11938594281673431,-0.15870417654514313,0.9999730587005615,0.41877493262290955,0.11971484124660492,-0.1587952822446823,0.9999692440032959,0.4047631621360779,0.117230623960495,-0.11480095237493515,0.9999412298202515,0.40511178970336914,0.1165279895067215,-0.11488757282495499,0.9999532699584961,0.4057769775390625,0.11544101685285568,-0.11483713239431381,0.9999476075172424,0.44057267904281616,0.13378819823265076,-0.1868094503879547,0.99996417760849,0.4294620156288147,0.12760533392429352,0.003483309643343091,0.9999458193778992,0.4073036313056946,0.17075444757938385,-0.15073233842849731,0.999957799911499,0.40108829736709595,0.1688328981399536,-0.09540475904941559,0.9999390244483948,0.4805632531642914,0.3186053931713104,-0.266790509223938,0.9998367428779602,0.4219929575920105,0.28394678235054016,0.12061087787151337,0.9991981983184814,0.4183328151702881,0.5293152928352356,-0.25499430298805237,0.9576697945594788,0.3685344457626343,0.42070841789245605,0.06197861582040787,0.2259029895067215,0.3353780210018158,0.40476247668266296,-0.1253925859928131,0.9715210199356079,0.3254013657569885,0.3876344859600067,-0.14677034318447113,0.3449014127254486,0.3105540871620178,0.38103076815605164,-0.157114177942276,0.9608476161956787,0.3032008409500122,0.35635071992874146,-0.16593457758426666,0.3392430245876312,0.3268219828605652,0.3611947298049927,-0.1603701263666153,0.9603855609893799,0.33245784044265747,0.35502952337265015,-0.17990228533744812,0.35482344031333923,0.34082454442977905,0.3679567873477936,-0.12398900836706161,0.9436843395233154,0.34355825185775757,0.3632752597332001,-0.16018053889274597,0.3554724454879761,0.5740881562232971,0.6045404076576233,-0.10423147678375244,0.9999691247940063,0.5167182683944702,0.5692147016525269,0.10437147319316864,0.9998988509178162,0.45384716987609863,0.6009840965270996,-0.4067375659942627,0.9843670725822449,0.4158714711666107,0.5185798406600952,0.09212452173233032,0.43450435996055603,0.5184550285339355,0.8656955361366272,-0.24717426300048828,0.9619851112365723,0.4727582335472107,0.724782407283783,0.24498815834522247,0.5518553853034973,0.5450063943862915,0.9073506593704224,-0.22994232177734375,0.9252939820289612,0.4997894763946533,0.7541776895523071,0.2591135799884796,0.6288502812385559,0.46026310324668884,0.9330434203147888,-0.29901203513145447,0.9554873704910278,0.41401147842407227,0.7953316569328308,0.23251470923423767,0.6843681931495667
down,0.3966345191001892,0.14219067990779877,-0.14997951686382294,0.999937117099762,0.41017502546310425,0.11962295323610306,-0.16920140385627747,0.999966025352478,0.414313405752182,0.11993400752544403,-0.1692286878824234,0.9999743103981018,0.41870325803756714,0.12011101841926575,-0.16932007670402527,0.999970555305481,0.4045983850955963,0.11834259331226349,-0.12564724683761597,0.9999442100524902,0.40489810705184937,0.11759388446807861,-0.12574562430381775,0.9999554753303528,0.4055261015892029,0.11640935391187668,-0.1256949007511139,0.9999500513076782,0.4406008720397949,0.13358187675476074,-0.19589541852474213,0.9999662041664124,0.42933645844459534,0.12754885852336884,-0.006564401090145111,0.9999492764472961,0.4084586203098297,0.17129507660865784,-0.1602770984172821,0.9999595880508423,0.4018905758857727,0.16984006762504578,-0.10541963577270508,0.9999421238899231,0.48153480887413025,0.3185169994831085,-0.2755815088748932,0.999845564365387,0.42225709557533264,0.2837529182434082,0.11284337192773819,0.9992509484291077,0.4186244606971741,0.5291379690170288,-0.2644188106060028,0.9586775302886963,0.35373565554618835,0.4139377176761627,0.039771780371665955,0.23384204506874084,0.3357951045036316,0.4049156904220581,-0.1316545605659485,0.9713136553764343,0.32769981026649475,0.38834914565086365,-0.18924155831336975,0.3479308485984802,0.31188780069351196,0.38186949491500854,-0.16301825642585754,0.9601413607597351,0.3069012761116028,0.35894787311553955,-0.21097895503044128,0.3404609262943268,0.327414333820343,0.3620012104511261,-0.16606464982032776,0.9596431255340576,0.3361358046531677,0.3564067482948303,-0.22224381566047668,0.3552260100841522,0.34096258878707886,0.36818674206733704,-0.12987202405929565,0.9425613880157471,0.35007819533348083,0.3617430329322815,-0.20191273093223572,0.35514941811561584,0.5741212964057922,0.6048009395599365,-0.10484959930181503,0.9999693632125854,0.5165627598762512,0.5693145990371704,0.10497841984033585,0.9999019503593445,0.45554256439208984,0.5776835680007935,-0.4100790023803711,0.9835938215255737,0.413196861743927,0.514982283115387,0.08232320100069046,0.43293821811676025,0.5180116891860962,0.8651500344276428,-0.24970927834510803,0.9609986543655396,0.4721083641052246,0.7235147953033447,0.23642399907112122,0.5431088209152222,0.5447758436203003,0.906733512878418,-0.23254230618476868,0.9238051176071167,0.4935568869113922,0.7384935021400452,0.25054067373275757,0.622226357460022,0.4589621126651764,0.9321479201316833,-0.3022864758968353,0.9548219442367554,0.4106977581977844,0.7897385358810425,0.22187809646129608,0.6767536997795105
down,0.3967118561267853,0.14307408034801483,-0.14477311074733734,0.9999338388442993,0.4100256562232971,0.12014233320951462,-0.16439011693000793,0.9999642372131348,0.4141945242881775,0.120292529463768,-0.16442708671092987,0.9999728202819824,0.41854190826416016,0.12036622315645218,-0.16452306509017944,0.9999691247940063,0.40448492765426636,0.11899489164352417,-0.11966727674007416,0.9999410510063171,0.4047837257385254,0.11820516735315323,-0.11974916607141495,0.9999526143074036,0.4054166376590729,0.11695447564125061,-0.11969943344593048,0.9999468922615051,0.4405081272125244,0.13346825540065765,-0.19330348074436188,0.9999638199806213,0.4292522072792053,0.12754422426223755,0.0009756957879289985,0.9999452233314514,0.40863314270973206,0.17184224724769592,-0.15617257356643677,0.9999573230743408,0.40210023522377014,0.1705223023891449,-0.09970393776893616,0.9999381303787231,0.48179107904434204,0.31850677728652954,-0.27456584572792053,0.9998429417610168,0.4229050278663635,0.2841595411300659,0.12078859657049179,0.9992289543151855,0.418793261051178,0.5287428498268127,-0.2655312716960907,0.9588673114776611,0.3712376654148102,0.4226500689983368,0.07046668976545334,0.23397250473499298,0.3360057473182678,0.40575310587882996,-0.13888655602931976,0.9719929695129395,0.3282938003540039,0.3908625841140747,-0.13474459946155548,0.3502713739871979,0.31182658672332764,0.38313525915145874,-0.17172123491764069,0.9608795046806335,0.3049890697002411,0.36032864451408386,-0.1521356850862503,0.3425353467464447,0.32615330815315247,0.3625778257846832,-0.17347529530525208,0.9603345990180969,0.3327670097351074,0.356612890958786,-0.1673498898744583,0.3573611080646515,0.3404197096824646,0.3688344657421112,-0.13702240586280823,0.9432454705238342,0.34540075063705444,0.363188773393631,-0.1485811471939087,0.3573196232318878,0.5742249488830566,0.6050285696983337,-0.10558585077524185,0.9999691843986511,0.5168649554252625,0.5695862174034119,0.10571511834859848,0.9998996257781982,0.45574378967285156,0.5890147089958191,-0.41910189390182495,0.9832815527915955,0.4134686589241028,0.5140880346298218,0.09165780246257782,0.4319137930870056,0.5179961323738098,0.8654076457023621,-0.257969468832016,0.9612321257591248,0.47204217314720154,0.7235817909240723,0.2509562373161316,0.5411319732666016,0.544753909111023,0.9077131748199463,-0.24050834774971008,0.9245308637619019,0.4936729967594147,0.7390363216400146,0.26558586955070496,0.6208076477050781,0.45827826857566833,0.9317870140075684,-0.31263089179992676,0.9552664756774902,0.4110119938850403,0.7910478115081787,0.23517942428588867,0.6749640107154846
down,0.3969569802284241,0.14309921860694885,-0.14627249538898468,0.9999253749847412,0.4101697504520416,0.1201501116156578,-0.16663892567157745,0.9999594688415527,0.41430750489234924,0.12030479311943054,-0.16667620837688446,0.9999690651893616,0.418623149394989,0.12037570029497147,-0.1667778640985489,0.9999650716781616,0.4047960340976715,0.11894698441028595,-0.12123721837997437,0.9999333620071411,0.4051489233970642,0.11813830584287643,-0.12132296711206436,0.9999462962150574,0.4058402478694916,0.11686573177576065,-0.12127818167209625,0.999940037727356,0.44080281257629395,0.13337020576000214,-0.1972004473209381,0.999958336353302,0.4298430383205414,0.12745454907417297,0.00041182097629643977,0.9999362826347351,0.40863704681396484,0.17193453013896942,-0.15787145495414734,0.9999520778656006,0.4022551476955414,0.17054183781147003,-0.10051240026950836,0.9999295473098755,0.4817929267883301,0.31862467527389526,-0.2785530388355255,0.9998294711112976,0.4233984053134918,0.2839628756046295,0.12192263454198837,0.9991828799247742,0.4188082814216614,0.5286753177642822,-0.27270278334617615,0.9582825303077698,0.3716641068458557,0.4218611717224121,0.06151707097887993,0.2297421246767044,0.33557718992233276,0.4074096381664276,-0.14866235852241516,0.9718685150146484,0.3254114091396332,0.3917538523674011,-0.16029250621795654,0.3528430759906769,0.31016430258750916,0.3844188153743744,-0.1823401153087616,0.9607069492340088,0.3023553788661957,0.3611958920955658,-0.17998602986335754,0.3465947210788727,0.32502731680870056,0.36390283703804016,-0.183645099401474,0.960158109664917,0.32758888602256775,0.3555956482887268,-0.19417491555213928,0.3621065616607666,0.3397979736328125,0.37088286876678467,-0.14656507968902588,0.9426068067550659,0.34297388792037964,0.3641413748264313,-0.17408487200737,0.36162257194519043,0.5742849111557007,0.6051012873649597,-0.10729748010635376,0.9999690055847168,0.5170589089393616,0.5693008899688721,0.10741964727640152,0.9998988509178162,0.454230934381485,0.601791501045227,-0.42719072103500366,0.9829542636871338,0.41450557112693787,0.5152894258499146,0.09992851316928864,0.4299369156360626,0.517976701259613,0.865460991859436,-0.25669747591018677,0.960379421710968,0.47230157256126404,0.7236338257789612,0.2658461332321167,0.540701150894165,0.5447396039962769,0.9078484177589417,-0.23809552192687988,0.9235315918922424,0.4940199851989746,0.7388575077056885,0.28148749470710754,0.618562638759613,0.45792993903160095,0.9305152893066406,-0.3087531328201294,0.9547945857048035,0.4145395755767822,0.7909467220306396,0.25260624289512634,0.6747584342956543
down,0.3969762325286865,0.14305776357650757,-0.148843914270401,0.9999247193336487,0.4101833701133728,0.12016720324754715,-0.1693085879087448,0.9999594688415527,0.4143337607383728,0.1203284040093422,-0.16934379935264587,0.9999690055847168,0.41866105794906616,0.12040054798126221,-0.16944487392902374,0.9999648332595825,0.4048360288143158,0.11885737627744675,-0.12430530786514282,0.9999336004257202,0.40518251061439514,0.11801589280366898,-0.12439906597137451,0.9999465942382812,0.4058634340763092,0.11671460419893265,-0.12435285747051239,0.9999399185180664,0.4409555494785309,0.1332666277885437,-0.19977489113807678,0.9999586939811707,0.4299127459526062,0.1273866593837738,-0.0036811749450862408,0.9999363422393799,0.40859851241111755,0.17196908593177795,-0.16013231873512268,0.9999524354934692,0.4022890031337738,0.17043322324752808,-0.10336203873157501,0.9999297857284546,0.48175960779190063,0.3190149664878845,-0.2810380756855011,0.9998273849487305,0.42358118295669556,0.2833011746406555,0.11860580742359161,0.9991884827613831,0.4186192452907562,0.5290569067001343,-0.2723535895347595,0.957911491394043,0.37142959237098694,0.4206441342830658,0.046117380261421204,0.2290422022342682,0.3355322480201721,0.40770667791366577,-0.13924334943294525,0.9710439443588257,0.3247685432434082,0.39026930928230286,-0.1846207082271576,0.35465195775032043,0.31011053919792175,0.3844231069087982,-0.17137208580970764,0.9595251679420471,0.30230236053466797,0.3606758117675781,-0.20544922351837158,0.3495202362537384,0.32638105750083923,0.36528152227401733,-0.17402826249599457,0.9589951634407043,0.32863909006118774,0.35516053438186646,-0.2181473970413208,0.36516037583351135,0.34078967571258545,0.37197235226631165,-0.1372661292552948,0.9410405158996582,0.34401243925094604,0.3646228015422821,-0.1979464888572693,0.3640707731246948,0.5743069648742676,0.6052528619766235,-0.10788555443286896,0.9999700784683228,0.5170583724975586,0.5688467025756836,0.10799583047628403,0.9999037384986877,0.45381760597229004,0.6020339727401733,-0.4263891279697418,0.9824448227882385,0.41480010747909546,0.5150129795074463,0.10447923839092255,0.42393532395362854,0.5179373025894165,0.8655853867530823,-0.24958717823028564,0.9588799476623535,0.4723571240901947,0.7232990860939026,0.27663418650627136,0.5349429845809937,0.5446648597717285,0.9081352353096008,-0.23020009696483612,0.9215254783630371,0.49422258138656616,0.7385374307632446,0.2927670478820801,0.6139413118362427,0.4575757384300232,0.9299932718276978,-0.2969910502433777,0.95365309715271,0.41542473435401917,0.7889317870140076,0.26720085740089417,0.670774519443512
down,0.39703643321990967,0.14163419604301453,-0.15312814712524414,0.9999271035194397,0.4103708267211914,0.11917801201343536,-0.17289836704730988,0.9999607801437378,0.4145015776157379,0.11942657828330994,-0.17293688654899597,0.9999699592590332,0.41882696747779846,0.11957941949367523,-0.17304137349128723,0.9999657869338989,0.40499401092529297,0.11782801896333694,-0.12812884151935577,0.9999356269836426,0.40532270073890686,0.11702155321836472,-0.128227099776268,0.999948263168335,0.4059820771217346,0.11577768623828888,-0.1281740367412567,0.9999415874481201,0.440995991230011,0.13267634809017181,-0.20112793147563934,0.9999601244926453,0.4299011826515198,0.12684746086597443,-0.005943372379988432,0.999937891960144,0.40864771604537964,0.1706569939851761,-0.1636488437652588,0.9999536871910095,0.40233945846557617,0.16886122524738312,-0.1071881651878357,0.999931812286377,0.48172181844711304,0.31953081488609314,-0.282365620136261,0.9998315572738647,0.42395439743995667,0.28321754932403564,0.1175914853811264,0.9992121458053589,0.41851717233657837,0.529217004776001,-0.2736852169036865,0.9585465788841248,0.3714163601398468,0.4205634593963623,0.04729457199573517,0.2300821840763092,0.33559879660606384,0.4086914360523224,-0.14271600544452667,0.971189558506012,0.3265405297279358,0.3907735049724579,-0.18165114521980286,0.35910311341285706,0.31044191122055054,0.38529375195503235,-0.17649230360984802,0.9593849778175354,0.3020555377006531,0.3598707914352417,-0.20223566889762878,0.352806955575943,0.3268003463745117,0.3669062852859497,-0.17760469019412994,0.9588741064071655,0.3296753168106079,0.35568416118621826,-0.21529686450958252,0.36867690086364746,0.3410232961177826,0.37306922674179077,-0.14035561680793762,0.9408554434776306,0.34453946352005005,0.3650192618370056,-0.19505131244659424,0.367267370223999,0.5743239521980286,0.6054250001907349,-0.10829359292984009,0.9999716877937317,0.5175608396530151,0.568296492099762,0.10839903354644775,0.9999090433120728,0.4532519280910492,0.6021035313606262,-0.4213007986545563,0.9817692041397095,0.41570156812667847,0.5125318765640259,0.10839434713125229,0.4158751666545868,0.5178583264350891,0.8656401038169861,-0.24282114207744598,0.956864595413208,0.47241050004959106,0.7231541275978088,0.27979665994644165,0.5289815664291382,0.544607937335968,0.9083150029182434,-0.2232012301683426,0.9186844825744629,0.49430879950523376,0.7380775213241577,0.29600247740745544,0.6079541444778442,0.45749321579933167,0.9296562075614929,-0.28849905729293823,0.9521735310554504,0.4152868390083313,0.7865530252456665,0.2710409164428711,0.6659705638885498
down,0.39693301916122437,0.14095988869667053,-0.1424010694026947,0.9999285936355591,0.410391628742218,0.11857514083385468,-0.16285862028598785,0.999961256980896,0.41451096534729004,0.11889255046844482,-0.16290037333965302,0.9999701380729675,0.4188154339790344,0.11913000047206879,-0.16300323605537415,0.9999662041664124,0.4050411581993103,0.11709669232368469,-0.1173977479338646,0.9999363422393799,0.40537673234939575,0.11629322916269302,-0.11748345196247101,0.9999488592147827,0.4060531556606293,0.11508406698703766,-0.117429718375206,0.9999422430992126,0.4409114420413971,0.1323779672384262,-0.19469045102596283,0.9999598860740662,0.429884672164917,0.12651358544826508,0.0037247680593281984,0.999937117099762,0.40827423334121704,0.17013569176197052,-0.15453845262527466,0.9999536275863647,0.4022628664970398,0.16819944977760315,-0.09709303081035614,0.9999314546585083,0.4812670648097992,0.3199057877063751,-0.27802860736846924,0.9998316168785095,0.4245906472206116,0.28316929936408997,0.12581151723861694,0.9992121458053589,0.41850143671035767,0.5292137861251831,-0.2632642388343811,0.9584606289863586,0.3742257356643677,0.42058372497558594,0.07641065865755081,0.22698736190795898,0.3358740508556366,0.40983152389526367,-0.1292838454246521,0.9716436266899109,0.32951846718788147,0.3922941982746124,-0.12721587717533112,0.36191821098327637,0.3104906380176544,0.38644036650657654,-0.16251468658447266,0.9598160982131958,0.3018392026424408,0.3598436117172241,-0.14420244097709656,0.35487696528434753,0.3263630270957947,0.36849144101142883,-0.1641933023929596,0.959304690361023,0.33065590262413025,0.35785412788391113,-0.16046132147312164,0.37144604325294495,0.34067195653915405,0.3744909167289734,-0.12727460265159607,0.9415077567100525,0.3446515202522278,0.36625298857688904,-0.14131556451320648,0.37047022581100464,0.5744194388389587,0.6055379509925842,-0.10884418338537216,0.9999724626541138,0.5190252065658569,0.5673350691795349,0.10895612090826035,0.9999098181724548,0.4527018070220947,0.6014016270637512,-0.4161239266395569,0.9812155961990356,0.4163825511932373,0.5089675784111023,0.12929102778434753,0.40574780106544495,0.5176041126251221,0.865562379360199,-0.24240770936012268,0.9550856351852417,0.4724077582359314,0.7223854660987854,0.29394644498825073,0.5210751891136169,0.5445102453231812,0.9083442091941833,-0.22306859493255615,0.9160121083259583,0.49396419525146484,0.7364218831062317,0.3095405399799347,0.6009176969528198,0.45758432149887085,0.928913950920105,-0.2862921357154846,0.9508987069129944,0.41435521841049194,0.7820950746536255,0.289240300655365,0.659699559211731
down,0.39680618047714233,0.13982167840003967,-0.14110293984413147,0.9999285936355591,0.41048797965049744,0.11754046380519867,-0.16153602302074432,0.9999607801437378,0.4146060049533844,0.11806026846170425,-0.16158220171928406,0.9999696016311646,0.418915331363678,0.11847706139087677,-0.1616879105567932,0.9999658465385437,0.4051543176174164,0.11580973863601685,-0.11586324870586395,0.9999352693557739,0.4055091440677643,0.1150333434343338,-0.11594545841217041,0.9999480843544006,0.40619927644729614,0.11389752477407455,-0.11589173972606659,0.9999418258666992,0.44098955392837524,0.13229724764823914,-0.19375470280647278,0.999958336353302,0.4299083352088928,0.1262187361717224,0.00569628830999136,0.9999352693557739,0.4078037142753601,0.16945408284664154,-0.15336473286151886,0.9999523162841797,0.4020337164402008,0.16718539595603943,-0.09558626264333725,0.9999297261238098,0.48103633522987366,0.32000795006752014,-0.27659887075424194,0.9998311996459961,0.4247179627418518,0.2825140357017517,0.12766066193580627,0.9992173910140991,0.4185017943382263,0.5291236639022827,-0.262278288602829,0.9584861993789673,0.37628793716430664,0.41995036602020264,0.0846516489982605,0.22651179134845734,0.3363443911075592,0.41088196635246277,-0.1335664987564087,0.9723450541496277,0.33058178424835205,0.39326387643814087,-0.11289036273956299,0.3694106340408325,0.3106117248535156,0.38770854473114014,-0.16789409518241882,0.9607056379318237,0.30152884125709534,0.35989266633987427,-0.12925785779953003,0.36158856749534607,0.3258787989616394,0.36948925256729126,-0.16924628615379333,0.9601873159408569,0.33060672879219055,0.35837745666503906,-0.14692938327789307,0.37909364700317383,0.34040024876594543,0.37595677375793457,-0.13164296746253967,0.942773699760437,0.3446035087108612,0.36679497361183167,-0.12735578417778015,0.3782596290111542,0.5744449496269226,0.6056219339370728,-0.10898864269256592,0.9999729990959167,0.5199300050735474,0.5659780502319336,0.10910478979349136,0.9999093413352966,0.4525872766971588,0.6012412905693054,-0.41410261392593384,0.9810325503349304,0.41739004850387573,0.507479727268219,0.13236594200134277,0.3986104428768158,0.5174129009246826,0.8648093342781067,-0.23664991557598114,0.9533388018608093,0.47254976630210876,0.7217638492584229,0.29618775844573975,0.5166061520576477,0.5443617105484009,0.9070383906364441,-0.21654292941093445,0.9137250781059265,0.49375802278518677,0.7352951169013977,0.31177687644958496,0.5955119132995605,0.4583113193511963,0.9283995032310486,-0.27535247802734375,0.9495148062705994,0.4143654704093933,0.7806202173233032,0.2928452789783478,0.656475305557251
down,0.39681145548820496,0.1390429437160492,-0.14195992052555084,0.9999275207519531,0.4106413722038269,0.11682742089033127,-0.1623421013355255,0.9999595880508423,0.4147517681121826,0.11743952333927155,-0.16238808631896973,0.9999685883522034,0.4190635085105896,0.11795134097337723,-0.16249416768550873,0.9999647736549377,0.4053187370300293,0.11498687416315079,-0.11663532257080078,0.9999330639839172,0.4056801199913025,0.11421000957489014,-0.1167193204164505,0.9999464154243469,0.4063689708709717,0.11310732364654541,-0.11666692793369293,0.9999399781227112,0.441058874130249,0.13212910294532776,-0.19451265037059784,0.9999563097953796,0.42996931076049805,0.1258326768875122,0.004966960288584232,0.9999322295188904,0.4077090322971344,0.16881577670574188,-0.15413936972618103,0.999950647354126,0.4020056128501892,0.16633819043636322,-0.0962919369339943,0.9999275207519531,0.4807582497596741,0.3200508654117584,-0.2774302363395691,0.9998302459716797,0.4248082637786865,0.2810326814651489,0.12725935876369476,0.9992217421531677,0.41850194334983826,0.5291620492935181,-0.26297709345817566,0.9585431814193726,0.37746602296829224,0.41817665100097656,0.08748561143875122,0.22574658691883087,0.3367982506752014,0.4113312065601349,-0.13354453444480896,0.9728392958641052,0.33080774545669556,0.3935590982437134,-0.10768196731805801,0.3769878149032593,0.3109041154384613,0.388224333524704,-0.16824711859226227,0.9612947702407837,0.3012210428714752,0.35994020104408264,-0.12343792617321014,0.36841800808906555,0.3258906900882721,0.37027058005332947,-0.16974365711212158,0.9607787132263184,0.33025890588760376,0.3590216338634491,-0.141923725605011,0.38690662384033203,0.3404732346534729,0.37672555446624756,-0.13173088431358337,0.9436101317405701,0.34449636936187744,0.36767086386680603,-0.1224064975976944,0.3861754834651947,0.5744879245758057,0.6056258082389832,-0.10923012346029282,0.9999735951423645,0.5204485654830933,0.564521849155426,0.10934901237487793,0.9999091625213623,0.45261716842651367,0.6014705896377563,-0.41681450605392456,0.9810895323753357,0.41848939657211304,0.5062127709388733,0.13904233276844025,0.3934512734413147,0.5174785852432251,0.8647806644439697,-0.23749998211860657,0.9518351554870605,0.47279876470565796,0.7201229333877563,0.3057023882865906,0.511461079120636,0.544334888458252,0.906852126121521,-0.21771100163459778,0.9109693765640259,0.4936017394065857,0.7334945797920227,0.32164695858955383,0.5892392992973328,0.4583309292793274,0.9280666708946228,-0.27797213196754456,0.9484541416168213,0.4146575927734375,0.7800161838531494,0.30377665162086487,0.6525614261627197
down,0.3971041440963745,0.13865363597869873,-0.14546045660972595,0.9999279379844666,0.4108846187591553,0.11663426458835602,-0.16562551259994507,0.9999599456787109,0.41499167680740356,0.11727292835712433,-0.1656651794910431,0.9999688863754272,0.4192991852760315,0.11779956519603729,-0.1657654494047165,0.9999650120735168,0.4055345952510834,0.1147223487496376,-0.12080669403076172,0.9999334812164307,0.4058724045753479,0.1139337345957756,-0.12089524418115616,0.999946653842926,0.40653905272483826,0.11282903701066971,-0.12084861099720001,0.9999401569366455,0.441204696893692,0.1318637579679489,-0.19603605568408966,0.9999568462371826,0.4300704896450043,0.12544721364974976,-0.0002090864145429805,0.9999333620071411,0.4078826308250427,0.16844625771045685,-0.1567060649394989,0.9999515414237976,0.40213093161582947,0.16585563123226166,-0.1000511646270752,0.9999293684959412,0.48077303171157837,0.3200438916683197,-0.2787330746650696,0.9998345375061035,0.42481860518455505,0.2805829644203186,0.12316529452800751,0.9992437362670898,0.41807740926742554,0.5292118787765503,-0.2661537528038025,0.9587202668190002,0.37345507740974426,0.41667434573173523,0.06891922652721405,0.22868768870830536,0.33685019612312317,0.4111502468585968,-0.13917945325374603,0.9733051061630249,0.3289726674556732,0.3926008343696594,-0.14380738139152527,0.3842727243900299,0.3109085261821747,0.3878919780254364,-0.1742454469203949,0.9619661569595337,0.30094289779663086,0.3599421977996826,-0.16263633966445923,0.3755209147930145,0.32588085532188416,0.370376855134964,-0.1766895353794098,0.9614737629890442,0.330049604177475,0.3594408333301544,-0.17859581112861633,0.39465832710266113,0.3405342698097229,0.3766299784183502,-0.13775154948234558,0.9446808099746704,0.3443777561187744,0.36819887161254883,-0.15788641571998596,0.39425405859947205,0.5749611258506775,0.6055214405059814,-0.10938682407140732,0.999974250793457,0.5209249258041382,0.5643519759178162,0.10950452089309692,0.9999114871025085,0.4574800431728363,0.58307945728302,-0.41660699248313904,0.9811748266220093,0.414111852645874,0.5040037035942078,0.13185350596904755,0.3902193605899811,0.5177978277206421,0.8647940754890442,-0.23354384303092957,0.9501398801803589,0.4734625220298767,0.7179984450340271,0.2975493371486664,0.5049203634262085,0.5443245768547058,0.906524658203125,-0.21316511929035187,0.9078536629676819,0.4936264157295227,0.7316782474517822,0.31342238187789917,0.5828508734703064,0.4583342671394348,0.92807936668396,-0.27210861444473267,0.946499228477478,0.414740651845932,0.7798654437065125,0.2939493656158447,0.6467527151107788
down,0.3976249098777771,0.1384817212820053,-0.1462094783782959,0.9999271631240845,0.4113039970397949,0.11657920479774475,-0.16654393076896667,0.9999599456787109,0.4154472351074219,0.11720998585224152,-0.16658778488636017,0.9999688267707825,0.419802725315094,0.11772266775369644,-0.16669051349163055,0.9999650716781616,0.40590324997901917,0.11468158662319183,-0.12163879722356796,0.9999326467514038,0.4062197804450989,0.11390391737222672,-0.12171804904937744,0.9999455213546753,0.4068583846092224,0.11280835419893265,-0.12167410552501678,0.9999387264251709,0.4416376054286957,0.13162916898727417,-0.19687673449516296,0.9999569058418274,0.4303324222564697,0.1252330094575882,-0.0012190148700028658,0.9999327659606934,0.40848439931869507,0.16830775141716003,-0.15746361017227173,0.9999520778656006,0.402545303106308,0.16571199893951416,-0.10077576339244843,0.9999300241470337,0.48076629638671875,0.31968948245048523,-0.27981722354888916,0.9998365044593811,0.42505115270614624,0.28040170669555664,0.12412627786397934,0.9992238879203796,0.41784200072288513,0.5294954776763916,-0.27171462774276733,0.9583179950714111,0.37294328212738037,0.41667014360427856,0.08462842553853989,0.2270546853542328,0.3368883728981018,0.41060328483581543,-0.14866790175437927,0.9740015864372253,0.32892096042633057,0.3924555480480194,-0.11084510385990143,0.38294050097465515,0.31084975600242615,0.38760513067245483,-0.18356584012508392,0.962992787361145,0.300554096698761,0.3602370321750641,-0.1268281191587448,0.3753427565097809,0.3248945474624634,0.37000423669815063,-0.18578334152698517,0.9625184535980225,0.32921352982521057,0.36005499958992004,-0.14469316601753235,0.3947250545024872,0.34004727005958557,0.3764667809009552,-0.14725491404533386,0.9462577104568481,0.34395089745521545,0.3692008852958679,-0.1254458725452423,0.39507851004600525,0.5754879117012024,0.6055458188056946,-0.10961884260177612,0.9999741315841675,0.5217727422714233,0.5645176768302917,0.1097385436296463,0.9999098181724548,0.4573133885860443,0.5837068557739258,-0.413682222366333,0.9810018539428711,0.4139402508735657,0.5043126344680786,0.12912601232528687,0.3886874318122864,0.518018364906311,0.864686906337738,-0.22802801430225372,0.9488204717636108,0.47418832778930664,0.7174315452575684,0.29331204295158386,0.5006338357925415,0.5445672273635864,0.9060806035995483,-0.2073919028043747,0.9052163362503052,0.49753087759017944,0.73758864402771,0.3090645372867584,0.5781440138816833,0.45879918336868286,0.9311231970787048,-0.2650154232978821,0.944803774356842,0.41464000940322876,0.779894232749939,0.2886309027671814,0.6432949900627136
down,0.3976380527019501,0.13826240599155426,-0.1442442685365677,0.9999275207519531,0.41119441390037537,0.11626365780830383,-0.16477985680103302,0.9999602437019348,0.41532793641090393,0.11679157614707947,-0.16483068466186523,0.9999688863754272,0.41965150833129883,0.11724850535392761,-0.16493816673755646,0.9999653697013855,0.40581098198890686,0.11448401212692261,-0.11908546835184097,0.9999322891235352,0.40611228346824646,0.11370424926280975,-0.11916200071573257,0.9999447464942932,0.406727135181427,0.11260620504617691,-0.11911356449127197,0.9999381303787231,0.4415220320224762,0.13091729581356049,-0.196468323469162,0.9999573230743408,0.4301348626613617,0.12482570111751556,0.0027131170500069857,0.9999319911003113,0.4085279405117035,0.1675286889076233,-0.1561332643032074,0.9999529123306274,0.4025721549987793,0.16519151628017426,-0.09849253296852112,0.9999310374259949,0.4807387888431549,0.3186447024345398,-0.28062674403190613,0.9998373985290527,0.42508116364479065,0.2803282141685486,0.12717022001743317,0.9992032647132874,0.41804736852645874,0.5295367240905762,-0.27059051394462585,0.9584161043167114,0.37595587968826294,0.4186633229255676,0.08838174492120743,0.22200030088424683,0.33766454458236694,0.4108196794986725,-0.14059534668922424,0.9745665192604065,0.3314902186393738,0.39457952976226807,-0.1079895868897438,0.37764403223991394,0.31140637397766113,0.3876660168170929,-0.17412474751472473,0.9636582732200623,0.30066829919815063,0.36079686880111694,-0.12395050376653671,0.37128308415412903,0.3251674473285675,0.37117308378219604,-0.1761096715927124,0.9631638526916504,0.3301694393157959,0.36113083362579346,-0.14184197783470154,0.39067602157592773,0.3399314284324646,0.37713825702667236,-0.13891197741031647,0.9473289847373962,0.34615883231163025,0.37255746126174927,-0.12266065180301666,0.39226654171943665,0.5755441784858704,0.605604887008667,-0.10961119085550308,0.9999739527702332,0.52186119556427,0.565185546875,0.1097337156534195,0.9999069571495056,0.4580380320549011,0.5839676856994629,-0.4201158583164215,0.9810237288475037,0.4181079864501953,0.5052686929702759,0.1135835200548172,0.3873244524002075,0.5180150866508484,0.8645765781402588,-0.2319648712873459,0.947776734828949,0.4736579358577728,0.7177016139030457,0.2780408561229706,0.4982016384601593,0.5449174642562866,0.9059199690818787,-0.21131527423858643,0.9031304717063904,0.49477142095565796,0.7378875613212585,0.293625146150589,0.5748748183250427,0.4592587947845459,0.9340072870254517,-0.2737722098827362,0.943778932094574,0.4136160910129547,0.7798362970352173,0.26883429288864136,0.6426595449447632
down,0.3976718783378601,0.1373959481716156,-0.15705499053001404,0.9999290704727173,0.4113160967826843,0.11456737667322159,-0.1772773563861847,0.9999610781669617,0.4154021143913269,0.11507245153188705,-0.17732319235801697,0.9999693632125854,0.41970545053482056,0.11551196873188019,-0.17743177711963654,0.9999658465385437,0.40584391355514526,0.11291569471359253,-0.13072459399700165,0.9999331831932068,0.4060916006565094,0.11210418492555618,-0.13081952929496765,0.9999452829360962,0.4066568911075592,0.11098624020814896,-0.13076968491077423,0.9999387264251709,0.4414137005805969,0.12976695597171783,-0.20760099589824677,0.9999589920043945,0.42963677644729614,0.12359751760959625,-0.004578187596052885,0.9999330639839172,0.4086223542690277,0.16636696457862854,-0.16834492981433868,0.9999551177024841,0.40257444977760315,0.1640167534351349,-0.10956332832574844,0.99993497133255,0.4808143973350525,0.317740797996521,-0.29174861311912537,0.9998424053192139,0.4245688319206238,0.2803328335285187,0.1214647889137268,0.9992421865463257,0.41879934072494507,0.5290562510490417,-0.2811233103275299,0.9599374532699585,0.37637007236480713,0.41987669467926025,0.07765335589647293,0.2228577435016632,0.33817392587661743,0.41154852509498596,-0.1462515890598297,0.9754970073699951,0.3330182135105133,0.3972702920436859,-0.12983438372612,0.3796303868293762,0.3122761845588684,0.3880135118961334,-0.18075381219387054,0.9646415710449219,0.3016984462738037,0.36066630482673645,-0.14695455133914948,0.37257227301597595,0.32543906569480896,0.3719468116760254,-0.18207314610481262,0.9641585350036621,0.33079904317855835,0.36133497953414917,-0.16508355736732483,0.3920745849609375,0.33992916345596313,0.3779586851596832,-0.14413373172283173,0.94853675365448,0.3468693196773529,0.3737792670726776,-0.14477938413619995,0.394756942987442,0.5756266713142395,0.6056392192840576,-0.10957449674606323,0.9999740123748779,0.5216025710105896,0.5658360719680786,0.10970398038625717,0.9999076128005981,0.4611169695854187,0.5840784907341003,-0.4321100115776062,0.9815381765365601,0.4209352433681488,0.5051502585411072,0.09353804588317871,0.3929978907108307,0.5179558396339417,0.8644222617149353,-0.23559799790382385,0.9482682347297668,0.47330838441848755,0.7177197933197021,0.26471608877182007,0.5066674947738647,0.5449652671813965,0.9056998491287231,-0.2142191380262375,0.9026063084602356,0.4931820333003998,0.7370240092277527,0.28116488456726074,0.578433632850647,0.4593541622161865,0.9338106513023376,-0.28073450922966003,0.9445403814315796,0.4134221076965332,0.779876708984375,0.2510097026824951,0.6519538164138794
down,0.39779701828956604,0.1362251341342926,-0.16776683926582336,0.999933123588562,0.41176509857177734,0.11318108439445496,-0.18813930451869965,0.9999631643295288,0.41588911414146423,0.11378256231546402,-0.18818069994449615,0.9999709129333496,0.4203460216522217,0.114262156188488,-0.18829205632209778,0.9999672174453735,0.4060307443141937,0.11154761910438538,-0.1415480077266693,0.9999369978904724,0.4061823785305023,0.1108008474111557,-0.14165763556957245,0.9999485611915588,0.40667253732681274,0.10973072797060013,-0.1416078507900238,0.9999423027038574,0.4417099058628082,0.12936748564243317,-0.21705016493797302,0.9999621510505676,0.42938971519470215,0.12303714454174042,-0.014042012393474579,0.9999372363090515,0.4086989462375641,0.16563397645950317,-0.17830464243888855,0.9999583959579468,0.40247440338134766,0.163101464509964,-0.11960190534591675,0.9999409914016724,0.480719655752182,0.3168755769729614,-0.30046793818473816,0.9998481273651123,0.42370811104774475,0.2803395688533783,0.11514739692211151,0.999326765537262,0.4192052483558655,0.5285669565200806,-0.2870115637779236,0.9626438021659851,0.37649843096733093,0.4194323718547821,0.05929850414395332,0.23549263179302216,0.3384496569633484,0.4121119976043701,-0.14515583217144012,0.9765022993087769,0.3335130512714386,0.3975234627723694,-0.16380232572555542,0.3993045389652252,0.31289491057395935,0.3888053894042969,-0.17935344576835632,0.9654295444488525,0.3032297194004059,0.3607877492904663,-0.18273842334747314,0.3883577883243561,0.32540732622146606,0.37227821350097656,-0.1804344356060028,0.9649775624275208,0.3306611478328705,0.3612494170665741,-0.19937746226787567,0.40801021456718445,0.3396207094192505,0.378343403339386,-0.14264735579490662,0.9493668675422668,0.34653812646865845,0.3737371265888214,-0.17838741838932037,0.4102376401424408,0.575648307800293,0.6056238412857056,-0.10963831096887589,0.9999744892120361,0.5210610628128052,0.5659237504005432,0.10976536571979523,0.9999131560325623,0.462045818567276,0.5854249596595764,-0.43418145179748535,0.9820942878723145,0.4235753118991852,0.5064928531646729,0.09278621524572372,0.40074411034584045,0.5177422761917114,0.8639395236968994,-0.22929759323596954,0.9477269053459167,0.4734129309654236,0.7185463905334473,0.2680613696575165,0.5180919170379639,0.5449792742729187,0.9051141738891602,-0.20629796385765076,0.9014996886253357,0.49307265877723694,0.7368150353431702,0.28491076827049255,0.5827012062072754,0.45938459038734436,0.9336146116256714,-0.2687835693359375,0.9451339840888977,0.41341742873191833,0.7799328565597534,0.25639885663986206,0.6634538769721985
down,0.3981718122959137,0.13563352823257446,-0.16714242100715637,0.9999338984489441,0.41233259439468384,0.11269835382699966,-0.18740138411521912,0.9999632239341736,0.4164709150791168,0.11329961568117142,-0.1874462068080902,0.9999709129333496,0.4210059642791748,0.11372189223766327,-0.18756133317947388,0.9999669790267944,0.4064038395881653,0.11113857477903366,-0.14111435413360596,0.999937117099762,0.4064258635044098,0.11045704036951065,-0.14122126996517181,0.9999487996101379,0.4067837595939636,0.10942398756742477,-0.14117249846458435,0.9999427199363708,0.4420493543148041,0.12915633618831635,-0.21610406041145325,0.9999627470970154,0.4293680787086487,0.12292738258838654,-0.014437323436141014,0.9999377131462097,0.40889817476272583,0.16534726321697235,-0.17757126688957214,0.9999590516090393,0.4024795591831207,0.16287721693515778,-0.11925965547561646,0.9999430179595947,0.4804183542728424,0.31635695695877075,-0.29927390813827515,0.9998505711555481,0.4231506884098053,0.2804376184940338,0.1150117963552475,0.9993755221366882,0.41944044828414917,0.5286442041397095,-0.28549811244010925,0.9643752574920654,0.3768236041069031,0.4194023907184601,0.06326932460069656,0.2445479929447174,0.33888861536979675,0.4125191271305084,-0.1418655663728714,0.9772325754165649,0.3345196545124054,0.3982042670249939,-0.1549408733844757,0.4130842089653015,0.3131658136844635,0.3892631232738495,-0.17572727799415588,0.9659908413887024,0.3035058379173279,0.36086633801460266,-0.17353977262973785,0.3986513316631317,0.3253827691078186,0.3722798526287079,-0.17666761577129364,0.9655303359031677,0.3305066227912903,0.36093056201934814,-0.19043949246406555,0.4185783863067627,0.3395153880119324,0.3783929646015167,-0.1391516774892807,0.9500319361686707,0.3464002013206482,0.3735125660896301,-0.1695782095193863,0.4206869304180145,0.5756184458732605,0.605683445930481,-0.10952456295490265,0.99997478723526,0.5208659172058105,0.5660534501075745,0.10965170711278915,0.999916136264801,0.4619918763637543,0.5884212255477905,-0.43282389640808105,0.9824106693267822,0.4243898391723633,0.508143424987793,0.09459049999713898,0.4033445715904236,0.5175765752792358,0.8637886643409729,-0.22360746562480927,0.946241557598114,0.47339996695518494,0.7190679907798767,0.26922231912612915,0.5236998796463013,0.5449807643890381,0.9050544500350952,-0.20031225681304932,0.8995236754417419,0.49296241998672485,0.7364546656608582,0.285831093788147,0.5832390785217285,0.45939111709594727,0.9334955811500549,-0.2603994607925415,0.9445740580558777,0.4134499430656433,0.7799950242042542,0.25804072618484497,0.669077455997467
down,0.39848554134368896,0.13506430387496948,-0.15631183981895447,0.9999319911003113,0.4126271605491638,0.11239920556545258,-0.17639094591140747,0.9999620914459229,0.41671913862228394,0.11299970746040344,-0.17644625902175903,0.9999698996543884,0.42122501134872437,0.11340221762657166,-0.17656224966049194,0.9999659061431885,0.40679043531417847,0.11086532473564148,-0.13000164926052094,0.9999344944953918,0.40680384635925293,0.11020763963460922,-0.13009582459926605,0.9999465942382812,0.4071236252784729,0.10918529331684113,-0.13004712760448456,0.9999404549598694,0.4421260952949524,0.12900295853614807,-0.2068299502134323,0.9999613761901855,0.4294878840446472,0.12269964069128036,-0.004686442203819752,0.99993497133255,0.4089968800544739,0.16467349231243134,-0.16778245568275452,0.9999576807022095,0.4025854170322418,0.16237233579158783,-0.10927679389715195,0.9999415278434753,0.480093777179718,0.3162967562675476,-0.29174429178237915,0.9998492002487183,0.42341503500938416,0.28037410974502563,0.12234178930521011,0.9993674159049988,0.4194069802761078,0.5292036533355713,-0.2793925702571869,0.9648857116699219,0.3786536157131195,0.4209800362586975,0.08385451138019562,0.23853832483291626,0.33922532200813293,0.41253089904785156,-0.13947488367557526,0.9776901006698608,0.3357793092727661,0.39960968494415283,-0.11469487845897675,0.4067317843437195,0.3131321966648102,0.3897048830986023,-0.1730721890926361,0.966431736946106,0.30384117364883423,0.365967333316803,-0.1302454173564911,0.3921082317829132,0.32510828971862793,0.37274983525276184,-0.17387554049491882,0.9659370183944702,0.3284183740615845,0.3640441596508026,-0.14928099513053894,0.4122527837753296,0.33944472670555115,0.37865206599235535,-0.1368243247270584,0.9506732821464539,0.34702005982398987,0.37530699372291565,-0.12984207272529602,0.41533246636390686,0.5754207968711853,0.6061978936195374,-0.10937096178531647,0.9999749660491943,0.5209566354751587,0.5662096738815308,0.10950002819299698,0.9999156594276428,0.4611222743988037,0.5909740924835205,-0.4302063584327698,0.9822460412979126,0.42411452531814575,0.5082655549049377,0.10216343402862549,0.3980652391910553,0.5175374150276184,0.8643108606338501,-0.2221691906452179,0.9438230395317078,0.47309422492980957,0.7192904949188232,0.27116578817367554,0.5210282802581787,0.5449362397193909,0.9052326679229736,-0.19893988966941833,0.8963059186935425,0.4922407567501068,0.7360143661499023,0.2874278426170349,0.5791090726852417,0.4592612385749817,0.9336808919906616,-0.25593259930610657,0.9427079558372498,0.4134127199649811,0.7799573540687561,0.26271146535873413,0.6675538420677185
down,0.3979589343070984,0.13691702485084534,-0.12819986045360565,0.9999296069145203,0.41183310747146606,0.11468628793954849,-0.14932169020175934,0.9999614953994751,0.4160030782222748,0.11514092236757278,-0.14938530325889587,0.9999693036079407,0.42025667428970337,0.11552540212869644,-0.14950162172317505,0.9999659061431885,0.40635862946510315,0.11287124454975128,-0.10281839221715927,0.9999324679374695,0.4065578877925873,0.11207020282745361,-0.10288574546575546,0.9999441504478455,0.4070338308811188,0.11091911792755127,-0.10283788293600082,0.9999378323554993,0.441220223903656,0.1294603943824768,-0.18588674068450928,0.9999592900276184,0.42949944734573364,0.12365079671144485,0.017287852242588997,0.9999293684959412,0.4086647033691406,0.16583114862442017,-0.1420517861843109,0.9999551773071289,0.40263158082962036,0.16355480253696442,-0.08318611979484558,0.9999359250068665,0.47957348823547363,0.3190855383872986,-0.2710602879524231,0.9998382329940796,0.4263180196285248,0.2815106213092804,0.13823401927947998,0.9992345571517944,0.41818299889564514,0.5295143723487854,-0.25266003608703613,0.9630380868911743,0.3780122697353363,0.43496620655059814,0.11690912395715714,0.2185227870941162,0.3388194739818573,0.413272887468338,-0.11682736873626709,0.9776124358177185,0.3349471092224121,0.40432459115982056,-0.052338432520627975,0.3835269510746002,0.3122812509536743,0.389559805393219,-0.14932389557361603,0.9666085243225098,0.30382007360458374,0.3710649311542511,-0.06424182653427124,0.37343525886535645,0.32503679394721985,0.37309345602989197,-0.1516866534948349,0.966106116771698,0.3273981511592865,0.3683892488479614,-0.08418746292591095,0.3941887617111206,0.33971571922302246,0.37949082255363464,-0.11518914997577667,0.9513536691665649,0.3432222008705139,0.38058552145957947,-0.06715178489685059,0.3977428376674652,0.5751619338989258,0.6095362901687622,-0.10943545401096344,0.9999755620956421,0.5230705142021179,0.5683107376098633,0.10957888513803482,0.9999114871025085,0.4557490944862366,0.5971174240112305,-0.42929807305336,0.9818326830863953,0.4160584509372711,0.5104725956916809,0.15391911566257477,0.3816022276878357,0.5174956917762756,0.863208532333374,-0.23376783728599548,0.9407804608345032,0.4726061224937439,0.7195296287536621,0.3160407543182373,0.5077009797096252,0.5443551540374756,0.9030281901359558,-0.2114412486553192,0.8952248692512512,0.4908149838447571,0.7355416417121887,0.33169060945510864,0.5689294338226318,0.4586622714996338,0.9290034174919128,-0.2629360258579254,0.9402740001678467,0.41324034333229065,0.7793872356414795,0.3150710463523865,0.6537877321243286
down,0.3967403471469879,0.1408941000699997,-0.10308237373828888,0.9999242424964905,0.41024985909461975,0.11974144726991653,-0.12400791794061661,0.9999584555625916,0.414508581161499,0.1200898140668869,-0.12407374382019043,0.9999666213989258,0.41881561279296875,0.1204073578119278,-0.12417439371347427,0.9999643564224243,0.405656635761261,0.11746440827846527,-0.0798233300447464,0.9999277591705322,0.40615516901016235,0.11646238714456558,-0.07986782491207123,0.9999394416809082,0.4068911671638489,0.11512938886880875,-0.0798269659280777,0.9999345541000366,0.4401591718196869,0.13287054002285004,-0.16182135045528412,0.9999516606330872,0.42960891127586365,0.12695583701133728,0.03138778358697891,0.9999193549156189,0.40761175751686096,0.1699303239583969,-0.11745854467153549,0.9999465346336365,0.4026121199131012,0.16696761548519135,-0.06146865338087082,0.9999205470085144,0.4793378412723541,0.32106220722198486,-0.24391981959342957,0.9998060464859009,0.4274422228336334,0.2822723686695099,0.1449059545993805,0.9990267753601074,0.4180305600166321,0.5295664668083191,-0.22388823330402374,0.9606060981750488,0.3827984929084778,0.4348730742931366,0.13786736130714417,0.2083204984664917,0.33869272470474243,0.41373294591903687,-0.09726370126008987,0.9778711795806885,0.33470427989959717,0.40663963556289673,-0.0026989851612597704,0.3764393627643585,0.31226783990859985,0.3893587291240692,-0.12776486575603485,0.9676410555839539,0.30414146184921265,0.37208446860313416,-0.013477233238518238,0.3690826892852783,0.32521936297416687,0.3731865882873535,-0.13215187191963196,0.967120349407196,0.3270971179008484,0.37041953206062317,-0.03308083862066269,0.39012837409973145,0.3401261568069458,0.379885733127594,-0.0968397706747055,0.9531992077827454,0.3414735198020935,0.3835099935531616,-0.01676168665289879,0.39310789108276367,0.5750999450683594,0.6118196845054626,-0.10659720003604889,0.999973475933075,0.5251962542533875,0.5708026885986328,0.1067860946059227,0.999897837638855,0.45073986053466797,0.6069084405899048,-0.39339306950569153,0.9826711416244507,0.4183935523033142,0.521257221698761,0.19199076294898987,0.37861141562461853,0.5166833400726318,0.8593581318855286,-0.23421719670295715,0.9433867335319519,0.4740257263183594,0.7244943976402283,0.3305765986442566,0.5204752087593079,0.5429261326789856,0.8967228531837463,-0.21457727253437042,0.9033793210983276,0.4980136752128601,0.7479658126831055,0.34363994002342224,0.5807048082351685,0.4580037593841553,0.9229563474655151,-0.2582715153694153,0.9433166980743408,0.41392797231674194,0.781704306602478,0.33796754479408264,0.6661098003387451
down,0.39668768644332886,0.13880912959575653,-0.10645218938589096,0.9999341368675232,0.41012245416641235,0.11725442856550217,-0.12756803631782532,0.9999632835388184,0.4143128991127014,0.11772840470075607,-0.1276281177997589,0.9999701976776123,0.41861692070961,0.11839699000120163,-0.12772461771965027,0.9999687075614929,0.4057281017303467,0.11509043723344803,-0.08185003697872162,0.9999372959136963,0.40627989172935486,0.1140614002943039,-0.08190576732158661,0.9999473094940186,0.40711650252342224,0.11281626671552658,-0.08185667544603348,0.9999442100524902,0.43983373045921326,0.13279935717582703,-0.16575327515602112,0.9999549984931946,0.4296743869781494,0.12601907551288605,0.03424675017595291,0.9999277591705322,0.40736523270606995,0.16869038343429565,-0.12113183736801147,0.999950110912323,0.4025605618953705,0.1651475727558136,-0.06325878202915192,0.9999264478683472,0.47856202721595764,0.3217684328556061,-0.2496550977230072,0.9998038411140442,0.42721500992774963,0.2830509841442108,0.15083706378936768,0.9990553855895996,0.41813144087791443,0.5298451781272888,-0.22614052891731262,0.9602319598197937,0.38339903950691223,0.4317764341831207,0.14132370054721832,0.21524055302143097,0.33910131454467773,0.41449666023254395,-0.08156095445156097,0.9789714217185974,0.3343343138694763,0.4064534902572632,-0.00752642098814249,0.3993315100669861,0.3127203583717346,0.38993364572525024,-0.1120987981557846,0.9694313406944275,0.3044270873069763,0.3734498620033264,-0.018093783408403397,0.389420747756958,0.32534417510032654,0.3737022280693054,-0.11652598530054092,0.9689628481864929,0.3260839283466339,0.37110984325408936,-0.038650158792734146,0.411449134349823,0.34052664041519165,0.3803879916667938,-0.08062741905450821,0.9558702111244202,0.3400614261627197,0.38375815749168396,-0.022195355966687202,0.41340380907058716,0.5749801397323608,0.6131959557533264,-0.10791876167058945,0.9999737739562988,0.5255012512207031,0.5718517899513245,0.10808499157428741,0.9998999238014221,0.4498635232448578,0.607307493686676,-0.39942628145217896,0.9846211075782776,0.4169657230377197,0.5230230093002319,0.1871187388896942,0.39872339367866516,0.5149685144424438,0.857002317905426,-0.22605399787425995,0.9496896266937256,0.47390690445899963,0.7273138165473938,0.33464881777763367,0.5656988620758057,0.5407780408859253,0.8935050368309021,-0.2061934471130371,0.9146934747695923,0.4921632409095764,0.7449971437454224,0.348605215549469,0.6172332167625427,0.45721492171287537,0.9222815632820129,-0.24837104976177216,0.9502572417259216,0.4109768271446228,0.782719075679779,0.3402736186981201,0.7052764892578125
down,0.3963778018951416,0.13597069680690765,-0.10256252437829971,0.9999436736106873,0.4098603129386902,0.1141957938671112,-0.12425816059112549,0.9999683499336243,0.4138045310974121,0.11467380821704865,-0.12431401014328003,0.9999740123748779,0.4179397523403168,0.11544280499219894,-0.12440411746501923,0.999972939491272,0.40574073791503906,0.11191940307617188,-0.07732466608285904,0.9999469518661499,0.4063514769077301,0.11079677939414978,-0.07737597823143005,0.9999551773071289,0.40725117921829224,0.10958608984947205,-0.07732541859149933,0.9999532103538513,0.4395952820777893,0.13148777186870575,-0.16537442803382874,0.9999602437019348,0.4297489523887634,0.12401442974805832,0.040322646498680115,0.9999370574951172,0.40661635994911194,0.1656845659017563,-0.11852631717920303,0.9999553561210632,0.4022499620914459,0.16192445158958435,-0.058968715369701385,0.9999352693557739,0.47815266251564026,0.3209512233734131,-0.25207680463790894,0.9998134970664978,0.42738908529281616,0.2827058434486389,0.15961769223213196,0.9991307854652405,0.4186622202396393,0.5294649600982666,-0.2237118035554886,0.9584510326385498,0.38010910153388977,0.4313678741455078,0.15650509297847748,0.21760939061641693,0.33983439207077026,0.4152314364910126,-0.074224092066288,0.9788920879364014,0.33468732237815857,0.4053080976009369,0.016132814809679985,0.415377676486969,0.3133399784564972,0.3916454315185547,-0.10408222675323486,0.9696306586265564,0.3054124712944031,0.3734050393104553,0.007587503641843796,0.40234705805778503,0.326079785823822,0.3765493929386139,-0.10884730517864227,0.9692292809486389,0.3272620737552643,0.3715484142303467,-0.013163204304873943,0.42484426498413086,0.3417327404022217,0.38303372263908386,-0.07322787493467331,0.9561206102371216,0.3443138599395752,0.3834574818611145,0.0016026385128498077,0.42521652579307556,0.5749262571334839,0.6131507158279419,-0.11201437562704086,0.9999761581420898,0.5257012248039246,0.5709732174873352,0.11219261586666107,0.9999093413352966,0.44999751448631287,0.6067648530006409,-0.4205682873725891,0.9862216114997864,0.41602009534835815,0.5212175250053406,0.20294396579265594,0.4155350625514984,0.5145875215530396,0.8571355938911438,-0.25878432393074036,0.9547026753425598,0.47336092591285706,0.7260004878044128,0.35086628794670105,0.5967628359794617,0.5403109192848206,0.8936511278152466,-0.24008043110370636,0.9229185581207275,0.49086302518844604,0.7412641644477844,0.3646145462989807,0.6420183777809143,0.4548787474632263,0.9224570989608765,-0.29005879163742065,0.955954372882843,0.4103541970252991,0.7828217148780823,0.3565811216831207,0.7313565611839294
down,0.39617276191711426,0.1359604448080063,-0.10255392640829086,0.9999406337738037,0.40939202904701233,0.11424105614423752,-0.1243240013718605,0.999966561794281,0.41324639320373535,0.11463797092437744,-0.12438169866800308,0.9999722838401794,0.4173252582550049,0.11535687744617462,-0.12447504699230194,0.9999716877937317,0.4055749773979187,0.11206632107496262,-0.0766984075307846,0.9999442100524902,0.4062802195549011,0.11092685163021088,-0.07674352824687958,0.9999524354934692,0.4072599411010742,0.10967753827571869,-0.07669369876384735,0.9999508261680603,0.43913763761520386,0.13134728372097015,-0.16742047667503357,0.9999574422836304,0.42970627546310425,0.123860664665699,0.043389514088630676,0.9999310970306396,0.4061514437198639,0.1654321849346161,-0.11872708797454834,0.9999532103538513,0.40209469199180603,0.1618354320526123,-0.05825260281562805,0.9999321699142456,0.4779360890388489,0.3202366232872009,-0.25916528701782227,0.9998171925544739,0.4275747239589691,0.28297680616378784,0.16449829936027527,0.9991105198860168,0.4189165532588959,0.5290367007255554,-0.22721043229103088,0.9559335708618164,0.3838811218738556,0.4337320923805237,0.17078007757663727,0.2083960473537445,0.3399803638458252,0.416864812374115,-0.07769840955734253,0.9779284596443176,0.33481624722480774,0.4070379137992859,0.03683207929134369,0.40488579869270325,0.31374478340148926,0.39362725615501404,-0.10860588401556015,0.9685633182525635,0.3063664138317108,0.3747803866863251,0.030080508440732956,0.39302176237106323,0.32623231410980225,0.37749573588371277,-0.11248134076595306,0.9681349992752075,0.3268098533153534,0.3717212975025177,0.007445991970598698,0.4160633385181427,0.34169715642929077,0.38381335139274597,-0.07657553255558014,0.9543865919113159,0.34130996465682983,0.38366836309432983,0.02163590118288994,0.4162222146987915,0.5750906467437744,0.6123695969581604,-0.11453105509281158,0.9999774098396301,0.5261777639389038,0.5707151889801025,0.11472191661596298,0.9999110102653503,0.4592626690864563,0.5906121134757996,-0.4447286128997803,0.9867171049118042,0.4159587323665619,0.5205783843994141,0.1929120123386383,0.41229572892189026,0.5144561529159546,0.8569335341453552,-0.26031750440597534,0.9543386697769165,0.47302547097206116,0.7242522239685059,0.3413274884223938,0.5946043729782104,0.540030837059021,0.8935145735740662,-0.2392035722732544,0.9220949411392212,0.49031227827072144,0.7396675944328308,0.355251282453537,0.6377593874931335,0.45391106605529785,0.9221227765083313,-0.28817233443260193,0.9561334252357483,0.4099026322364807,0.7821826338768005,0.342958927154541,0.7297618985176086
down,0.3955921530723572,0.13602450489997864,-0.11818301677703857,0.9999318718910217,0.4088515639305115,0.114296555519104,-0.13965751230716705,0.999961793422699,0.4126961827278137,0.11466846615076065,-0.13971248269081116,0.9999682307243347,0.4167768955230713,0.1153586357831955,-0.13982315361499786,0.9999675750732422,0.4051581025123596,0.11215075105428696,-0.09169067442417145,0.9999352693557739,0.4059198796749115,0.11101251095533371,-0.09174510836601257,0.9999450445175171,0.40696778893470764,0.10976347327232361,-0.09169058501720428,0.999943196773529,0.4386708736419678,0.1313198059797287,-0.17964555323123932,0.9999523758888245,0.4293383061885834,0.12385094910860062,0.030823897570371628,0.9999210238456726,0.4052906930446625,0.16547337174415588,-0.1334730088710785,0.9999479055404663,0.40148624777793884,0.16195963323116302,-0.07254569977521896,0.9999247193336487,0.47775572538375854,0.3200885057449341,-0.26820841431617737,0.9998183846473694,0.42500099539756775,0.2833526134490967,0.15327464044094086,0.9990859627723694,0.41897520422935486,0.5291985869407654,-0.240324467420578,0.9540581107139587,0.3837752938270569,0.43070703744888306,0.1489655077457428,0.2036285400390625,0.34000369906425476,0.4172455370426178,-0.0990971177816391,0.976711094379425,0.33467116951942444,0.40713992714881897,-0.000955505296587944,0.3957793712615967,0.31375861167907715,0.3939841091632843,-0.13239988684654236,0.9669694304466248,0.30486828088760376,0.3733077645301819,-0.00910373404622078,0.38527193665504456,0.32568445801734924,0.377554714679718,-0.13507887721061707,0.9664800763130188,0.32594043016433716,0.37091848254203796,-0.03123621642589569,0.4083695411682129,0.3406805694103241,0.3837200701236725,-0.09761752933263779,0.9519580006599426,0.340188205242157,0.3832448720932007,-0.016152653843164444,0.40901628136634827,0.5751773118972778,0.6107627153396606,-0.1141090989112854,0.9999756813049316,0.5241973400115967,0.5705534815788269,0.11430090665817261,0.9999029040336609,0.46231287717819214,0.5875688195228577,-0.44209378957748413,0.9861041307449341,0.4158935546875,0.5199642777442932,0.16197457909584045,0.3982100188732147,0.5144668817520142,0.8584510684013367,-0.24614882469177246,0.9501883387565613,0.47310319542884827,0.7241376042366028,0.3152952790260315,0.5675637125968933,0.5401302576065063,0.8944336175918579,-0.2234707772731781,0.914284348487854,0.49068719148635864,0.7395551800727844,0.32977715134620667,0.6128837466239929,0.4541390538215637,0.9259029626846313,-0.27734047174453735,0.9516571164131165,0.4102242887020111,0.7821376323699951,0.31287169456481934,0.7043041586875916
down,0.3955095112323761,0.13608813285827637,-0.12822960317134857,0.999927282333374,0.40876489877700806,0.11434115469455719,-0.14956369996070862,0.999959409236908,0.4126076102256775,0.11469195783138275,-0.14961835741996765,0.9999664425849915,0.4167027473449707,0.11536091566085815,-0.14972898364067078,0.9999656677246094,0.40506958961486816,0.11221190541982651,-0.10226539522409439,0.9999300837516785,0.4058421552181244,0.11107263714075089,-0.10233394056558609,0.9999407529830933,0.4069066643714905,0.10981813818216324,-0.1022857204079628,0.9999383091926575,0.4387124180793762,0.1313011199235916,-0.18785932660102844,0.9999503493309021,0.42930421233177185,0.12382908910512924,0.019197901710867882,0.999916136264801,0.4052312970161438,0.1654929220676422,-0.14273878931999207,0.999945878982544,0.4014134407043457,0.1620476096868515,-0.0827644020318985,0.9999213218688965,0.47798997163772583,0.32002562284469604,-0.2729816436767578,0.9998189806938171,0.4246937334537506,0.2840255796909332,0.14068570733070374,0.999056875705719,0.4188957214355469,0.5293260216712952,-0.24872048199176788,0.9538714289665222,0.3822636604309082,0.4297437071800232,0.12759210169315338,0.2030715048313141,0.33981069922447205,0.4174952507019043,-0.11255590617656708,0.976563572883606,0.33440274000167847,0.40736502408981323,-0.03187848627567291,0.3890797197818756,0.3135215640068054,0.39437100291252136,-0.146218940615654,0.9667782187461853,0.304158478975296,0.37266990542411804,-0.04173768311738968,0.3793814182281494,0.3253173232078552,0.37805548310279846,-0.14832444489002228,0.9662817120552063,0.3257136642932892,0.3705139458179474,-0.06300915777683258,0.40219107270240784,0.3400166630744934,0.38443467020988464,-0.1108543649315834,0.9515755772590637,0.3400014340877533,0.3833935558795929,-0.04679182171821594,0.4032749831676483,0.5754899382591248,0.6101080775260925,-0.11269748210906982,0.9999743700027466,0.5238835215568542,0.5702165365219116,0.1128951758146286,0.9998961687088013,0.4622483253479004,0.587177574634552,-0.4343835413455963,0.985582709312439,0.41588473320007324,0.5187110304832458,0.15961550176143646,0.39113685488700867,0.5149261951446533,0.8598936200141907,-0.23743002116680145,0.948015570640564,0.47412991523742676,0.7234816551208496,0.3207189738750458,0.5500895380973816,0.5403217077255249,0.8962554931640625,-0.2151823490858078,0.9101724028587341,0.49545496702194214,0.7405965924263,0.33626294136047363,0.5980775952339172,0.45424193143844604,0.9283408522605896,-0.26927050948143005,0.948810338973999,0.41166406869888306,0.7822701930999756,0.31889426708221436,0.6865345239639282
down,0.3957207202911377,0.13613097369670868,-0.12996487319469452,0.9999216794967651,0.40889567136764526,0.11425837129354477,-0.15124544501304626,0.9999563097953796,0.4127466082572937,0.11456604301929474,-0.15130817890167236,0.9999641180038452,0.41686949133872986,0.11518663913011551,-0.15142115950584412,0.9999630451202393,0.40510910749435425,0.11219937354326248,-0.10425728559494019,0.9999241828918457,0.4058668613433838,0.11105512827634811,-0.1043221727013588,0.9999362230300903,0.4069218039512634,0.10978768765926361,-0.1042809709906578,0.9999331831932068,0.43909162282943726,0.13075478374958038,-0.18996044993400574,0.9999470710754395,0.4293803572654724,0.12337765097618103,0.015638073906302452,0.9999117255210876,0.405543714761734,0.16521631181240082,-0.1446762979030609,0.9999424815177917,0.4015044569969177,0.16197162866592407,-0.0850851759314537,0.9999156594276428,0.4781472086906433,0.3189687430858612,-0.2743038237094879,0.9998095631599426,0.42552652955055237,0.2833140790462494,0.1366361379623413,0.9990113377571106,0.4189448952674866,0.529569149017334,-0.24937346577644348,0.9537022709846497,0.3821289539337158,0.4289897382259369,0.1327362209558487,0.20247261226177216,0.3396766185760498,0.4179594814777374,-0.11098819971084595,0.9761731028556824,0.3344346880912781,0.407919317483902,-0.010953274555504322,0.38109081983566284,0.3132357597351074,0.3953280448913574,-0.1430223137140274,0.9662737846374512,0.3046622574329376,0.3747994601726532,-0.01907956413924694,0.3725486397743225,0.324837863445282,0.37945568561553955,-0.14569804072380066,0.9657562375068665,0.3258497416973114,0.37081077694892883,-0.04123470187187195,0.39539697766304016,0.3393923044204712,0.38624194264411926,-0.10940121114253998,0.9509194493293762,0.3401884138584137,0.3841088116168976,-0.0260311271995306,0.3973691165447235,0.5759920477867126,0.6096364855766296,-0.1111932247877121,0.9999719858169556,0.5245217680931091,0.5690291523933411,0.11138302087783813,0.999887228012085,0.4627169668674469,0.5878207683563232,-0.42845281958580017,0.9844412803649902,0.4154506325721741,0.5158925652503967,0.15587680041790009,0.3860653042793274,0.5151876211166382,0.8611660599708557,-0.23160120844841003,0.944028377532959,0.4744475781917572,0.7218320369720459,0.3122503459453583,0.5321789979934692,0.5404298901557922,0.8978738784790039,-0.2094811201095581,0.904521107673645,0.49654120206832886,0.7396272420883179,0.32721516489982605,0.5845363140106201,0.45439237356185913,0.9292891621589661,-0.2611972689628601,0.9445474147796631,0.41212016344070435,0.7815309166908264,0.31272196769714355,0.670160174369812
down,0.3957492709159851,0.13609249889850616,-0.1267196238040924,0.9999136924743652,0.4088440537452698,0.1141783818602562,-0.14721572399139404,0.999951958656311,0.4127122759819031,0.11441591382026672,-0.14727923274040222,0.9999607801437378,0.4168489873409271,0.1149672418832779,-0.14739051461219788,0.9999594688415527,0.40497270226478577,0.11220412701368332,-0.10101653635501862,0.9999161958694458,0.40568605065345764,0.11105149239301682,-0.1010841503739357,0.9999299645423889,0.4067048132419586,0.1097695380449295,-0.10104341804981232,0.9999264478683472,0.4390968680381775,0.1300085186958313,-0.18394413590431213,0.9999423623085022,0.4292141795158386,0.12287697196006775,0.01830991916358471,0.9999054074287415,0.40585750341415405,0.16490979492664337,-0.14065803587436676,0.9999378323554993,0.4015945792198181,0.16182659566402435,-0.08215059340000153,0.9999083876609802,0.4785483479499817,0.3181647062301636,-0.2694219648838043,0.999800443649292,0.42663708329200745,0.2813222408294678,0.13801468908786774,0.9989381432533264,0.4196351170539856,0.5297242999076843,-0.24768829345703125,0.9526057839393616,0.3818947672843933,0.42820852994918823,0.12563954293727875,0.19338306784629822,0.33975666761398315,0.4178319275379181,-0.11374618858098984,0.9750203490257263,0.3348143398761749,0.40766486525535583,-0.03447287529706955,0.35962849855422974,0.31362050771713257,0.3956966698169708,-0.14599329233169556,0.9648388624191284,0.3056192994117737,0.37536630034446716,-0.04490746185183525,0.35343894362449646,0.32485467195510864,0.37976348400115967,-0.1475776582956314,0.9643014073371887,0.32678642868995667,0.37130051851272583,-0.0656626895070076,0.3755146861076355,0.33934688568115234,0.3865140378475189,-0.11182969808578491,0.9491086602210999,0.3431370258331299,0.3843163251876831,-0.04938803240656853,0.3789786100387573,0.5760801434516907,0.6093147397041321,-0.10984368622303009,0.9999688267707825,0.5243927240371704,0.5680906176567078,0.11002905666828156,0.9998736381530762,0.45922303199768066,0.5950941443443298,-0.41836556792259216,0.9834423661231995,0.4175683856010437,0.5100215077400208,0.133175790309906,0.38033542037010193,0.5152344703674316,0.8619276285171509,-0.22539165616035461,0.9419223666191101,0.4734250009059906,0.7217965722084045,0.28055915236473083,0.5175561308860779,0.5403317213058472,0.8984853029251099,-0.2037159651517868,0.900822639465332,0.49132218956947327,0.7383609414100647,0.29474008083343506,0.5758544206619263,0.4544617235660553,0.9296376705169678,-0.25686758756637573,0.9415020942687988,0.4115580916404724,0.7810811996459961,0.27629420161247253,0.657424807548523
down,0.3956618010997772,0.13543404638767242,-0.15098442137241364,0.9999154806137085,0.40876254439353943,0.11357570439577103,-0.17139072716236115,0.9999529123306274,0.4126906394958496,0.11369959264993668,-0.17143310606479645,0.999961793422699,0.41685837507247925,0.11414572596549988,-0.17153584957122803,0.9999599456787109,0.4046965539455414,0.11171155422925949,-0.1254218965768814,0.9999179840087891,0.4053265154361725,0.11055074632167816,-0.1255204826593399,0.9999322891235352,0.40626874566078186,0.10927681624889374,-0.12547031044960022,0.9999282956123352,0.43909233808517456,0.12888647615909576,-0.20316341519355774,0.9999457001686096,0.42872053384780884,0.12202920764684677,-0.00272956071421504,0.9999118447303772,0.4058971405029297,0.16406051814556122,-0.1630134880542755,0.9999410510063171,0.40152445435523987,0.16100719571113586,-0.10496236383914948,0.9999146461486816,0.47962236404418945,0.3182078003883362,-0.284639447927475,0.9998111724853516,0.4258747696876526,0.2811791002750397,0.11917506158351898,0.999035656452179,0.42051905393600464,0.530206024646759,-0.26575368642807007,0.9553720951080322,0.37801751494407654,0.4270097017288208,0.07460629940032959,0.19919322431087494,0.33982715010643005,0.41733720898628235,-0.13097454607486725,0.975410521030426,0.3339063227176666,0.40572479367256165,-0.1259004771709442,0.3568681478500366,0.31355270743370056,0.3954707384109497,-0.16434849798679352,0.9649577736854553,0.3046729266643524,0.37211260199546814,-0.1427498757839203,0.3496456444263458,0.32431894540786743,0.379047691822052,-0.16631868481636047,0.9643795490264893,0.3265205919742584,0.3694506883621216,-0.15982207655906677,0.3704946041107178,0.33858662843704224,0.38556191325187683,-0.12910446524620056,0.949041485786438,0.3424796462059021,0.38166409730911255,-0.1402021050453186,0.3744734525680542,0.5759825706481934,0.6089297533035278,-0.10873253643512726,0.9999675154685974,0.5220564603805542,0.567722499370575,0.1088910698890686,0.9998762011528015,0.46178102493286133,0.591259241104126,-0.41977953910827637,0.9831418395042419,0.41887012124061584,0.5000505447387695,0.08690092712640762,0.38936227560043335,0.5156046152114868,0.86248779296875,-0.2255323827266693,0.9412050843238831,0.47236713767051697,0.7209634780883789,0.2317698895931244,0.5161028504371643,0.5406874418258667,0.8993186354637146,-0.20386815071105957,0.8977990746498108,0.49017611145973206,0.7365921139717102,0.2456938475370407,0.5770543813705444,0.4550166726112366,0.9307781457901001,-0.2612643837928772,0.9397022128105164,0.4098186492919922,0.7797163128852844,0.2206995189189911,0.6571484208106995
down,0.39517396688461304,0.13635079562664032,-0.14614589512348175,0.9999242424964905,0.4083893895149231,0.11423300951719284,-0.1672094762325287,0.9999579787254333,0.4124431610107422,0.11428841203451157,-0.16725215315818787,0.9999662041664124,0.4167397916316986,0.11465354263782501,-0.16734562814235687,0.9999641180038452,0.4041227698326111,0.11236914247274399,-0.12181993573904037,0.999927818775177,0.4046879708766937,0.11121052503585815,-0.12190964072942734,0.9999408721923828,0.4055820405483246,0.10988771915435791,-0.12186012417078018,0.9999369978904724,0.4391375482082367,0.12936826050281525,-0.2008594274520874,0.9999538660049438,0.42829084396362305,0.12241949141025543,-0.00240803649649024,0.9999257326126099,0.4056052565574646,0.16534355282783508,-0.15859529376029968,0.999949038028717,0.40112894773483276,0.16237282752990723,-0.1015966534614563,0.9999280571937561,0.47972792387008667,0.31782400608062744,-0.28176289796829224,0.999832808971405,0.42246073484420776,0.28124475479125977,0.1194380670785904,0.9991915822029114,0.42068544030189514,0.5296067595481873,-0.25478705763816833,0.9586310386657715,0.375558078289032,0.42574071884155273,0.08965415507555008,0.22420665621757507,0.34014084935188293,0.4153960049152374,-0.10867832601070404,0.9761818051338196,0.3325268626213074,0.401578426361084,-0.08788952976465225,0.38092726469039917,0.3146592378616333,0.3927619457244873,-0.1390542834997177,0.9655821323394775,0.3050207197666168,0.36851805448532104,-0.10234447568655014,0.36904051899909973,0.3259499669075012,0.37644124031066895,-0.1435757428407669,0.9649788737297058,0.328673392534256,0.3677411675453186,-0.11828665435314178,0.38894006609916687,0.34015899896621704,0.383024126291275,-0.10744015872478485,0.950046956539154,0.34388697147369385,0.3773474097251892,-0.10122621059417725,0.3912307024002075,0.5754258632659912,0.6087577939033508,-0.1055288165807724,0.9999679327011108,0.5194700956344604,0.5676447749137878,0.10567502677440643,0.9998852610588074,0.4662844240665436,0.5881370306015015,-0.4221495985984802,0.9833742380142212,0.4199351370334625,0.4986441731452942,0.07783764600753784,0.409210741519928,0.5159158706665039,0.8625615239143372,-0.23819367587566376,0.9420029520988464,0.47235798835754395,0.7198920249938965,0.21056433022022247,0.5250932574272156,0.5407983660697937,0.9002794027328491,-0.21805691719055176,0.8982467651367188,0.49031519889831543,0.7352530360221863,0.22304952144622803,0.5880899429321289,0.45506978034973145,0.9296460747718811,-0.27766382694244385,0.940253734588623,0.4095795750617981,0.7784321904182434,0.19781093299388885,0.6672093868255615
down,0.39525067806243896,0.1370944231748581,-0.13099953532218933,0.9999244213104248,0.4089437425136566,0.11520712822675705,-0.15156523883342743,0.9999579191207886,0.41323572397232056,0.11555513739585876,-0.15161000192165375,0.9999658465385437,0.41768932342529297,0.1161419153213501,-0.15169741213321686,0.999963641166687,0.4043973386287689,0.11308117210865021,-0.105937659740448,0.999928891658783,0.4050135612487793,0.11193017661571503,-0.10601407289505005,0.9999412298202515,0.40594902634620667,0.11052568256855011,-0.10596831142902374,0.9999374151229858,0.4399595260620117,0.1307269185781479,-0.18586693704128265,0.9999544620513916,0.4295431971549988,0.12323351949453354,0.013402228243649006,0.9999278783798218,0.4059024751186371,0.1662135273218155,-0.143849179148674,0.9999488592147827,0.4010898470878601,0.16320118308067322,-0.08617078512907028,0.9999305009841919,0.4795299470424652,0.3145409822463989,-0.2744287848472595,0.9998360276222229,0.42175012826919556,0.27742037177085876,0.13632425665855408,0.999247133731842,0.42119163274765015,0.5266099572181702,-0.2555043399333954,0.9580091834068298,0.37398797273635864,0.41839399933815,0.11379353702068329,0.23898641765117645,0.3400413393974304,0.4120196998119354,-0.117476686835289,0.9762482047080994,0.329795777797699,0.39736175537109375,-0.05832511931657791,0.40382036566734314,0.3139011859893799,0.3890441954135895,-0.1506117284297943,0.9656620621681213,0.30334872007369995,0.3658677935600281,-0.07003647089004517,0.38825953006744385,0.325623095035553,0.3725060224533081,-0.1530415415763855,0.9650585055351257,0.32916969060897827,0.364976167678833,-0.08917893469333649,0.4076348841190338,0.3396614193916321,0.37921252846717834,-0.11596337705850601,0.9501270055770874,0.3431146442890167,0.37418848276138306,-0.07281666994094849,0.4091775119304657,0.5753564834594727,0.6080164313316345,-0.10768655687570572,0.9999664425849915,0.5187913775444031,0.5664641261100769,0.10781673341989517,0.9998846054077148,0.4677123427391052,0.5765323042869568,-0.42479366064071655,0.9831387400627136,0.42258328199386597,0.49893027544021606,0.10708699375391006,0.4170076549053192,0.5156719088554382,0.860874354839325,-0.24820666015148163,0.944247841835022,0.4723246097564697,0.719997227191925,0.24814650416374207,0.5312616229057312,0.5405176877975464,0.9004404544830322,-0.22926247119903564,0.9009782671928406,0.49034982919692993,0.7354376316070557,0.26113274693489075,0.5976608395576477,0.45512232184410095,0.926106333732605,-0.29462432861328125,0.9422171711921692,0.4091354012489319,0.7786672711372375,0.23423103988170624,0.6735823154449463
down,0.39637142419815063,0.13722281157970428,-0.12659837305545807,0.9999203681945801,0.40994805097579956,0.1155419871211052,-0.14707565307617188,0.9999553561210632,0.4142443537712097,0.11599370092153549,-0.14712363481521606,0.9999635219573975,0.4186526834964752,0.11661552637815475,-0.14721588790416718,0.9999611973762512,0.40523046255111694,0.11336851119995117,-0.10132698714733124,0.9999248385429382,0.4058310389518738,0.11224256455898285,-0.10140252113342285,0.9999372959136963,0.4067254662513733,0.1108216792345047,-0.1013607531785965,0.9999334812164307,0.44047999382019043,0.1311899572610855,-0.18146972358226776,0.9999513626098633,0.43045562505722046,0.12349771708250046,0.0185953751206398,0.9999221563339233,0.40736493468284607,0.16604839265346527,-0.1394859254360199,0.9999441504478455,0.40209561586380005,0.16323043406009674,-0.08165392279624939,0.9999251365661621,0.47934484481811523,0.31356215476989746,-0.2715286612510681,0.9998282790184021,0.423306941986084,0.2766258120536804,0.14332672953605652,0.999221682548523,0.4215599596500397,0.5255332589149475,-0.2553400695323944,0.9555172324180603,0.37497755885124207,0.41701263189315796,0.12055651843547821,0.2374918907880783,0.3395743668079376,0.41149288415908813,-0.11886347830295563,0.9753292798995972,0.32998114824295044,0.39782124757766724,-0.05770149827003479,0.40945965051651,0.3134327530860901,0.38977593183517456,-0.1509077399969101,0.9645889401435852,0.3040247857570648,0.36787939071655273,-0.07013489305973053,0.3929210305213928,0.3246605694293976,0.3717198967933655,-0.15213128924369812,0.9639677405357361,0.32802990078926086,0.3649962842464447,-0.08901519328355789,0.4122374653816223,0.3381797671318054,0.3782302737236023,-0.11657120287418365,0.9485937356948853,0.3431936502456665,0.37287840247154236,-0.07248763740062714,0.41387346386909485,0.5753453969955444,0.608166515827179,-0.11005999892950058,0.9999661445617676,0.5189447999000549,0.5661436915397644,0.11017119884490967,0.9998825788497925,0.46130919456481934,0.5813436508178711,-0.4253140389919281,0.9825415015220642,0.42426109313964844,0.501129150390625,0.11985204368829727,0.4092811346054077,0.5163536667823792,0.8600587844848633,-0.2479431927204132,0.945559024810791,0.472755491733551,0.7199873924255371,0.26409417390823364,0.5284742712974548,0.5411245822906494,0.9014384150505066,-0.2285265177488327,0.9013811945915222,0.4915134906768799,0.7348909378051758,0.27757528424263,0.5967334508895874,0.45523494482040405,0.9249060153961182,-0.2914580702781677,0.9434930682182312,0.4098304212093353,0.7798795104026794,0.25337404012680054,0.6713371276855469
down,0.3982827663421631,0.13727328181266785,-0.14516499638557434,0.9999186992645264,0.4120800495147705,0.1157083585858345,-0.16533008217811584,0.9999542236328125,0.4164333939552307,0.11617058515548706,-0.1653783917427063,0.9999623894691467,0.4208829998970032,0.11676505208015442,-0.16548213362693787,0.9999598264694214,0.40694695711135864,0.11371798813343048,-0.11940787732601166,0.9999228715896606,0.4074889123439789,0.11272251605987549,-0.11949674785137177,0.9999353885650635,0.4083253741264343,0.1114126518368721,-0.11945494264364243,0.9999314546585083,0.4417327344417572,0.13122296333312988,-0.19606004655361176,0.9999497532844543,0.4313197731971741,0.12394262850284576,0.004370260983705521,0.9999182820320129,0.4096401631832123,0.1660461723804474,-0.15652427077293396,0.9999414682388306,0.4037097990512848,0.16340848803520203,-0.0985804945230484,0.9999213218688965,0.4797030985355377,0.31363698840141296,-0.28450366854667664,0.9998236298561096,0.42335495352745056,0.2768659293651581,0.13573239743709564,0.9992189407348633,0.42151904106140137,0.5255569219589233,-0.2755236029624939,0.9544839859008789,0.37503549456596375,0.4168841540813446,0.10508473962545395,0.2377525120973587,0.3389860987663269,0.4115012288093567,-0.14433398842811584,0.9748120903968811,0.33000627160072327,0.39741790294647217,-0.0858025997877121,0.41819822788238525,0.3131430447101593,0.39126133918762207,-0.17854604125022888,0.9637846946716309,0.30438005924224854,0.368887335062027,-0.09919256716966629,0.40017279982566833,0.32421940565109253,0.3717344105243683,-0.17710678279399872,0.9631483554840088,0.32647737860679626,0.3645448088645935,-0.11848107725381851,0.41945192217826843,0.33743545413017273,0.3781694173812866,-0.14105314016342163,0.9471719861030579,0.33832037448883057,0.3717059791088104,-0.10096033662557602,0.4204118549823761,0.5746773481369019,0.60984206199646,-0.11260293424129486,0.9999678730964661,0.5183519124984741,0.5664075613021851,0.11268143355846405,0.9998883605003357,0.4619618356227875,0.577382504940033,-0.42535361647605896,0.9819738864898682,0.42442917823791504,0.5051159262657166,0.13531318306922913,0.4003310799598694,0.5173500180244446,0.8608962297439575,-0.2446158230304718,0.9473830461502075,0.4744473397731781,0.720102846622467,0.3030908703804016,0.5270765423774719,0.5421754121780396,0.9029127359390259,-0.22469422221183777,0.9025321006774902,0.49459561705589294,0.734803318977356,0.3193313479423523,0.5953683257102966,0.4573191702365875,0.9271759986877441,-0.28870826959609985,0.9455825090408325,0.410562664270401,0.7799624800682068,0.29801657795906067,0.669356107711792
down,0.39847424626350403,0.13722319900989532,-0.17354877293109894,0.9999227523803711,0.412508487701416,0.11568517982959747,-0.19373251497745514,0.9999560713768005,0.4169807434082031,0.11613604426383972,-0.19377179443836212,0.9999641180038452,0.4214940071105957,0.1167149543762207,-0.19388505816459656,0.9999610781669617,0.4069249629974365,0.11384636908769608,-0.14817459881305695,0.9999258518218994,0.407318651676178,0.11291037499904633,-0.14828592538833618,0.9999380707740784,0.4080187678337097,0.11165876686573029,-0.14824627339839935,0.9999335408210754,0.4424319863319397,0.13119149208068848,-0.22051158547401428,0.9999521374702454,0.4313034415245056,0.12426070123910904,-0.02218623086810112,0.9999213218688965,0.4100862443447113,0.16595925390720367,-0.18301914632320404,0.9999440908432007,0.40390926599502563,0.16357944905757904,-0.12565597891807556,0.9999243021011353,0.48051363229751587,0.3138732314109802,-0.301008939743042,0.9998241662979126,0.42252975702285767,0.27872997522354126,0.10899176448583603,0.9992662668228149,0.4213983416557312,0.5263856053352356,-0.29564255475997925,0.9572104215621948,0.3743591606616974,0.41621798276901245,0.058926790952682495,0.25184333324432373,0.3386634290218353,0.4115683138370514,-0.16466353833675385,0.975740909576416,0.3299652934074402,0.39755862951278687,-0.16089287400245667,0.43794119358062744,0.3129507899284363,0.39167922735214233,-0.19916510581970215,0.964520275592804,0.3043784499168396,0.3690936267375946,-0.17973342537879944,0.4180215299129486,0.32371848821640015,0.371236115694046,-0.19803158938884735,0.9638652801513672,0.3242039382457733,0.3627434968948364,-0.19742701947689056,0.43731310963630676,0.3367502689361572,0.3776915371417999,-0.1613433063030243,0.94776451587677,0.33529195189476013,0.37140023708343506,-0.17600129544734955,0.4381789565086365,0.5740328431129456,0.610754668712616,-0.11188948154449463,0.9999681115150452,0.5175901055335999,0.567113995552063,0.11196805536746979,0.9998917579650879,0.4572492241859436,0.5836837291717529,-0.4197559952735901,0.9812974333763123,0.42202192544937134,0.5056225061416626,0.10873346030712128,0.39616474509239197,0.5173296928405762,0.8627133965492249,-0.23488155007362366,0.9487258195877075,0.4743064045906067,0.7200157046318054,0.28711041808128357,0.5247136354446411,0.5423763990402222,0.9039049744606018,-0.21423283219337463,0.9029623866081238,0.494831383228302,0.7365829348564148,0.30429738759994507,0.594539999961853,0.4584822654724121,0.9354892373085022,-0.278781920671463,0.9470652341842651,0.4107418656349182,0.7787179946899414,0.279326856136322,0.6683927178382874
down,0.3987433612346649,0.13826768100261688,-0.16615533828735352,0.999920666217804,0.4125974774360657,0.1163129135966301,-0.1865379959344864,0.9999540448188782,0.4170975685119629,0.11672436445951462,-0.186577707529068,0.9999626874923706,0.4215916097164154,0.11721251904964447,-0.18668422102928162,0.9999591112136841,0.4069036543369293,0.11453299224376678,-0.14054691791534424,0.999922513961792,0.4072508215904236,0.11358559876680374,-0.1406489461660385,0.9999354481697083,0.40791207551956177,0.11227017641067505,-0.1406071037054062,0.9999302625656128,0.44250112771987915,0.13133756816387177,-0.21605229377746582,0.9999493360519409,0.43123334646224976,0.12471344321966171,-0.016544410958886147,0.9999176263809204,0.410365492105484,0.16661041975021362,-0.17690126597881317,0.9999417662620544,0.4041132926940918,0.16447021067142487,-0.11888384819030762,0.9999206066131592,0.4806552529335022,0.3137524425983429,-0.2973061501979828,0.9998138546943665,0.42253589630126953,0.27952563762664795,0.11201665550470352,0.9992691874504089,0.4215008318424225,0.5265617370605469,-0.2908433973789215,0.9589759111404419,0.3744908571243286,0.41598019003868103,0.0730266273021698,0.2673436999320984,0.3386169672012329,0.41177913546562195,-0.15871158242225647,0.9764800071716309,0.3299638628959656,0.39819082617759705,-0.11433885991573334,0.4555249810218811,0.31290262937545776,0.39177361130714417,-0.19302596151828766,0.9651728868484497,0.30450916290283203,0.36916080117225647,-0.1293691098690033,0.43359139561653137,0.323588103055954,0.3709672689437866,-0.19266971945762634,0.964521586894989,0.3235657811164856,0.36200645565986633,-0.14924968779087067,0.45321086049079895,0.33668285608291626,0.377577006816864,-0.15591518580913544,0.9485964775085449,0.33488360047340393,0.3713409900665283,-0.12947285175323486,0.45388302206993103,0.5739463567733765,0.6109179854393005,-0.11005624383687973,0.9999657869338989,0.5182472467422485,0.5672929286956787,0.11014536768198013,0.9998859167098999,0.45448294281959534,0.5880460143089294,-0.41162294149398804,0.9810233116149902,0.42194876074790955,0.506047248840332,0.1196727603673935,0.397845059633255,0.5170691013336182,0.8637741804122925,-0.226543590426445,0.9484119415283203,0.4742049276828766,0.7198600172996521,0.28883886337280273,0.525118887424469,0.5422540307044983,0.9041332602500916,-0.20617441833019257,0.9029056429862976,0.4950900971889496,0.7348701357841492,0.30522018671035767,0.5945166349411011,0.4585086703300476,0.9362650513648987,-0.26593017578125,0.9468846321105957,0.41149044036865234,0.7793623208999634,0.2828390896320343,0.6680812835693359
down,0.3991263508796692,0.140342578291893,-0.1379559189081192,0.9999125599861145,0.41247597336769104,0.11908046901226044,-0.1597822606563568,0.9999487996101379,0.41684311628341675,0.11968183517456055,-0.1598222851753235,0.999958336353302,0.42128247022628784,0.12016314268112183,-0.15991297364234924,0.9999544620513916,0.4071817994117737,0.11708462983369827,-0.11349712312221527,0.9999141693115234,0.4076457917690277,0.11621838808059692,-0.11357961595058441,0.9999281167984009,0.4084276258945465,0.11498747766017914,-0.11354629695415497,0.9999229907989502,0.4424811899662018,0.13374997675418854,-0.19611215591430664,0.9999416470527649,0.43176841735839844,0.12694211304187775,0.005969614256173372,0.9999073147773743,0.41073116660118103,0.16927820444107056,-0.15119031071662903,0.9999333024024963,0.404573917388916,0.1675339937210083,-0.09264644235372543,0.9999085068702698,0.48053377866744995,0.3138206899166107,-0.28337106108665466,0.9997942447662354,0.42263054847717285,0.2797340750694275,0.13105136156082153,0.9992237687110901,0.42103132605552673,0.5267903804779053,-0.26877689361572266,0.9574443697929382,0.3746516704559326,0.4161803722381592,0.10805748403072357,0.27994289994239807,0.33869391679763794,0.41206789016723633,-0.13298867642879486,0.9762032628059387,0.3299197852611542,0.3981250822544098,-0.07485589385032654,0.4756830632686615,0.3129447102546692,0.3919388949871063,-0.16638624668121338,0.9650217294692993,0.3042922914028168,0.3689132332801819,-0.08841340243816376,0.45237118005752563,0.3235756754875183,0.3709966540336609,-0.1687845140695572,0.9644184112548828,0.3230948746204376,0.3617503345012665,-0.10855325311422348,0.4725382328033447,0.33695167303085327,0.37760090827941895,-0.13124622404575348,0.948542594909668,0.3346831202507019,0.371297150850296,-0.0900578647851944,0.47278526425361633,0.5736733675003052,0.611422061920166,-0.1119905486702919,0.9999628067016602,0.518757700920105,0.5678761601448059,0.11208196729421616,0.9998781681060791,0.4543471932411194,0.583191454410553,-0.4115498661994934,0.980786144733429,0.42183414101600647,0.510006844997406,0.1421152502298355,0.39626777172088623,0.5170043706893921,0.8645274043083191,-0.23271898925304413,0.9477748274803162,0.4743034839630127,0.7203118205070496,0.30159634351730347,0.519466757774353,0.5422031283378601,0.9046892523765564,-0.21330086886882782,0.9027144312858582,0.49531450867652893,0.7350207567214966,0.31673097610473633,0.5903016924858093,0.4583149552345276,0.936959981918335,-0.27129000425338745,0.9460143446922302,0.4117927551269531,0.7815961241722107,0.2980579733848572,0.6611757278442383
down,0.3981350064277649,0.14258697628974915,-0.14222173392772675,0.9999192953109741,0.4105605185031891,0.12090890854597092,-0.16346678137779236,0.9999536275863647,0.4148639142513275,0.12148042023181915,-0.16351015865802765,0.9999620318412781,0.41942936182022095,0.12200445681810379,-0.1636076420545578,0.9999585747718811,0.4057515561580658,0.11904352903366089,-0.1175965666770935,0.9999232292175293,0.4063735604286194,0.11812420189380646,-0.11768297851085663,0.9999352097511292,0.40732502937316895,0.11685266345739365,-0.11764677613973618,0.9999304413795471,0.44149428606033325,0.13561594486236572,-0.199550062417984,0.9999473690986633,0.4312521815299988,0.1285526007413864,0.0023186281323432922,0.9999153017997742,0.41017746925354004,0.17231781780719757,-0.15468041598796844,0.9999395608901978,0.40429314970970154,0.17044690251350403,-0.09658412635326385,0.9999157190322876,0.48016637563705444,0.31546229124069214,-0.2849249243736267,0.9997949600219727,0.42459410429000854,0.2802888751029968,0.1272522509098053,0.9992606043815613,0.42007938027381897,0.5275478959083557,-0.26967349648475647,0.9585987329483032,0.37417957186698914,0.41961365938186646,0.07795985043048859,0.2936263084411621,0.3387974798679352,0.4138047397136688,-0.1272975653409958,0.976010262966156,0.3297516703605652,0.39845484495162964,-0.13298390805721283,0.4927924573421478,0.31284868717193604,0.39239388704299927,-0.15950822830200195,0.9646320343017578,0.3041175305843353,0.3689478635787964,-0.1510300189256668,0.47078925371170044,0.3238571584224701,0.37193477153778076,-0.16288994252681732,0.9641394019126892,0.3230086863040924,0.3623892068862915,-0.16665948927402496,0.49085333943367004,0.3384068012237549,0.3787476718425751,-0.1256079226732254,0.9484619498252869,0.3392249345779419,0.3716801404953003,-0.14694498479366302,0.48889562487602234,0.5736507773399353,0.6119361519813538,-0.11206239461898804,0.9999634027481079,0.519777774810791,0.5681737065315247,0.11214905977249146,0.9998847246170044,0.45601963996887207,0.5788655877113342,-0.4145335257053375,0.9804122447967529,0.4118897318840027,0.5080205798149109,0.1416875272989273,0.39417564868927,0.5171708464622498,0.8643108010292053,-0.2288159877061844,0.9478551745414734,0.4751240313053131,0.7216508388519287,0.3070504069328308,0.5159091353416443,0.5422403812408447,0.904508650302887,-0.208738774061203,0.9045500755310059,0.49568456411361694,0.7352787256240845,0.3224624991416931,0.5886629223823547,0.45867037773132324,0.9377467036247253,-0.26479214429855347,0.9466993808746338,0.41185498237609863,0.781676173210144,0.3038986325263977,0.6587040424346924
down,0.3980911076068878,0.14249271154403687,-0.13384927809238434,0.9999234080314636,0.41085726022720337,0.12053299695253372,-0.15546900033950806,0.999955952167511,0.41519102454185486,0.12102046608924866,-0.1555090844631195,0.9999639391899109,0.4197174608707428,0.1214912086725235,-0.155604749917984,0.9999604821205139,0.4060729444026947,0.11879850178956985,-0.10920874774456024,0.9999276399612427,0.406686007976532,0.11791861057281494,-0.10929838567972183,0.99993896484375,0.4075906276702881,0.11667384952306747,-0.10926209390163422,0.9999346733093262,0.4414759576320648,0.1356811225414276,-0.1920805722475052,0.9999493360519409,0.4311620593070984,0.1288589984178543,0.010496526956558228,0.9999197125434875,0.4100191593170166,0.17221246659755707,-0.14710180461406708,0.9999412894248962,0.4042818546295166,0.17039553821086884,-0.08856529742479324,0.9999179840087891,0.48024076223373413,0.3157704174518585,-0.2788974642753601,0.9997900724411011,0.4253004491329193,0.2810773253440857,0.13405510783195496,0.9992848038673401,0.4202845096588135,0.5277400612831116,-0.26076918840408325,0.9590022563934326,0.3749379813671112,0.42005395889282227,0.11018280684947968,0.30795541405677795,0.3389054834842682,0.4142834544181824,-0.11758384853601456,0.9761747121810913,0.3306954801082611,0.39965540170669556,-0.0687345415353775,0.5082424879074097,0.3126833736896515,0.39337748289108276,-0.1494329273700714,0.964801549911499,0.30308055877685547,0.3680480420589447,-0.08181928098201752,0.4828343987464905,0.323057621717453,0.37489792704582214,-0.15132586658000946,0.9643086194992065,0.32319945096969604,0.3643917143344879,-0.10161380469799042,0.5030528903007507,0.3372458815574646,0.3811381459236145,-0.11505357921123505,0.9487265944480896,0.34053611755371094,0.3756050169467926,-0.08356176316738129,0.5009230971336365,0.5740401148796082,0.6120274662971497,-0.11288610845804214,0.9999639987945557,0.5208884477615356,0.5682206749916077,0.11297255754470825,0.9998891353607178,0.45221400260925293,0.5958407521247864,-0.41231733560562134,0.9812094569206238,0.41236060857772827,0.5077176690101624,0.15542714297771454,0.39751341938972473,0.5174587965011597,0.8638582825660706,-0.2237110584974289,0.9482429027557373,0.4754139482975006,0.723610520362854,0.3154151439666748,0.5208280682563782,0.542311429977417,0.9041264653205872,-0.2026572972536087,0.9066518545150757,0.4957689642906189,0.7365174293518066,0.33061647415161133,0.5905443429946899,0.45933032035827637,0.9377509951591492,-0.25205177068710327,0.9473747611045837,0.41270726919174194,0.7817028760910034,0.31688329577445984,0.6614022850990295
down,0.398377001285553,0.1409786492586136,-0.11212673038244247,0.9999176859855652,0.41186243295669556,0.11919867992401123,-0.13269343972206116,0.9999512434005737,0.41609448194503784,0.11967575550079346,-0.1327477991580963,0.9999601244926453,0.42040735483169556,0.12020181864500046,-0.13284289836883545,0.999957263469696,0.4072801172733307,0.11744025349617004,-0.08675997704267502,0.9999189376831055,0.4079722464084625,0.11657386273145676,-0.0868019312620163,0.9999311566352844,0.4088985323905945,0.1153717115521431,-0.08675368875265121,0.9999277591705322,0.44165244698524475,0.13511963188648224,-0.17024919390678406,0.9999402761459351,0.4316883981227875,0.12850843369960785,0.03137808293104172,0.9999082684516907,0.4099034368991852,0.17037805914878845,-0.12636245787143707,0.9999310374259949,0.4043959975242615,0.16832849383354187,-0.0679229274392128,0.9999027848243713,0.47992271184921265,0.31585991382598877,-0.2623142600059509,0.9997826814651489,0.4253830313682556,0.2813640534877777,0.1540495753288269,0.9991843700408936,0.42036810517311096,0.5276922583580017,-0.24532905220985413,0.9559569358825684,0.3779680132865906,0.4196823835372925,0.17038045823574066,0.3009539842605591,0.3391064405441284,0.415105938911438,-0.11810179799795151,0.9762783646583557,0.33128124475479126,0.4023839235305786,0.04071693494915962,0.5004183650016785,0.3128833472728729,0.3937016427516937,-0.15262380242347717,0.9655740857124329,0.30287617444992065,0.36998048424720764,0.034444890916347504,0.4725276231765747,0.3231487274169922,0.3757841885089874,-0.15469112992286682,0.96503084897995,0.3234657645225525,0.36635610461235046,0.009515093639492989,0.4939647316932678,0.33723950386047363,0.38183480501174927,-0.11687938123941422,0.9497096538543701,0.3385894000530243,0.3782150149345398,0.02474183961749077,0.4943996071815491,0.5752831101417542,0.6119807362556458,-0.11343707889318466,0.9999626874923706,0.5235904455184937,0.5681731700897217,0.11357706785202026,0.9998766183853149,0.4515698552131653,0.5979917645454407,-0.4089187979698181,0.9821032881736755,0.4131958484649658,0.5099514722824097,0.17261061072349548,0.3977087140083313,0.5173582434654236,0.8642053604125977,-0.24970977008342743,0.9497677087783813,0.4756721556186676,0.7253966331481934,0.32348138093948364,0.5265541076660156,0.5423152446746826,0.9047443866729736,-0.23198974132537842,0.9089388251304626,0.49623674154281616,0.7443691492080688,0.3375737965106964,0.5941317081451416,0.4591332972049713,0.9372691512107849,-0.2904500961303711,0.9484325051307678,0.41235533356666565,0.7820778489112854,0.3234184980392456,0.6647317409515381
down,0.3986288011074066,0.1407323181629181,-0.11091206967830658,0.9999093413352966,0.4121411442756653,0.1188676506280899,-0.13055016100406647,0.9999458193778992,0.4163256287574768,0.11933575570583344,-0.13061527907848358,0.9999558925628662,0.4205932021141052,0.11985161155462265,-0.13071586191654205,0.9999539256095886,0.4075164198875427,0.1171170026063919,-0.08536192774772644,0.9999079704284668,0.408163458108902,0.11627332121133804,-0.08539897948503494,0.9999207258224487,0.409053236246109,0.11509589850902557,-0.08534424751996994,0.9999170303344727,0.44169703125953674,0.13471263647079468,-0.16544705629348755,0.9999311566352844,0.4317401051521301,0.12824997305870056,0.032791342586278915,0.999890923500061,0.4098775386810303,0.17020274698734283,-0.12427894026041031,0.9999211430549622,0.4044651389122009,0.16803628206253052,-0.06682074069976807,0.9998887181282043,0.47923651337623596,0.31563931703567505,-0.25659623742103577,0.9997920393943787,0.42506009340286255,0.2814690172672272,0.1559220254421234,0.9990587830543518,0.42008814215660095,0.5275611281394958,-0.24201183021068573,0.9530839323997498,0.3781607747077942,0.420083612203598,0.17836882174015045,0.282022088766098,0.33908650279045105,0.4146775007247925,-0.12399385124444962,0.9769270420074463,0.33122992515563965,0.4021865725517273,0.060982830822467804,0.47985464334487915,0.3130471706390381,0.3928743004798889,-0.16047988831996918,0.9671390056610107,0.30287855863571167,0.36919018626213074,0.05677812173962593,0.45155832171440125,0.3230404853820801,0.3745864927768707,-0.16265276074409485,0.9666004776954651,0.3236317038536072,0.36570727825164795,0.031589921563863754,0.47396135330200195,0.33709487318992615,0.38011351227760315,-0.12352798134088516,0.951789140701294,0.3378314971923828,0.37702035903930664,0.04524625092744827,0.4753963351249695,0.5757664442062378,0.6119519472122192,-0.11205947399139404,0.9999657273292542,0.5247249007225037,0.5682597756385803,0.11222710460424423,0.9998728036880493,0.4517940580844879,0.5959246158599854,-0.4166905879974365,0.9831972122192383,0.4144577085971832,0.5097947716712952,0.18450644612312317,0.3964157998561859,0.5166103839874268,0.86025071144104,-0.25372201204299927,0.9528193473815918,0.4763464331626892,0.7241362929344177,0.3221985995769501,0.5425035953521729,0.5415171384811401,0.9024938941001892,-0.23514962196350098,0.9143742322921753,0.49577564001083374,0.7423155307769775,0.33505940437316895,0.6058937907218933,0.45893174409866333,0.9248363971710205,-0.2897794842720032,0.9514607787132263,0.41239723563194275,0.7825680375099182,0.3168387711048126,0.677964448928833
down,0.3979836702346802,0.14052319526672363,-0.11284507811069489,0.9999039769172668,0.41161513328552246,0.11882031708955765,-0.13296672701835632,0.9999417066574097,0.4157602787017822,0.11932269483804703,-0.13302817940711975,0.9999526739120483,0.42007413506507874,0.11987721920013428,-0.13312694430351257,0.9999507665634155,0.40721097588539124,0.11703954637050629,-0.08736857771873474,0.9998999834060669,0.4078933298587799,0.11622832715511322,-0.08741308003664017,0.9999141693115234,0.4088137149810791,0.11507338285446167,-0.0873638316988945,0.9999106526374817,0.441417396068573,0.13533318042755127,-0.16907061636447906,0.9999233484268188,0.43154168128967285,0.12867265939712524,0.031047169119119644,0.9998810887336731,0.4085572361946106,0.17024873197078705,-0.12651009857654572,0.9999141693115234,0.40374335646629333,0.1679212749004364,-0.06856296211481094,0.9998797178268433,0.4796297550201416,0.3157646954059601,-0.25805360078811646,0.9997909665107727,0.4240299165248871,0.28251004219055176,0.15129747986793518,0.9990307688713074,0.42006659507751465,0.5275315046310425,-0.24409325420856476,0.9537823796272278,0.3774595558643341,0.42041075229644775,0.17016170918941498,0.28813406825065613,0.3386625349521637,0.4145967364311218,-0.1285645067691803,0.9787881970405579,0.3303679823875427,0.40215393900871277,0.04546729475259781,0.48992741107940674,0.3126074969768524,0.39281773567199707,-0.16495713591575623,0.9699153900146484,0.30276060104370117,0.3694005310535431,0.04000731557607651,0.45919284224510193,0.32247599959373474,0.3745124042034149,-0.167615607380867,0.9694040417671204,0.3229055106639862,0.3655986487865448,0.01554939616471529,0.48209846019744873,0.33661699295043945,0.3802674114704132,-0.12799374759197235,0.9554152488708496,0.3363025188446045,0.37698858976364136,0.029990077018737793,0.4834955334663391,0.5761698484420776,0.6119402647018433,-0.11073863506317139,0.9999659657478333,0.5245956778526306,0.5683174729347229,0.11090395599603653,0.9998689889907837,0.45230984687805176,0.5961078405380249,-0.4162457585334778,0.9840827584266663,0.4145081043243408,0.5112748742103577,0.1747981309890747,0.40238288044929504,0.516589343547821,0.8581286072731018,-0.24353492259979248,0.9549767971038818,0.47492995858192444,0.7241462469100952,0.31852108240127563,0.5596536993980408,0.541437029838562,0.9009652137756348,-0.22413182258605957,0.9193969368934631,0.49375590682029724,0.7419564723968506,0.3322116434574127,0.6205524206161499,0.4594120979309082,0.9236502647399902,-0.27940037846565247,0.9536771774291992,0.41249626874923706,0.782807469367981,0.31540048122406006,0.6927003264427185
down,0.39584842324256897,0.1408580243587494,-0.11600657552480698,0.9998947381973267,0.4094937741756439,0.11929880827665329,-0.1376999318599701,0.9999366402626038,0.41349148750305176,0.1198977679014206,-0.1377502977848053,0.9999479055404663,0.4178828299045563,0.12055989354848862,-0.137847438454628,0.9999461770057678,0.4055226445198059,0.11732832342386246,-0.09042584896087646,0.9998929500579834,0.4063047468662262,0.11650092154741287,-0.09048348665237427,0.9999080896377563,0.4073337912559509,0.1153370663523674,-0.09044003486633301,0.9999047517776489,0.43983715772628784,0.1371753066778183,-0.18027909100055695,0.9999169707298279,0.4301489293575287,0.12983764708042145,0.029143085703253746,0.9998709559440613,0.4060908854007721,0.17097416520118713,-0.1310889571905136,0.9999090433120728,0.40184086561203003,0.16838127374649048,-0.07108593732118607,0.9998728632926941,0.48000842332839966,0.31836235523223877,-0.27091896533966064,0.9997762441635132,0.4238671660423279,0.2836829125881195,0.15079429745674133,0.9990406632423401,0.4201391339302063,0.5281674861907959,-0.24812528491020203,0.952787458896637,0.3781179189682007,0.4212031960487366,0.15658298134803772,0.2856297791004181,0.33855143189430237,0.41565442085266113,-0.10662470757961273,0.9784306883811951,0.32998478412628174,0.40275394916534424,0.010859070345759392,0.4965466856956482,0.31242281198501587,0.39396095275878906,-0.1395767629146576,0.9694182276725769,0.30287837982177734,0.37021344900131226,0.002790542086586356,0.4678724408149719,0.3224887251853943,0.3767716586589813,-0.1430729627609253,0.9689141511917114,0.3220489025115967,0.36655452847480774,-0.01937287114560604,0.49091848731040955,0.33669808506965637,0.3841100335121155,-0.10527683794498444,0.9545863270759583,0.335607647895813,0.37930169701576233,-0.0042594303376972675,0.49113237857818604,0.5761948823928833,0.612506628036499,-0.1142745167016983,0.9999666213989258,0.5243126749992371,0.5692142248153687,0.11439114809036255,0.9998747706413269,0.45268306136131287,0.5979493856430054,-0.42814069986343384,0.9842607378959656,0.41450318694114685,0.513416588306427,0.18764296174049377,0.3999796509742737,0.5166610479354858,0.8564596176147461,-0.2449607402086258,0.9534779191017151,0.47415512800216675,0.7237970232963562,0.3412911295890808,0.5609726905822754,0.541530191898346,0.8992258906364441,-0.22415633499622345,0.9183261394500732,0.49310725927352905,0.7408332824707031,0.3557150363922119,0.6189972758293152,0.4580649733543396,0.9211224317550659,-0.2770213484764099,0.9530790448188782,0.41156435012817383,0.7818711996078491,0.34136873483657837,0.69562166929245
down,0.39490288496017456,0.14172720909118652,-0.11615965515375137,0.999893844127655,0.40829843282699585,0.12029427289962769,-0.13861969113349915,0.999936580657959,0.4122450351715088,0.12087410688400269,-0.13866597414016724,0.9999470710754395,0.41666698455810547,0.12153449654579163,-0.13875892758369446,0.9999456405639648,0.40439373254776,0.11826667934656143,-0.09072587639093399,0.9998956918716431,0.4051920771598816,0.11741126328706741,-0.09079582244157791,0.9999105334281921,0.4062380790710449,0.1162170022726059,-0.0907609686255455,0.9999077916145325,0.43912672996520996,0.1381668597459793,-0.18143245577812195,0.9999169111251831,0.42936334013938904,0.1310049146413803,0.029002118855714798,0.9998717308044434,0.40511196851730347,0.1722768396139145,-0.13189278542995453,0.9999104738235474,0.40100225806236267,0.1695927232503891,-0.07110583782196045,0.9998759031295776,0.48005080223083496,0.31990402936935425,-0.2712531089782715,0.9997698664665222,0.42391642928123474,0.2842681407928467,0.15032365918159485,0.9990958571434021,0.4200882911682129,0.5284347534179688,-0.24660269916057587,0.9531182646751404,0.37935084104537964,0.423198401927948,0.14647898077964783,0.28529828786849976,0.3385770916938782,0.41674795746803284,-0.10278282314538956,0.9777542948722839,0.33026713132858276,0.4037095308303833,-0.005035701207816601,0.5005075931549072,0.3126007914543152,0.3948185443878174,-0.1354217380285263,0.9682106971740723,0.3038325309753418,0.37058547139167786,-0.013867306523025036,0.47317028045654297,0.32304948568344116,0.379019170999527,-0.13850267231464386,0.9676734805107117,0.32239392399787903,0.36788639426231384,-0.03548809513449669,0.4957766830921173,0.33727020025253296,0.3866738975048065,-0.1013486236333847,0.9528213739395142,0.33608153462409973,0.3812001049518585,-0.01996317319571972,0.4945354163646698,0.575918436050415,0.6125765442848206,-0.11489240825176239,0.9999671578407288,0.5241847038269043,0.569249153137207,0.11500773578882217,0.9998816251754761,0.4527820646762848,0.6005944013595581,-0.4291929602622986,0.9845604300498962,0.41471490263938904,0.5161870718002319,0.18403229117393494,0.4006120264530182,0.5162976980209351,0.855051577091217,-0.24633462727069855,0.952905535697937,0.47368019819259644,0.7241426110267639,0.33367639780044556,0.568082332611084,0.5411076545715332,0.8972265720367432,-0.22559359669685364,0.9188175797462463,0.49259334802627563,0.740814208984375,0.34743204712867737,0.6229670643806458,0.45538991689682007,0.9143795371055603,-0.27835214138031006,0.9535067677497864,0.4098195433616638,0.7824803590774536,0.3317626416683197,0.7031179666519165
down,0.39444848895072937,0.14275072515010834,-0.11814699321985245,0.9998923540115356,0.4078626036643982,0.12125439941883087,-0.1405055969953537,0.9999361634254456,0.4118483066558838,0.12181444466114044,-0.14055447280406952,0.9999463558197021,0.41632789373397827,0.1224561557173729,-0.14064958691596985,0.9999451637268066,0.4039382338523865,0.11921001970767975,-0.09319384396076202,0.9998973608016968,0.40475255250930786,0.11832854151725769,-0.09327207505702972,0.999911904335022,0.4058142304420471,0.1171046569943428,-0.0932428240776062,0.9999094009399414,0.4390184283256531,0.13908469676971436,-0.18197397887706757,0.9999156594276428,0.4291425347328186,0.13197456300258636,0.02546044811606407,0.9998716115951538,0.4046548306941986,0.17351585626602173,-0.13337068259716034,0.9999109506607056,0.4006003737449646,0.17060083150863647,-0.07328696548938751,0.999876081943512,0.48014816641807556,0.3205760717391968,-0.27038833498954773,0.9997578859329224,0.42427101731300354,0.284288227558136,0.14565663039684296,0.9991188049316406,0.4196859300136566,0.528752863407135,-0.24752981960773468,0.9544910192489624,0.37427008152008057,0.42486846446990967,0.13699403405189514,0.2868651747703552,0.33853524923324585,0.4175776243209839,-0.10848893225193024,0.9777567982673645,0.3305512070655823,0.40413933992385864,-0.018986698240041733,0.5035020709037781,0.31257790327072144,0.39535385370254517,-0.14170077443122864,0.9678562879562378,0.303947389125824,0.3706652820110321,-0.028721462935209274,0.47701865434646606,0.32310113310813904,0.37995249032974243,-0.1438206136226654,0.9672904014587402,0.32258471846580505,0.36832571029663086,-0.04958268254995346,0.49918806552886963,0.33739516139030457,0.38775041699409485,-0.10678312927484512,0.9523330926895142,0.33649271726608276,0.38180971145629883,-0.03361571580171585,0.49650096893310547,0.5756019353866577,0.6126365661621094,-0.11355885118246078,0.9999675750732422,0.5241081714630127,0.5688679218292236,0.11368230730295181,0.9998853206634521,0.4525986313819885,0.6018502712249756,-0.42909616231918335,0.9843792915344238,0.41475382447242737,0.5168465971946716,0.18359211087226868,0.3985496461391449,0.5160941481590271,0.853299617767334,-0.24775390326976776,0.9514240622520447,0.47375527024269104,0.7233037352561951,0.33923032879829407,0.5689510703086853,0.5409167408943176,0.8952387571334839,-0.22716057300567627,0.9191440343856812,0.49260205030441284,0.7389171123504639,0.35401228070259094,0.624786376953125,0.45464664697647095,0.9101410508155823,-0.27868014574050903,0.9530060887336731,0.4119405746459961,0.7817703485488892,0.3401089608669281,0.7054514288902283
down,0.39426499605178833,0.14275246858596802,-0.1121784895658493,0.999890148639679,0.4076906740665436,0.12136142700910568,-0.13403524458408356,0.9999355673789978,0.41166287660598755,0.1219286099076271,-0.13409139215946198,0.999945878982544,0.41613370180130005,0.12260356545448303,-0.13419178128242493,0.9999446868896484,0.4038742184638977,0.11932650953531265,-0.0871284082531929,0.9998975396156311,0.40472307801246643,0.1184564083814621,-0.08719535171985626,0.9999122023582458,0.4058172106742859,0.11724945902824402,-0.08716552704572678,0.9999096393585205,0.43883204460144043,0.13963085412979126,-0.17477478086948395,0.9999143481254578,0.42912787199020386,0.13235607743263245,0.03080524131655693,0.9998712539672852,0.4041244089603424,0.17349112033843994,-0.12737217545509338,0.9999103546142578,0.4003234803676605,0.17044998705387115,-0.06782752275466919,0.9998745322227478,0.4799988865852356,0.3205024003982544,-0.26244789361953735,0.9997468590736389,0.4247358441352844,0.28372296690940857,0.15095345675945282,0.9990953207015991,0.4194677770137787,0.528769314289093,-0.2408696711063385,0.9549776315689087,0.37847912311553955,0.42520713806152344,0.1488930881023407,0.2835903763771057,0.3384787440299988,0.41782888770103455,-0.10472897440195084,0.9775960445404053,0.33082130551338196,0.4040764272212982,0.004959953483194113,0.498342901468277,0.31251364946365356,0.39547911286354065,-0.13732223212718964,0.9675290584564209,0.30379632115364075,0.37041008472442627,-0.003097468288615346,0.4726141393184662,0.32329028844833374,0.380049467086792,-0.13929793238639832,0.9669481515884399,0.32272565364837646,0.36817577481269836,-0.024227390065789223,0.49464643001556396,0.33748728036880493,0.38789719343185425,-0.10294519364833832,0.9519029855728149,0.33648404479026794,0.3812810182571411,-0.009521063417196274,0.4911426603794098,0.5754318833351135,0.6126722693443298,-0.11296971142292023,0.9999685883522034,0.5241113305091858,0.5687260031700134,0.1131126880645752,0.999887228012085,0.4521652162075043,0.6028841137886047,-0.43175286054611206,0.9845693111419678,0.4147733747959137,0.5181065201759338,0.1929934322834015,0.394072949886322,0.5161663293838501,0.8524428606033325,-0.25569650530815125,0.9499938488006592,0.47390180826187134,0.7219380140304565,0.3494535982608795,0.5659925937652588,0.5410749912261963,0.8944909572601318,-0.23541629314422607,0.9199533462524414,0.49265480041503906,0.7368346452713013,0.36427363753318787,0.6238258481025696,0.45476609468460083,0.9092463850975037,-0.2848871350288391,0.9521992206573486,0.4135308265686035,0.7802591323852539,0.3532319664955139,0.7034605145454407
down,0.3942244052886963,0.1421620398759842,-0.11123687028884888,0.9998993873596191,0.407611221075058,0.12103627622127533,-0.13295301795005798,0.9999415278434753,0.41158556938171387,0.12157642841339111,-0.1330072581768036,0.9999510049819946,0.4160691201686859,0.12224728614091873,-0.13310500979423523,0.9999500513076782,0.4038107395172119,0.11902791261672974,-0.08667702227830887,0.9999070763587952,0.404665470123291,0.11817748099565506,-0.08674155175685883,0.9999203085899353,0.40577322244644165,0.11700989305973053,-0.086705781519413,0.9999181628227234,0.43874573707580566,0.13895735144615173,-0.1730257272720337,0.9999217391014099,0.42906007170677185,0.1317652314901352,0.02954365871846676,0.9998825192451477,0.4039093852043152,0.1726323813199997,-0.1262379139661789,0.99991774559021,0.40014857053756714,0.1694423109292984,-0.06752653419971466,0.9998837113380432,0.4805769920349121,0.32022756338119507,-0.2586008608341217,0.9997469782829285,0.4247758984565735,0.2842235267162323,0.14691267907619476,0.9990708231925964,0.41968289017677307,0.5288515090942383,-0.23693625628948212,0.9552401900291443,0.37921684980392456,0.42546531558036804,0.13733413815498352,0.2752636969089508,0.338917076587677,0.4172095060348511,-0.10444104671478271,0.9781721234321594,0.3313625454902649,0.4035455882549286,-0.011152470484375954,0.48729208111763,0.3128640651702881,0.3952474892139435,-0.13619102537631989,0.9683279395103455,0.3035508096218109,0.3689633309841156,-0.02052956260740757,0.4626453220844269,0.32354480028152466,0.37908703088760376,-0.1379651576280594,0.9677352905273438,0.32297950983047485,0.36697447299957275,-0.03949474170804024,0.48391568660736084,0.33763474225997925,0.38622933626174927,-0.10260520130395889,0.9531252384185791,0.3365824818611145,0.3797028064727783,-0.024880409240722656,0.4800581634044647,0.5753958821296692,0.612843930721283,-0.11104540526866913,0.9999696016311646,0.5241140127182007,0.5689703822135925,0.11120764911174774,0.999889612197876,0.4518625736236572,0.602770209312439,-0.41804203391075134,0.9848974943161011,0.4227314889431,0.5087160468101501,0.18821094930171967,0.3940860331058502,0.5159047842025757,0.8501598834991455,-0.24565868079662323,0.9508474469184875,0.47408634424209595,0.721484899520874,0.33710333704948425,0.5712814331054688,0.5410763025283813,0.8940432071685791,-0.22589369118213654,0.9225508570671082,0.4928179383277893,0.7361277341842651,0.35110682249069214,0.6291722059249878,0.45468640327453613,0.908892035484314,-0.27378588914871216,0.95304274559021,0.4138525128364563,0.7801179885864258,0.33929333090782166,0.7082579731941223
down,0.3940432667732239,0.14176329970359802,-0.12325908988714218,0.9999059438705444,0.407215416431427,0.12005263566970825,-0.14493462443351746,0.999946653842926,0.41123443841934204,0.12040214240550995,-0.1449856460094452,0.9999556541442871,0.41578149795532227,0.1208546981215477,-0.14508453011512756,0.9999546408653259,0.40334922075271606,0.11797704547643661,-0.09925875067710876,0.9999138712882996,0.40416741371154785,0.11696414649486542,-0.0993284061551094,0.9999261498451233,0.4052956700325012,0.11567110568284988,-0.09929133951663971,0.9999232888221741,0.4386679530143738,0.1363697052001953,-0.1823999434709549,0.9999293684959412,0.42886894941329956,0.12904545664787292,0.01706995815038681,0.9998917579650879,0.40379005670547485,0.17186173796653748,-0.13706064224243164,0.9999259114265442,0.4000121057033539,0.16859056055545807,-0.07931260764598846,0.999893307685852,0.4812946915626526,0.31945714354515076,-0.2637682557106018,0.9997567534446716,0.4244169294834137,0.2840307652950287,0.13706766068935394,0.9990189075469971,0.41943177580833435,0.5289382338523865,-0.24989643692970276,0.9557669162750244,0.3742043673992157,0.4248778820037842,0.10660751163959503,0.26405084133148193,0.338584840297699,0.4136240780353546,-0.12268044054508209,0.979188084602356,0.32920747995376587,0.3959944546222687,-0.06690741330385208,0.46796074509620667,0.31130653619766235,0.39051154255867004,-0.154587522149086,0.9697988033294678,0.2990657091140747,0.35993635654449463,-0.07910361886024475,0.4473452568054199,0.32246705889701843,0.37335774302482605,-0.15632663667201996,0.9692040085792542,0.32023492455482483,0.35652652382850647,-0.09481100738048553,0.467480331659317,0.3371981084346771,0.3816549479961395,-0.12080276012420654,0.9552653431892395,0.3367316722869873,0.37206780910491943,-0.07985784113407135,0.46363353729248047,0.5755971670150757,0.612817645072937,-0.1093977689743042,0.9999698996543884,0.5236760377883911,0.5688410401344299,0.10955265909433365,0.9998891353607178,0.45151013135910034,0.6013346910476685,-0.41710442304611206,0.9844253659248352,0.42350441217422485,0.5009923577308655,0.1683851182460785,0.3889707624912262,0.5157464146614075,0.849761962890625,-0.24057289958000183,0.9506881833076477,0.47402358055114746,0.720471203327179,0.3234090805053711,0.5626116991043091,0.5410482883453369,0.8939908146858215,-0.22075018286705017,0.9217241406440735,0.49287962913513184,0.7349716424942017,0.3378719389438629,0.6245103478431702,0.4544224143028259,0.9091190695762634,-0.27376270294189453,0.9521328806877136,0.4134237766265869,0.7782092690467834,0.3211214542388916,0.7021924257278442
down,0.394173800945282,0.1411014348268509,-0.11367054283618927,0.9999092221260071,0.4072268009185791,0.11911983788013458,-0.13535185158252716,0.9999499320983887,0.41126686334609985,0.11937937140464783,-0.13541297614574432,0.9999589323997498,0.41582316160202026,0.11975707113742828,-0.13551558554172516,0.9999577403068542,0.4033816456794739,0.11700140684843063,-0.08945874869823456,0.9999172687530518,0.4042069911956787,0.11590729653835297,-0.08950524777173996,0.9999293088912964,0.4053574502468109,0.1145651713013649,-0.08946311473846436,0.9999255537986755,0.4387129843235016,0.1350671648979187,-0.17491298913955688,0.999934732913971,0.42889174818992615,0.12766033411026,0.025531243532896042,0.999898374080658,0.40403294563293457,0.17089398205280304,-0.12855908274650574,0.9999313354492188,0.4002005457878113,0.16734172403812408,-0.07041800022125244,0.9999001026153564,0.48150691390037537,0.3190478980541229,-0.2589966654777527,0.9997713565826416,0.4243295192718506,0.2835197448730469,0.143441841006279,0.9989575147628784,0.41911211609840393,0.5288311243057251,-0.24542450904846191,0.9563592672348022,0.37310293316841125,0.42466065287590027,0.13005474209785461,0.2522471249103546,0.3383329510688782,0.41083335876464844,-0.12199638783931732,0.980410635471344,0.32885316014289856,0.3936914801597595,-0.019633864983916283,0.44884565472602844,0.3108814060688019,0.3870384097099304,-0.1545645147562027,0.9716625809669495,0.29933202266693115,0.3591625690460205,-0.028614217415452003,0.43171605467796326,0.322333961725235,0.36919212341308594,-0.15643587708473206,0.9711064696311951,0.32198071479797363,0.35465386509895325,-0.047279562801122665,0.4513237774372101,0.3374311923980713,0.37718090415000916,-0.12046787887811661,0.9579964280128479,0.33964091539382935,0.36836159229278564,-0.03327949345111847,0.4478354752063751,0.5756489038467407,0.6128901243209839,-0.10866546630859375,0.9999704957008362,0.5234796404838562,0.5689516663551331,0.10883160680532455,0.9998883605003357,0.4509831964969635,0.600984513759613,-0.4149057865142822,0.9839898943901062,0.4151364862918854,0.5156856775283813,0.17069900035858154,0.38359132409095764,0.5156260132789612,0.8491404056549072,-0.2347128838300705,0.9491435289382935,0.47391796112060547,0.7198125123977661,0.3185040056705475,0.5525380969047546,0.54108726978302,0.8938595056533813,-0.21463727951049805,0.9195837378501892,0.4928976595401764,0.7340625524520874,0.3329141438007355,0.6200251579284668,0.45435065031051636,0.9091762900352478,-0.2655646800994873,0.9497501850128174,0.4134308695793152,0.7774745225906372,0.317477285861969,0.6947154998779297
down,0.39423322677612305,0.1410096436738968,-0.10916517674922943,0.9999052882194519,0.4073241651058197,0.11907949298620224,-0.13067546486854553,0.9999485611915588,0.4113691449165344,0.11932209134101868,-0.13073419034481049,0.9999580383300781,0.41594234108924866,0.1196971982717514,-0.1308341920375824,0.9999571442604065,0.4035953879356384,0.11699570715427399,-0.08514681458473206,0.9999139904975891,0.40448665618896484,0.11591064929962158,-0.08519578725099564,0.9999258518218994,0.4057003855705261,0.11458062380552292,-0.08516053855419159,0.9999222755432129,0.43890514969825745,0.13510295748710632,-0.1700017750263214,0.999932587146759,0.4291316568851471,0.1277814507484436,0.0290897898375988,0.9998949766159058,0.4041256010532379,0.1707572489976883,-0.12384742498397827,0.9999291300773621,0.4003792405128479,0.1671919971704483,-0.06614910811185837,0.9998962879180908,0.48142680525779724,0.3183321952819824,-0.2549786865711212,0.9997720718383789,0.4244004786014557,0.2827223837375641,0.14729687571525574,0.9988777041435242,0.4190676808357239,0.5287118554115295,-0.23988530039787292,0.9560104012489319,0.3734567165374756,0.42479416728019714,0.14039179682731628,0.24806655943393707,0.33823078870773315,0.4104343354701996,-0.1184481531381607,0.9810621738433838,0.32923510670661926,0.3942687213420868,-0.005359449423849583,0.44039177894592285,0.31093665957450867,0.3862975239753723,-0.15141329169273376,0.9728065133094788,0.30068328976631165,0.3604903817176819,-0.014181395061314106,0.4245494306087494,0.3225387930870056,0.36879467964172363,-0.15463632345199585,0.9722529649734497,0.32346057891845703,0.3566700518131256,-0.0330498106777668,0.4441116452217102,0.3378344774246216,0.37653401494026184,-0.11767922341823578,0.9596892595291138,0.341254323720932,0.36852943897247314,-0.01901922933757305,0.4409773051738739,0.5756329298019409,0.6129839420318604,-0.10880199819803238,0.9999701976776123,0.5235226154327393,0.5690127611160278,0.10897459834814072,0.9998830556869507,0.4510374963283539,0.6008174419403076,-0.4170159697532654,0.984004557132721,0.4151264727115631,0.5169284343719482,0.18116268515586853,0.3812040090560913,0.5155309438705444,0.8490463495254517,-0.24459867179393768,0.948343813419342,0.47387227416038513,0.7195585370063782,0.32936713099479675,0.5451468825340271,0.5410811901092529,0.8937917947769165,-0.22519008815288544,0.918755829334259,0.49286380410194397,0.7336373925209045,0.3435659110546112,0.6155571341514587,0.4541427195072174,0.909220278263092,-0.27675479650497437,0.9485520720481873,0.4130918085575104,0.7764328122138977,0.3281588852405548,0.6891583204269409
down,0.3946531414985657,0.14100754261016846,-0.10664893686771393,0.9998942613601685,0.40768346190452576,0.11918401718139648,-0.1279473602771759,0.99994295835495,0.41179147362709045,0.11937907338142395,-0.1280120611190796,0.9999533295631409,0.41641759872436523,0.11973407864570618,-0.12811104953289032,0.999953031539917,0.403951495885849,0.1172625869512558,-0.08285234868526459,0.999903678894043,0.40485435724258423,0.11624285578727722,-0.08289950340986252,0.9999157786369324,0.4060610234737396,0.11498162150382996,-0.08286894112825394,0.9999123811721802,0.4393276572227478,0.13513247668743134,-0.1673416793346405,0.9999245405197144,0.4295603632926941,0.1279955506324768,0.030089471489191055,0.9998819231987,0.40485113859176636,0.1706896424293518,-0.12130403518676758,0.9999203085899353,0.4010142683982849,0.1671830117702484,-0.06412844359874725,0.9998827576637268,0.48128652572631836,0.31806686520576477,-0.2534917891025543,0.9997575879096985,0.4254828989505768,0.28205862641334534,0.14782099425792694,0.9987412691116333,0.4189935326576233,0.5286828279495239,-0.23862838745117188,0.9542638659477234,0.37513259053230286,0.42482709884643555,0.14793303608894348,0.23944091796875,0.3381757438182831,0.4103677570819855,-0.11777698993682861,0.9807689189910889,0.3305552303791046,0.3966118395328522,0.014029951766133308,0.4264526665210724,0.3111410439014435,0.3862437307834625,-0.15050244331359863,0.9726123809814453,0.3017647862434387,0.36411434412002563,0.007029230240732431,0.4124811589717865,0.32276803255081177,0.3689334988594055,-0.1535346955060959,0.9720401167869568,0.3253437876701355,0.3628533184528351,-0.013736930675804615,0.432098925113678,0.33799436688423157,0.3765426278114319,-0.11704139411449432,0.9595748782157898,0.3403383791446686,0.37391752004623413,-0.00015033534145914018,0.42988455295562744,0.575574517250061,0.6130133271217346,-0.10868960618972778,0.9999676942825317,0.5234336256980896,0.5689026117324829,0.10886488854885101,0.9998700618743896,0.45176512002944946,0.600519597530365,-0.4147590696811676,0.9833335876464844,0.41510143876075745,0.5167993903160095,0.17700017988681793,0.37852370738983154,0.5154992938041687,0.8492088317871094,-0.24435290694236755,0.9463289976119995,0.47375768423080444,0.7194227576255798,0.3199930787086487,0.5378809571266174,0.541096031665802,0.8940210938453674,-0.22562754154205322,0.9160307049751282,0.4927951693534851,0.7335954308509827,0.33329442143440247,0.6108202338218689,0.4539882242679596,0.9094477891921997,-0.2788287401199341,0.9462981820106506,0.4123077392578125,0.7762155532836914,0.31757742166519165,0.6830531358718872
down,0.39515089988708496,0.14113542437553406,-0.10770833492279053,0.9998886585235596,0.40812820196151733,0.11960676312446594,-0.12888479232788086,0.9999396800994873,0.41231194138526917,0.11987091600894928,-0.12894368171691895,0.9999504685401917,0.4169880747795105,0.12028347700834274,-0.12903787195682526,0.9999504089355469,0.40429311990737915,0.11767543852329254,-0.08371040970087051,0.9998976588249207,0.40516695380210876,0.11670704931020737,-0.08376358449459076,0.9999099969863892,0.40633392333984375,0.11549625545740128,-0.08373325318098068,0.9999063014984131,0.439841091632843,0.13555464148521423,-0.1678289771080017,0.9999203085899353,0.43011465668678284,0.12858352065086365,0.029773075133562088,0.9998753666877747,0.40556612610816956,0.17082646489143372,-0.1222023144364357,0.9999155402183533,0.4015868306159973,0.16735108196735382,-0.06497354805469513,0.9998763799667358,0.4813423156738281,0.3179400861263275,-0.2547014057636261,0.999750554561615,0.42570728063583374,0.2814520597457886,0.14761579036712646,0.9986911416053772,0.41888752579689026,0.5286363959312439,-0.23946020007133484,0.9523869156837463,0.3750056028366089,0.42233455181121826,0.14088617265224457,0.2338058203458786,0.33812814950942993,0.40961891412734985,-0.1158759593963623,0.9802091717720032,0.33050864934921265,0.3951788544654846,-0.008077693171799183,0.41720035672187805,0.3111305832862854,0.38567915558815,-0.14876946806907654,0.972035825252533,0.30179840326309204,0.3640538454055786,-0.017027515918016434,0.4042535722255707,0.32287460565567017,0.3686990439891815,-0.15148478746414185,0.9715048670768738,0.32767874002456665,0.3634294867515564,-0.036764614284038544,0.4239792823791504,0.3382839858531952,0.3760804831981659,-0.11489859968423843,0.9589126706123352,0.3431463837623596,0.3729051351547241,-0.022116627544164658,0.42285725474357605,0.5756577253341675,0.6129170656204224,-0.10885479301214218,0.9999648332595825,0.5232353806495667,0.5680264234542847,0.10902690887451172,0.999858558177948,0.45302873849868774,0.5991098284721375,-0.41408246755599976,0.9821521639823914,0.41502171754837036,0.5126448273658752,0.16860085725784302,0.37370264530181885,0.5154451727867126,0.8507864475250244,-0.24874229729175568,0.9448645114898682,0.4736807942390442,0.7193782329559326,0.31468290090560913,0.5251868367195129,0.5409968495368958,0.8956809043884277,-0.23037970066070557,0.9124825596809387,0.49266543984413147,0.7334674596786499,0.32822686433792114,0.6045382022857666,0.45363253355026245,0.9103900194168091,-0.2880394458770752,0.9445357918739319,0.4115462899208069,0.7758012413978577,0.3105981647968292,0.6720826625823975
down,0.3956267535686493,0.14146077632904053,-0.11700843274593353,0.9998892545700073,0.4087910056114197,0.12021182477474213,-0.138567715883255,0.9999392032623291,0.4130406379699707,0.12059814482927322,-0.13861754536628723,0.9999497532844543,0.4176689684391022,0.12106039375066757,-0.13871070742607117,0.99994957447052,0.4048936367034912,0.11817571520805359,-0.0925808697938919,0.9998978972434998,0.4058014452457428,0.11726143956184387,-0.09264834970235825,0.9999099969863892,0.40700864791870117,0.11609592288732529,-0.09261809289455414,0.9999061822891235,0.44034266471862793,0.13598904013633728,-0.1774739772081375,0.9999198317527771,0.4309535026550293,0.1291426420211792,0.0238204225897789,0.9998739957809448,0.4060820937156677,0.1712203472852707,-0.13131754100322723,0.9999152421951294,0.4020611345767975,0.1679067760705948,-0.07303502410650253,0.9998772740364075,0.48172107338905334,0.3182428479194641,-0.2636769413948059,0.9997477531433105,0.4256616234779358,0.2819315493106842,0.14351168274879456,0.9987512826919556,0.41908368468284607,0.5286732912063599,-0.24453160166740417,0.951549768447876,0.3752119541168213,0.4216207265853882,0.13246387243270874,0.23703308403491974,0.33903074264526367,0.4096774160861969,-0.11337697505950928,0.9795081615447998,0.3311992287635803,0.39555221796035767,-0.02243235893547535,0.4250417947769165,0.31283992528915405,0.3857184946537018,-0.14648617804050446,0.9711129069328308,0.3033314347267151,0.36408376693725586,-0.032122980803251266,0.41133078932762146,0.3243773579597473,0.36877259612083435,-0.14963488280773163,0.970650315284729,0.32860705256462097,0.3630889356136322,-0.05127805471420288,0.43144795298576355,0.3393799364566803,0.3759879767894745,-0.1122899204492569,0.9576974511146545,0.3438349962234497,0.3720984160900116,-0.0363481231033802,0.4299144148826599,0.5759812593460083,0.6128854155540466,-0.10920193046331406,0.9999646544456482,0.5233220458030701,0.5680140852928162,0.10935904830694199,0.9998610615730286,0.45463666319847107,0.5983485579490662,-0.41874590516090393,0.9814619421958923,0.41670775413513184,0.5116448998451233,0.1778489649295807,0.36743873357772827,0.5153688192367554,0.8503214716911316,-0.25117185711860657,0.9448214769363403,0.4737173914909363,0.7195436954498291,0.3360098898410797,0.5218290686607361,0.5409954190254211,0.8959492444992065,-0.2327139675617218,0.9114879369735718,0.4926556646823883,0.734406590461731,0.3506724238395691,0.6034996509552002,0.4535923898220062,0.9106908440589905,-0.2922840714454651,0.9449971914291382,0.4112209379673004,0.7756842970848083,0.3315139412879944,0.6691058278083801
down,0.39611610770225525,0.14233516156673431,-0.11816009134054184,0.9998939633369446,0.40920910239219666,0.12104208022356033,-0.13988181948661804,0.9999416470527649,0.4135315418243408,0.12147438526153564,-0.13993246853351593,0.9999515414237976,0.4181607663631439,0.121912382543087,-0.14002865552902222,0.999951183795929,0.40516501665115356,0.11900059133768082,-0.09382342547178268,0.9999026656150818,0.4060584604740143,0.11813344061374664,-0.09389117360115051,0.9999138712882996,0.40724819898605347,0.11697794497013092,-0.09386216104030609,0.9999099373817444,0.440646231174469,0.13643652200698853,-0.17920124530792236,0.9999234676361084,0.4312259554862976,0.12960582971572876,0.022489026188850403,0.9998773336410522,0.4067718982696533,0.1719335913658142,-0.1325744092464447,0.9999189376831055,0.4024904668331146,0.1689048707485199,-0.0742272138595581,0.9998825788497925,0.4823179841041565,0.3192286193370819,-0.2651556134223938,0.9997500777244568,0.42575374245643616,0.2831694781780243,0.142661914229393,0.9987979531288147,0.41959887742996216,0.5288312435150146,-0.2447446584701538,0.9505773782730103,0.375674307346344,0.424386203289032,0.12633827328681946,0.23683388531208038,0.3398776352405548,0.4106109142303467,-0.10608063638210297,0.9787163138389587,0.33174532651901245,0.39767685532569885,-0.03124597668647766,0.4287793040275574,0.3148207664489746,0.3864390552043915,-0.13695451617240906,0.9700245261192322,0.30594635009765625,0.36580997705459595,-0.04149949178099632,0.41504138708114624,0.32672736048698425,0.3690892159938812,-0.14104542136192322,0.9695992469787598,0.32840853929519653,0.36327141523361206,-0.060089755803346634,0.43518418073654175,0.34118279814720154,0.37619513273239136,-0.10485193878412247,0.9562699794769287,0.34381023049354553,0.3720216155052185,-0.04492245614528656,0.43258580565452576,0.5763431191444397,0.6130533218383789,-0.10970590263605118,0.9999666810035706,0.5237578749656677,0.5687479376792908,0.10984848439693451,0.9998710751533508,0.4557085633277893,0.5984158515930176,-0.4263138771057129,0.9814164042472839,0.4177613854408264,0.5121254920959473,0.18706950545310974,0.36530670523643494,0.5154852271080017,0.8500360250473022,-0.25440019369125366,0.9455288648605347,0.47386646270751953,0.7196568250656128,0.3553142547607422,0.5256559252738953,0.541085958480835,0.8959475159645081,-0.23544462025165558,0.9121931195259094,0.49272212386131287,0.7345914244651794,0.3708871901035309,0.6055184602737427,0.45365720987319946,0.9112111330032349,-0.294534832239151,0.9464399218559265,0.41094550490379333,0.7756757140159607,0.3543947637081146,0.6722573637962341
down,0.39585021138191223,0.14458268880844116,-0.11017855256795883,0.9999024271965027,0.4090918004512787,0.12274347245693207,-0.13218243420124054,0.9999460577964783,0.41329580545425415,0.123177170753479,-0.13222959637641907,0.9999549984931946,0.4178554117679596,0.12365572899580002,-0.13231919705867767,0.9999549388885498,0.40515246987342834,0.12082012742757797,-0.08518941700458527,0.9999108910560608,0.40605226159095764,0.11993463337421417,-0.08525245636701584,0.9999207258224487,0.4072476923465729,0.11878179013729095,-0.08522111922502518,0.9999173879623413,0.440330445766449,0.13886719942092896,-0.17377683520317078,0.999928891658783,0.431053102016449,0.13236139714717865,0.03197305276989937,0.9998842477798462,0.40639281272888184,0.174555703997612,-0.12577393651008606,0.9999235272407532,0.4023284316062927,0.1714353710412979,-0.06611213833093643,0.9998889565467834,0.4821551442146301,0.32022422552108765,-0.2631720304489136,0.9997639060020447,0.4255383014678955,0.2853778004646301,0.15292777121067047,0.9988576173782349,0.42023196816444397,0.5289090275764465,-0.2343282252550125,0.9487587809562683,0.3789232075214386,0.42898088693618774,0.14806047081947327,0.23155461251735687,0.34037116169929504,0.41206851601600647,-0.09098020941019058,0.9775880575180054,0.33348846435546875,0.4012813866138458,0.004443726036697626,0.42762231826782227,0.3156030774116516,0.38688766956329346,-0.12225308269262314,0.9687427282333374,0.3069637715816498,0.3673607409000397,-0.004678311292082071,0.4137486219406128,0.32887375354766846,0.3700181245803833,-0.12736919522285461,0.968377947807312,0.3296199440956116,0.3645784556865692,-0.024405766278505325,0.4341019093990326,0.34311529994010925,0.3767467141151428,-0.09028224647045135,0.9546054005622864,0.3439423143863678,0.3738498389720917,-0.009858481585979462,0.43076440691947937,0.5769972205162048,0.6133150458335876,-0.11185703426599503,0.9999696612358093,0.5252723693847656,0.5704211592674255,0.11199309676885605,0.9998830556869507,0.4561130106449127,0.5977100133895874,-0.4295426905155182,0.9822408556938171,0.41835564374923706,0.5141700506210327,0.20038823783397675,0.3658091127872467,0.5156457424163818,0.8543390035629272,-0.272355854511261,0.9497978687286377,0.47468963265419006,0.7215389609336853,0.3667515218257904,0.5397080183029175,0.5416407585144043,0.897994339466095,-0.2544263005256653,0.9175729751586914,0.49323853850364685,0.7368783950805664,0.3816734552383423,0.6137206554412842,0.4538504481315613,0.9144019484519958,-0.3161996901035309,0.9511797428131104,0.4112399220466614,0.7777649164199829,0.363209068775177,0.6840810179710388
down,0.39554715156555176,0.14629322290420532,-0.10974929481744766,0.999909520149231,0.4085925221443176,0.12414026260375977,-0.13156114518642426,0.9999492168426514,0.41273704171180725,0.12458489835262299,-0.13160493969917297,0.9999577403068542,0.41732078790664673,0.1250849813222885,-0.13169249892234802,0.9999573826789856,0.40457502007484436,0.1220816895365715,-0.08541722595691681,0.9999168515205383,0.4054185748100281,0.12109667807817459,-0.08548670262098312,0.9999268651008606,0.4065418839454651,0.11986646801233292,-0.085447296500206,0.9999234080314636,0.4401188790798187,0.1404527723789215,-0.1726047694683075,0.9999338984489441,0.4303339421749115,0.13380852341651917,0.029876256361603737,0.9998924136161804,0.40619975328445435,0.17650212347507477,-0.12514731287956238,0.999927282333374,0.40205106139183044,0.17311501502990723,-0.06651480495929718,0.999894380569458,0.4825735092163086,0.32062071561813354,-0.26021674275398254,0.9997724294662476,0.4247940480709076,0.28597015142440796,0.14836513996124268,0.9989330172538757,0.42033258080482483,0.5288705825805664,-0.23048517107963562,0.9473909139633179,0.3792165219783783,0.4288301169872284,0.14210733771324158,0.23584319651126862,0.3409229516983032,0.41383635997772217,-0.08343114703893661,0.9759970307350159,0.33394578099250793,0.40321990847587585,-0.0036271964199841022,0.43123066425323486,0.31659021973609924,0.38934266567230225,-0.11348126828670502,0.9667438268661499,0.30798837542533875,0.36865925788879395,-0.012846402823925018,0.414991170167923,0.3292095363140106,0.37359368801116943,-0.11818061023950577,0.9663644433021545,0.33006948232650757,0.36693835258483887,-0.03167044371366501,0.4351775646209717,0.34306803345680237,0.3798939287662506,-0.08248110115528107,0.9519983530044556,0.3441833257675171,0.37600719928741455,-0.017508018761873245,0.4323786795139313,0.5775324106216431,0.6129958033561707,-0.1113346591591835,0.9999691843986511,0.5252410769462585,0.5701296329498291,0.11145619302988052,0.9998827576637268,0.4567066729068756,0.5941426157951355,-0.41000598669052124,0.9819971919059753,0.41794553399086,0.5117682814598083,0.17675311863422394,0.36573734879493713,0.5156811475753784,0.8590342998504639,-0.25870534777641296,0.95249342918396,0.47459354996681213,0.7223005294799805,0.3254922032356262,0.5414425730705261,0.5414752960205078,0.9022927284240723,-0.2422483265399933,0.9195132255554199,0.4930036962032318,0.7374708652496338,0.338670551776886,0.6150641441345215,0.453737735748291,0.9187615513801575,-0.3057892620563507,0.9532715082168579,0.4109606146812439,0.7777959108352661,0.32124969363212585,0.685012698173523
down,0.3953841030597687,0.14816619455814362,-0.10698920488357544,0.9999074935913086,0.40818318724632263,0.12630373239517212,-0.12896017730236053,0.9999473690986633,0.4123479425907135,0.12652473151683807,-0.12900833785533905,0.9999565482139587,0.4170096814632416,0.12676268815994263,-0.12909629940986633,0.9999563097953796,0.4042122960090637,0.12452712655067444,-0.08299034088850021,0.9999141097068787,0.40507906675338745,0.12355154007673264,-0.08305364847183228,0.9999249577522278,0.4062236249446869,0.12239057570695877,-0.083018958568573,0.9999215006828308,0.44008272886276245,0.14091552793979645,-0.17103800177574158,0.9999317526817322,0.4301636815071106,0.13481180369853973,0.03071538545191288,0.9998904466629028,0.4061599373817444,0.17827440798282623,-0.1226973682641983,0.9999232888221741,0.40206092596054077,0.17489787936210632,-0.06424589455127716,0.9998878240585327,0.4828580319881439,0.32081422209739685,-0.2590569853782654,0.9997677803039551,0.4247190058231354,0.2861008048057556,0.14879971742630005,0.998916745185852,0.4202565550804138,0.5288185477256775,-0.23245684802532196,0.9451617002487183,0.378958523273468,0.4270838797092438,0.15490397810935974,0.24038182199001312,0.34103065729141235,0.4140472412109375,-0.09204857796430588,0.9752358198165894,0.33396780490875244,0.4031369984149933,0.020405570045113564,0.4328024685382843,0.31651389598846436,0.3918607831001282,-0.12370631843805313,0.9660807251930237,0.30722513794898987,0.3688313066959381,0.012829875573515892,0.4154171347618103,0.32794493436813354,0.376239150762558,-0.12782686948776245,0.9656497240066528,0.32908207178115845,0.3683159351348877,-0.007919724099338055,0.43531736731529236,0.34121525287628174,0.3820675313472748,-0.09130943566560745,0.9511182308197021,0.3421284854412079,0.37760069966316223,0.006086158100515604,0.4338468909263611,0.5779051184654236,0.6123886704444885,-0.11122880131006241,0.999964714050293,0.5249189138412476,0.5695516467094421,0.11135232448577881,0.9998659491539001,0.4566596448421478,0.5922242403030396,-0.4032058119773865,0.9811549186706543,0.4169747233390808,0.5099368095397949,0.17031273245811462,0.36682775616645813,0.5160547494888306,0.8606758117675781,-0.2538430392742157,0.9537716507911682,0.47402524948120117,0.7223565578460693,0.3141237199306488,0.5350525975227356,0.5416606068611145,0.9031297564506531,-0.237575963139534,0.9197099804878235,0.4923670291900635,0.7377235293388367,0.3270800709724426,0.6117741465568542,0.45553794503211975,0.9258553385734558,-0.3012211322784424,0.9533414244651794,0.4088061451911926,0.7782562375068665,0.30929067730903625,0.6786205172538757
down,0.3953658938407898,0.14934097230434418,-0.11214452981948853,0.9999072551727295,0.40804606676101685,0.12732219696044922,-0.13398917019367218,0.9999464154243469,0.4122236669063568,0.12745551764965057,-0.134037584066391,0.9999561309814453,0.41691136360168457,0.12756961584091187,-0.1341269612312317,0.9999557137489319,0.40402951836586,0.12559446692466736,-0.088387630879879,0.9999126195907593,0.4048737585544586,0.1245872899889946,-0.088459812104702,0.9999243021011353,0.40600281953811646,0.12339635193347931,-0.08842946588993073,0.9999205470085144,0.4401001036167145,0.14113131165504456,-0.17491929233074188,0.9999310374259949,0.43012890219688416,0.1351855844259262,0.025277072563767433,0.9998908042907715,0.40621280670166016,0.17931883037090302,-0.12713128328323364,0.9999229907989502,0.40209269523620605,0.17603656649589539,-0.06914022564888,0.9998863935470581,0.48394322395324707,0.3207141160964966,-0.2610084116458893,0.9997711777687073,0.4247411787509918,0.2860828936100006,0.14334988594055176,0.9989460706710815,0.4205044209957123,0.5288211107254028,-0.2408723086118698,0.9452676773071289,0.37836581468582153,0.426321417093277,0.14110732078552246,0.2540986239910126,0.34113070368766785,0.4143957495689392,-0.10920000076293945,0.9754838943481445,0.33385998010635376,0.40307486057281494,-0.010201775468885899,0.4461042881011963,0.31639862060546875,0.39325955510139465,-0.1414739042520523,0.9666263461112976,0.3065640330314636,0.3690163195133209,-0.02070554345846176,0.42699429392814636,0.3271022439002991,0.37745437026023865,-0.14562809467315674,0.9661437273025513,0.3284305930137634,0.368823379278183,-0.040137965232133865,0.44653448462486267,0.3403737545013428,0.3833374083042145,-0.1085117906332016,0.9517385363578796,0.3411191403865814,0.3789273202419281,-0.024363746866583824,0.44580885767936707,0.5786495208740234,0.6118543744087219,-0.11064227670431137,0.9999626278877258,0.5247482061386108,0.5693880915641785,0.1107628345489502,0.9998578429222107,0.45703592896461487,0.5936149954795837,-0.3967972695827484,0.9806903600692749,0.4167056679725647,0.5096889138221741,0.15469609200954437,0.3720523416996002,0.5162235498428345,0.8623329997062683,-0.2369784563779831,0.9550395607948303,0.4739910066127777,0.7226148247718811,0.29707905650138855,0.5340395569801331,0.5419202446937561,0.9037867188453674,-0.21977686882019043,0.9201112985610962,0.4923624098300934,0.7386044263839722,0.3101206123828888,0.6118542551994324,0.45632100105285645,0.9326983690261841,-0.28165096044540405,0.9535578489303589,0.40757450461387634,0.7824293971061707,0.29164788126945496,0.6781503558158875
down,0.3956514000892639,0.15026864409446716,-0.12214219570159912,0.9999101758003235,0.4080064296722412,0.12772084772586823,-0.14425526559352875,0.9999478459358215,0.4122280478477478,0.1277952343225479,-0.1443004459142685,0.9999574422836304,0.41695815324783325,0.12782281637191772,-0.14438819885253906,0.9999566674232483,0.40383368730545044,0.126011461019516,-0.09860901534557343,0.9999157786369324,0.4046252369880676,0.12495763599872589,-0.09868653863668442,0.9999274015426636,0.40570592880249023,0.12370185554027557,-0.09865571558475494,0.9999231696128845,0.44026094675064087,0.1410980075597763,-0.183773010969162,0.9999340772628784,0.4301420748233795,0.13524886965751648,0.016223300248384476,0.9998956918716431,0.4071018695831299,0.17985861003398895,-0.13652673363685608,0.9999265670776367,0.40264731645584106,0.1770261824131012,-0.07855427265167236,0.9998917579650879,0.48457789421081543,0.3205450475215912,-0.2682982385158539,0.9997791647911072,0.42572784423828125,0.2859865128993988,0.1362474113702774,0.9990227222442627,0.4207528531551361,0.5291537642478943,-0.24783475697040558,0.9467245936393738,0.37880730628967285,0.4262273609638214,0.1265978217124939,0.2666722536087036,0.34197965264320374,0.41519665718078613,-0.11062876135110855,0.9754801392555237,0.33403170108795166,0.4032873809337616,-0.03029208816587925,0.46211230754852295,0.31662869453430176,0.3934471607208252,-0.14249369502067566,0.9664584994316101,0.30723920464515686,0.3697085380554199,-0.041085511445999146,0.44207853078842163,0.3275182843208313,0.3772992789745331,-0.14646229147911072,0.9659290313720703,0.32839536666870117,0.3689667284488678,-0.0603393018245697,0.46131160855293274,0.34107574820518494,0.3832486867904663,-0.10970494896173477,0.9514686465263367,0.3413946032524109,0.37872013449668884,-0.04451359063386917,0.45986923575401306,0.5789405107498169,0.6117234230041504,-0.10983557999134064,0.999962568283081,0.5249583721160889,0.5692119598388672,0.1099407896399498,0.9998611211776733,0.4572058618068695,0.5933185815811157,-0.3971474766731262,0.9804589152336121,0.41630834341049194,0.5087037086486816,0.15738235414028168,0.3806266486644745,0.5162598490715027,0.8625618815422058,-0.23757541179656982,0.9562569856643677,0.47400903701782227,0.7226444482803345,0.30280962586402893,0.5384553670883179,0.5419572591781616,0.9040197730064392,-0.22053924202919006,0.9212666153907776,0.49254173040390015,0.7386557459831238,0.31575021147727966,0.6159939169883728,0.45646896958351135,0.9324743747711182,-0.283708393573761,0.9543942809104919,0.4065397381782532,0.7823108434677124,0.29698753356933594,0.6817713975906372
down,0.39617612957954407,0.1507197767496109,-0.1229114904999733,0.999913215637207,0.408283531665802,0.12790311872959137,-0.14492198824882507,0.9999491572380066,0.41258397698402405,0.1279519647359848,-0.1449672281742096,0.9999583959579468,0.41734498739242554,0.12794966995716095,-0.14505434036254883,0.9999575614929199,0.40388497710227966,0.12634794414043427,-0.09909743070602417,0.9999181032180786,0.4046262204647064,0.12534797191619873,-0.09917201101779938,0.9999292492866516,0.40568026900291443,0.1241161972284317,-0.09913775324821472,0.9999247193336487,0.44045138359069824,0.14106804132461548,-0.18423831462860107,0.999936044216156,0.4301389753818512,0.13535834848880768,0.016261616721749306,0.9998974800109863,0.4079767167568207,0.1803833693265915,-0.1372850388288498,0.9999294281005859,0.40318411588668823,0.1780259609222412,-0.07906506955623627,0.9998960494995117,0.4844553470611572,0.32084232568740845,-0.27029064297676086,0.9997899532318115,0.4274466633796692,0.2863527238368988,0.1379733830690384,0.9990777969360352,0.4207656979560852,0.5296739935874939,-0.25022226572036743,0.9482718110084534,0.38041988015174866,0.42622143030166626,0.13307836651802063,0.269978404045105,0.3421209752559662,0.4153349697589874,-0.11096950620412827,0.9758257269859314,0.3344247043132782,0.4032588601112366,-0.01957548037171364,0.4700288772583008,0.3168286085128784,0.39339756965637207,-0.14289627969264984,0.9666113257408142,0.3084166646003723,0.3705346882343292,-0.029163818806409836,0.4488798975944519,0.32779794931411743,0.37649819254875183,-0.1464168280363083,0.9660656452178955,0.32834285497665405,0.3688575029373169,-0.04985873028635979,0.4681624472141266,0.3414725065231323,0.3825545907020569,-0.10983556509017944,0.9515106081962585,0.34188389778137207,0.3786405324935913,-0.03434215858578682,0.46618732810020447,0.5790256261825562,0.6120790243148804,-0.11038889735937119,0.9999639987945557,0.5259653329849243,0.5694159865379333,0.11048071086406708,0.9998671412467957,0.4576089382171631,0.5948875546455383,-0.4008428454399109,0.9808595180511475,0.41666191816329956,0.508704662322998,0.16353633999824524,0.3902030289173126,0.5163137912750244,0.8633096218109131,-0.24590186774730682,0.9581225514411926,0.4740069806575775,0.7229502201080322,0.30850300192832947,0.5492159128189087,0.5419986248016357,0.9047324061393738,-0.22925496101379395,0.9234351515769958,0.49258366227149963,0.7391437292098999,0.3213074207305908,0.62423175573349,0.45705872774124146,0.9343289732933044,-0.2931326627731323,0.9564024209976196,0.4064813554286957,0.7835478186607361,0.30250588059425354,0.6903651356697083
down,0.3962606191635132,0.15203365683555603,-0.12361451238393784,0.9999218583106995,0.40837305784225464,0.12913955748081207,-0.14719872176647186,0.999954342842102,0.4127598702907562,0.12915638089179993,-0.14723506569862366,0.9999626874923706,0.41760197281837463,0.12912942469120026,-0.1473148912191391,0.999961793422699,0.40378689765930176,0.1278926581144333,-0.10119130462408066,0.9999272227287292,0.40447568893432617,0.1269935965538025,-0.10126367956399918,0.9999368786811829,0.4054698348045349,0.12583215534687042,-0.10122735798358917,0.9999321103096008,0.44079700112342834,0.14175564050674438,-0.1894022822380066,0.9999436736106873,0.430122435092926,0.13640739023685455,0.01144175324589014,0.9999098181724548,0.40823203325271606,0.18185213208198547,-0.1390073448419571,0.9999375939369202,0.40329474210739136,0.17964708805084229,-0.08057691156864166,0.999907910823822,0.48441290855407715,0.32059305906295776,-0.275296688079834,0.9998021125793457,0.4280191957950592,0.28561002016067505,0.13373561203479767,0.9991492033004761,0.4206065237522125,0.5285993814468384,-0.2535320222377777,0.9507495164871216,0.37926357984542847,0.42298606038093567,0.11602436006069183,0.2790314257144928,0.34197741746902466,0.4125109314918518,-0.10171334445476532,0.9758964776992798,0.3337419927120209,0.39671051502227783,-0.055528223514556885,0.4777923822402954,0.3169364333152771,0.3904910981655121,-0.13252246379852295,0.9663242697715759,0.3082294464111328,0.3666726350784302,-0.06599636375904083,0.45688140392303467,0.3279711604118347,0.37332603335380554,-0.13893114030361176,0.9658381342887878,0.33089208602905273,0.3654422461986542,-0.08564068377017975,0.4762996733188629,0.3415338695049286,0.3792126178741455,-0.10151819884777069,0.951370120048523,0.34283000230789185,0.37451550364494324,-0.0700022280216217,0.47405630350112915,0.5792373418807983,0.6122167706489563,-0.11140777915716171,0.9999637603759766,0.5263514518737793,0.56943678855896,0.11148931086063385,0.9998719096183777,0.4566172957420349,0.5898566246032715,-0.3942309021949768,0.9805288314819336,0.41555118560791016,0.5060410499572754,0.15910139679908752,0.400219589471817,0.5161923766136169,0.8643088340759277,-0.24672412872314453,0.9592309594154358,0.4744010865688324,0.7235129475593567,0.29937735199928284,0.550848126411438,0.5418280363082886,0.9060433506965637,-0.2314929962158203,0.9251007437705994,0.49311408400535583,0.7417303323745728,0.3116963505744934,0.6280773878097534,0.4572423994541168,0.936278223991394,-0.2950787842273712,0.9572885036468506,0.4065427780151367,0.785886824131012,0.2940950393676758,0.6918290257453918
down,0.39646115899086,0.15272106230258942,-0.12402401119470596,0.9999266266822815,0.4087272584438324,0.13019797205924988,-0.14679259061813354,0.9999579191207886,0.4132632613182068,0.13031353056430817,-0.14682818949222565,0.999965488910675,0.4181617796421051,0.13044074177742004,-0.14690960943698883,0.9999645948410034,0.40386396646499634,0.1288173496723175,-0.10030689090490341,0.9999331831932068,0.4045184254646301,0.12788088619709015,-0.10037030279636383,0.9999412894248962,0.4054844379425049,0.12668877840042114,-0.10032939910888672,0.999936580657959,0.4414288401603699,0.14265373349189758,-0.18742142617702484,0.9999489784240723,0.43035632371902466,0.1367761790752411,0.016158055514097214,0.9999175667762756,0.40936461091041565,0.18259695172309875,-0.13867734372615814,0.9999430775642395,0.40368491411209106,0.18017961084842682,-0.07965084165334702,0.9999164938926697,0.48387202620506287,0.31817492842674255,-0.27859190106391907,0.9998131990432739,0.42808985710144043,0.28176456689834595,0.14125318825244904,0.9992015361785889,0.41968196630477905,0.5239346623420715,-0.26352134346961975,0.9524288177490234,0.36834436655044556,0.4099131226539612,0.1275160014629364,0.2843092083930969,0.3404574990272522,0.40870171785354614,-0.12212058156728745,0.9759640097618103,0.3311226963996887,0.3900935649871826,-0.03962063789367676,0.48275047540664673,0.3154321312904358,0.3860348165035248,-0.15604181587696075,0.9662830233573914,0.30741915106773376,0.3633003532886505,-0.0511019229888916,0.4648640751838684,0.3271997570991516,0.3671514689922333,-0.1613927185535431,0.965893030166626,0.33166903257369995,0.36206403374671936,-0.07023616135120392,0.4844469428062439,0.34119758009910583,0.3742065727710724,-0.12188659608364105,0.9513716697692871,0.3433992266654968,0.37206029891967773,-0.05409077927470207,0.48178622126579285,0.5792664289474487,0.6122674942016602,-0.11415771394968033,0.9999634623527527,0.5269504189491272,0.5691826939582825,0.11422723531723022,0.9998764991760254,0.4555272161960602,0.5873311758041382,-0.40198493003845215,0.9797576069831848,0.4153071343898773,0.5048121809959412,0.16396813094615936,0.40056243538856506,0.5158806443214417,0.863649308681488,-0.2446245700120926,0.9590256810188293,0.47441011667251587,0.7233399152755737,0.31060510873794556,0.5452864170074463,0.5413874983787537,0.9060235023498535,-0.22813105583190918,0.9247722625732422,0.4931432604789734,0.741497278213501,0.32342907786369324,0.6256462931632996,0.4567764401435852,0.9319592118263245,-0.2929786443710327,0.9569061994552612,0.4059397578239441,0.7856428623199463,0.3019685745239258,0.6880608201026917
down,0.39660340547561646,0.15279415249824524,-0.11923126131296158,0.9999166131019592,0.4089227318763733,0.1302606463432312,-0.1420067846775055,0.9999513626098633,0.4134727418422699,0.13037221133708954,-0.14205104112625122,0.9999597072601318,0.41835442185401917,0.13049578666687012,-0.1421404629945755,0.9999592900276184,0.4040125906467438,0.12891234457492828,-0.09405295550823212,0.9999221563339233,0.40466317534446716,0.12798763811588287,-0.09409470111131668,0.999930202960968,0.40562137961387634,0.12681470811367035,-0.09405963867902756,0.9999256730079651,0.44148367643356323,0.14265815913677216,-0.18546970188617706,0.9999393224716187,0.4304901957511902,0.13684207201004028,0.023941999301314354,0.9998995065689087,0.4095325469970703,0.1826523393392563,-0.13490450382232666,0.9999324679374695,0.40387240052223206,0.1802721917629242,-0.07376061379909515,0.9999017119407654,0.4828157424926758,0.31705155968666077,-0.2791098952293396,0.9998075366020203,0.42796850204467773,0.2817620635032654,0.15140791237354279,0.9991733431816101,0.420073926448822,0.5223713517189026,-0.2668133080005646,0.9507749676704407,0.3784268796443939,0.41479000449180603,0.17063774168491364,0.28788354992866516,0.34044450521469116,0.4084581136703491,-0.13555344939231873,0.976683497428894,0.33160200715065,0.39721882343292236,0.033770523965358734,0.4996510148048401,0.31547224521636963,0.3863840699195862,-0.17165997624397278,0.9674420952796936,0.3068995475769043,0.3657437264919281,0.027436042204499245,0.4800899028778076,0.3263978064060211,0.3662867546081543,-0.17455710470676422,0.9669952988624573,0.32636645436286926,0.36242276430130005,0.0031840242445468903,0.5001657009124756,0.3404676020145416,0.3727526366710663,-0.1347837746143341,0.9523852467536926,0.3383719325065613,0.3731060326099396,0.01788461208343506,0.49774858355522156,0.5793298482894897,0.6121119856834412,-0.11756785213947296,0.999963641166687,0.527184009552002,0.5692563652992249,0.11764222383499146,0.9998737573623657,0.45585235953330994,0.5866243243217468,-0.413571298122406,0.980098307132721,0.4172264635562897,0.506324827671051,0.18322224915027618,0.39974740147590637,0.5158660411834717,0.8634622097015381,-0.24905630946159363,0.9598830342292786,0.474928617477417,0.7233460545539856,0.3389086127281189,0.5521271228790283,0.5413992404937744,0.9062420129776001,-0.23163361847400665,0.9253220558166504,0.4934665262699127,0.741526186466217,0.35283127427101135,0.6279121041297913,0.45667749643325806,0.930761456489563,-0.2954133450984955,0.9578612446784973,0.40612274408340454,0.7853507995605469,0.33348971605300903,0.6933690309524536
down,0.3966960608959198,0.15272575616836548,-0.12613876163959503,0.9999021291732788,0.4090979993343353,0.13023562729358673,-0.1479433923959732,0.9999414682388306,0.4136884808540344,0.13034126162528992,-0.14799630641937256,0.9999515414237976,0.41861486434936523,0.1304612010717392,-0.148093581199646,0.9999512434005737,0.4041116237640381,0.12893861532211304,-0.1010858565568924,0.999904215335846,0.40474194288253784,0.12803024053573608,-0.1011345237493515,0.9999136924743652,0.4056820273399353,0.12686686217784882,-0.10110284388065338,0.9999083280563354,0.4416469931602478,0.1426326036453247,-0.18825842440128326,0.9999252557754517,0.43055614829063416,0.13695040345191956,0.017896147444844246,0.9998737573623657,0.4096660614013672,0.18267883360385895,-0.14045867323875427,0.9999176263809204,0.4039902091026306,0.18030241131782532,-0.08068148791790009,0.9998809099197388,0.4818821847438812,0.316828191280365,-0.2800547778606415,0.9998010396957397,0.42756715416908264,0.28223973512649536,0.14527109265327454,0.9991229176521301,0.4204273223876953,0.5232654213905334,-0.27121490240097046,0.9500848054885864,0.3787597715854645,0.4164275825023651,0.16730265319347382,0.29273509979248047,0.34015002846717834,0.4083259701728821,-0.14975544810295105,0.9776468873023987,0.3316415548324585,0.3997291624546051,0.033452358096838,0.5148343443870544,0.31475481390953064,0.3864279091358185,-0.18661293387413025,0.9688013195991516,0.30573052167892456,0.3682183623313904,0.02724815346300602,0.49305060505867004,0.32500454783439636,0.36551448702812195,-0.18916401267051697,0.9683023691177368,0.3241475224494934,0.3625398874282837,0.0021770806051790714,0.5138419270515442,0.33924347162246704,0.3719036877155304,-0.14912016689777374,0.9537786245346069,0.3366178870201111,0.3733667731285095,0.017346030101180077,0.511695921421051,0.5793293714523315,0.6121589541435242,-0.1165410503745079,0.9999635815620422,0.5271447896957397,0.5695082545280457,0.11662064492702484,0.9998682737350464,0.455932080745697,0.5870813131332397,-0.4135485589504242,0.9803162813186646,0.41764283180236816,0.5082326531410217,0.18085332214832306,0.4000232219696045,0.5158804655075073,0.8634098768234253,-0.24045200645923615,0.9599783420562744,0.47497349977493286,0.7233359217643738,0.33542901277542114,0.558753490447998,0.5414322018623352,0.9062933921813965,-0.2218848168849945,0.9248377084732056,0.49349918961524963,0.7415711879730225,0.3494081497192383,0.6301127076148987,0.4567267894744873,0.9308719038963318,-0.2837204933166504,0.9580418467521667,0.40612831711769104,0.7848675847053528,0.3300623297691345,0.6981437802314758
down,0.396698534488678,0.15293335914611816,-0.12560045719146729,0.9998924732208252,0.4090741276741028,0.1303200125694275,-0.14740121364593506,0.9999350905418396,0.41366544365882874,0.13040801882743835,-0.1474558413028717,0.9999464154243469,0.41859331727027893,0.13051165640354156,-0.14755329489707947,0.9999462962150574,0.40406686067581177,0.12909875810146332,-0.1008630245923996,0.9998922348022461,0.4046933054924011,0.1282079517841339,-0.10091271251440048,0.9999028444290161,0.4056335389614105,0.12705494463443756,-0.10088144242763519,0.9998971223831177,0.4416521191596985,0.14273576438426971,-0.18785014748573303,0.9999157190322876,0.4304712414741516,0.13714854419231415,0.017265189439058304,0.9998581409454346,0.40967434644699097,0.18295568227767944,-0.14003132283687592,0.9999072551727295,0.40400761365890503,0.18070214986801147,-0.08060982078313828,0.9998656511306763,0.48162660002708435,0.3168075382709503,-0.2778192162513733,0.9997956156730652,0.4273223876953125,0.28284433484077454,0.14397312700748444,0.9990816712379456,0.4202969968318939,0.522797703742981,-0.26963168382644653,0.94983971118927,0.37874552607536316,0.4170239269733429,0.17455223202705383,0.2996240556240082,0.3400890827178955,0.40819817781448364,-0.14766806364059448,0.9783989787101746,0.33137500286102295,0.4001804292201996,0.05325008183717728,0.5265446901321411,0.3145114779472351,0.38650643825531006,-0.18418844044208527,0.9698733687400818,0.30505499243736267,0.3695448637008667,0.048388995230197906,0.5033389925956726,0.32454538345336914,0.36528506875038147,-0.18706528842449188,0.9693288803100586,0.3209274411201477,0.3631475567817688,0.021885989233851433,0.5244033336639404,0.3388001322746277,0.37160032987594604,-0.14720796048641205,0.955077052116394,0.33536773920059204,0.3735596537590027,0.03685011714696884,0.5225276350975037,0.5792487859725952,0.6123318672180176,-0.11529179662466049,0.9999631643295288,0.5270578265190125,0.5700341463088989,0.11537759006023407,0.9998630285263062,0.4557638168334961,0.5869793891906738,-0.4113803803920746,0.980086624622345,0.41734570264816284,0.5087231397628784,0.1719209849834442,0.3987221419811249,0.5161553025245667,0.8633317947387695,-0.2397654801607132,0.959202229976654,0.4749055504798889,0.7233275771141052,0.32284942269325256,0.5567542910575867,0.5418228507041931,0.9064547419548035,-0.2215009480714798,0.9236711263656616,0.49345192313194275,0.7416648864746094,0.3365059494972229,0.6273443698883057,0.45697617530822754,0.931070864200592,-0.2815646529197693,0.9571666121482849,0.4059452414512634,0.7846231460571289,0.3183060586452484,0.6963585019111633
down,0.3967033624649048,0.15333673357963562,-0.11854453384876251,0.9998846650123596,0.4090098738670349,0.13042394816875458,-0.14086952805519104,0.9999303817749023,0.4135996699333191,0.13048763573169708,-0.14092092216014862,0.9999424815177917,0.41852012276649475,0.1305709034204483,-0.14101183414459229,0.99994295835495,0.40394824743270874,0.1292784959077835,-0.09455704689025879,0.9998840689659119,0.40455156564712524,0.12838274240493774,-0.09460421651601791,0.9998952150344849,0.40546756982803345,0.12721221148967743,-0.09457115083932877,0.9998897314071655,0.44157305359840393,0.1427876204252243,-0.18275444209575653,0.9999083280563354,0.4302539825439453,0.1372423619031906,0.021164117380976677,0.9998490810394287,0.4097374975681305,0.18337658047676086,-0.13369494676589966,0.9998989105224609,0.40403109788894653,0.18138553202152252,-0.07459457218647003,0.9998538494110107,0.48147374391555786,0.3167967200279236,-0.2718517482280731,0.9997915029525757,0.42733868956565857,0.28372567892074585,0.1452188640832901,0.9990444779396057,0.42002683877944946,0.522669792175293,-0.2611982524394989,0.9494264721870422,0.3788881003856659,0.4181484282016754,0.18226131796836853,0.30518919229507446,0.3401227295398712,0.4079227149486542,-0.14069369435310364,0.9791576862335205,0.33098548650741577,0.40032508969306946,0.060482461005449295,0.5359972715377808,0.31445300579071045,0.3867420256137848,-0.17633618414402008,0.9710087776184082,0.30408376455307007,0.37066471576690674,0.05452952906489372,0.5125429630279541,0.3240276277065277,0.3653503954410553,-0.18010716140270233,0.9704000353813171,0.3199227452278137,0.36387643218040466,0.02971336618065834,0.533600389957428,0.33843523263931274,0.3715352714061737,-0.14062485098838806,0.9565780162811279,0.3340616822242737,0.3740101754665375,0.044594552367925644,0.531995952129364,0.5791239738464355,0.6125075221061707,-0.11446155607700348,0.9999626278877258,0.5270971059799194,0.5709325075149536,0.11454937607049942,0.9998572468757629,0.45525750517845154,0.5860103368759155,-0.4101898670196533,0.9800139665603638,0.41698622703552246,0.5089019536972046,0.16514216363430023,0.39784082770347595,0.5167754888534546,0.8631690144538879,-0.24952490627765656,0.9588513970375061,0.4745770990848541,0.7232558131217957,0.3051742613315582,0.5500012040138245,0.5427873134613037,0.9067841172218323,-0.23267953097820282,0.9234576225280762,0.49307766556739807,0.7417996525764465,0.3176226317882538,0.6219926476478577,0.4574350416660309,0.9309563636779785,-0.2941288948059082,0.9565362930297852,0.405458927154541,0.7843279242515564,0.2989639937877655,0.6906446814537048
down,0.3963874578475952,0.15428245067596436,-0.1116252914071083,0.9998925924301147,0.4081421494483948,0.13092564046382904,-0.13395580649375916,0.9999369382858276,0.41280215978622437,0.1309315413236618,-0.13400930166244507,0.9999482035636902,0.41771024465560913,0.13099923729896545,-0.1340985894203186,0.9999485611915588,0.402748167514801,0.1298617422580719,-0.0892547145485878,0.9998950958251953,0.4032290577888489,0.12893161177635193,-0.08931451290845871,0.9999051690101624,0.40402573347091675,0.127676323056221,-0.08928929269313812,0.9998995661735535,0.4411218762397766,0.14333175122737885,-0.17520198225975037,0.9999179840087891,0.42934951186180115,0.1374725103378296,0.020961757749319077,0.9998661875724792,0.4097267985343933,0.1844959855079651,-0.12602953612804413,0.9999082088470459,0.403843492269516,0.1828003078699112,-0.06931941211223602,0.999865710735321,0.4814227521419525,0.3171926438808441,-0.2643495202064514,0.9997894763946533,0.42815008759498596,0.2845112979412079,0.14093390107154846,0.9990033507347107,0.41888222098350525,0.523142397403717,-0.24935707449913025,0.9494890570640564,0.3764331638813019,0.4212794005870819,0.12869450449943542,0.29509466886520386,0.3393231928348541,0.4076847434043884,-0.11449982225894928,0.9789559245109558,0.32979270815849304,0.39770498871803284,-0.03659079223871231,0.5169658064842224,0.3137401342391968,0.38595208525657654,-0.1459111124277115,0.9707120060920715,0.303618848323822,0.3688682019710541,-0.048874109983444214,0.4974876940250397,0.3237455487251282,0.36535465717315674,-0.151718407869339,0.9700842499732971,0.3223229646682739,0.36371681094169617,-0.0674663633108139,0.5180698037147522,0.338488906621933,0.37182533740997314,-0.11445677280426025,0.9566676616668701,0.3374839723110199,0.37403929233551025,-0.05083311349153519,0.5170058608055115,0.5789260864257812,0.613493800163269,-0.11228857189416885,0.9999618530273438,0.5270947217941284,0.5714665055274963,0.11238034814596176,0.9998552799224854,0.4575192332267761,0.565862238407135,-0.4019562304019928,0.9788529276847839,0.4126640856266022,0.5015689730644226,0.15384675562381744,0.39220669865608215,0.5171211957931519,0.862722635269165,-0.25064581632614136,0.956739068031311,0.4741288125514984,0.722574770450592,0.2922075390815735,0.5315924286842346,0.5434368252754211,0.906891405582428,-0.2346172332763672,0.9211137890815735,0.4927801191806793,0.741129457950592,0.3044983744621277,0.611260712146759,0.4574635922908783,0.930333137512207,-0.294886976480484,0.9544447660446167,0.40519994497299194,0.7843009829521179,0.28747934103012085,0.6773837208747864
down,0.39563801884651184,0.1544545739889145,-0.11723873764276505,0.9999147057533264,0.40754079818725586,0.13121724128723145,-0.1396380364894867,0.9999514818191528,0.4122777581214905,0.13125278055667877,-0.13968412578105927,0.9999605417251587,0.417229026556015,0.1314050555229187,-0.13977265357971191,0.9999604225158691,0.40209323167800903,0.1301565170288086,-0.0958348736166954,0.9999192953109741,0.4025598168373108,0.12922903895378113,-0.09590968489646912,0.9999274015426636,0.40333810448646545,0.12796081602573395,-0.09586639702320099,0.9999220371246338,0.44097161293029785,0.14430031180381775,-0.17855601012706757,0.9999387860298157,0.4290733337402344,0.1379382163286209,0.013873770833015442,0.9998993277549744,0.40944790840148926,0.1851099282503128,-0.13106998801231384,0.9999302625656128,0.4032669961452484,0.18312899768352509,-0.07529675960540771,0.9998965859413147,0.48142915964126587,0.31915202736854553,-0.26369336247444153,0.9998113512992859,0.42888903617858887,0.2845575213432312,0.1319229006767273,0.9990639686584473,0.4173974394798279,0.5254654884338379,-0.2434602677822113,0.9518833756446838,0.35871511697769165,0.41389283537864685,0.09596997499465942,0.28601208329200745,0.3388819992542267,0.4070327877998352,-0.09964952617883682,0.9782636761665344,0.3288830518722534,0.3885515034198761,-0.09068940579891205,0.49059146642684937,0.3131515383720398,0.3825584352016449,-0.1293937861919403,0.9695969820022583,0.3038575053215027,0.3613646924495697,-0.10738041251897812,0.4761022925376892,0.32633891701698303,0.36543136835098267,-0.13721542060375214,0.9690811038017273,0.3294666111469269,0.36055827140808105,-0.12214301526546478,0.4962831437587738,0.3447798192501068,0.3717971742153168,-0.100123330950737,0.9561412334442139,0.3443610966205597,0.37318122386932373,-0.10381221771240234,0.4943998157978058,0.5787943005561829,0.6148272156715393,-0.10994313657283783,0.9999639391899109,0.5275174379348755,0.5714119076728821,0.11004249006509781,0.9998670816421509,0.45486539602279663,0.5803385972976685,-0.39280378818511963,0.9775992035865784,0.4114610552787781,0.5003697872161865,0.15128660202026367,0.38697296380996704,0.5168293118476868,0.8608880043029785,-0.2386341094970703,0.9542494416236877,0.4741271436214447,0.7219738364219666,0.2866225838661194,0.5163167119026184,0.5434513092041016,0.906771183013916,-0.22203056514263153,0.9194701313972473,0.4928011894226074,0.7397192120552063,0.2986927330493927,0.6061497330665588,0.4574025571346283,0.9287157654762268,-0.27620524168014526,0.9522954225540161,0.4052526354789734,0.7838430404663086,0.28481441736221313,0.6689324975013733
down,0.39568930864334106,0.15453124046325684,-0.132104754447937,0.9999250173568726,0.4077392518520355,0.13130317628383636,-0.1536170244216919,0.9999579787254333,0.41252413392066956,0.13133832812309265,-0.15365244448184967,0.999966025352478,0.4175734519958496,0.1314968764781952,-0.15373483300209045,0.9999656081199646,0.40212735533714294,0.13023993372917175,-0.10948984324932098,0.9999303221702576,0.4025490880012512,0.12931829690933228,-0.10957113653421402,0.9999376535415649,0.4032912254333496,0.12806487083435059,-0.10952583700418472,0.9999324679374695,0.441230833530426,0.14445868134498596,-0.18781247735023499,0.9999482035636902,0.4290233254432678,0.1381155401468277,0.004882885608822107,0.9999151229858398,0.4095954895019531,0.1852523237466812,-0.14444853365421295,0.999940812587738,0.4032590985298157,0.18324336409568787,-0.08856134861707687,0.999911904335022,0.48171377182006836,0.3192801773548126,-0.2695576250553131,0.9998230338096619,0.4287756383419037,0.2843797504901886,0.12462882697582245,0.9991158843040466,0.4173719882965088,0.5255661606788635,-0.260840505361557,0.9548863172531128,0.36660224199295044,0.41646572947502136,0.09084007889032364,0.29109156131744385,0.3384447991847992,0.40699660778045654,-0.13159017264842987,0.9784594774246216,0.3279188275337219,0.38715803623199463,-0.09869836270809174,0.48558351397514343,0.3129864037036896,0.3825109302997589,-0.16454629600048065,0.9695858359336853,0.3038007616996765,0.35994255542755127,-0.11455793678760529,0.47228309512138367,0.32568439841270447,0.3658924400806427,-0.16962194442749023,0.9691218137741089,0.3293226659297943,0.35971108078956604,-0.1311749815940857,0.49192121624946594,0.34187406301498413,0.3729811906814575,-0.1313263475894928,0.9563034176826477,0.34384429454803467,0.3722388744354248,-0.1124824732542038,0.48942235112190247,0.5787488222122192,0.6148704290390015,-0.10884902626276016,0.9999639987945557,0.5272984504699707,0.5713682174682617,0.10894595086574554,0.9998709559440613,0.45478519797325134,0.5864080190658569,-0.3939850926399231,0.9778640270233154,0.41162967681884766,0.5050659775733948,0.13213060796260834,0.3944455683231354,0.5168783068656921,0.8617404699325562,-0.2387508898973465,0.9545546770095825,0.47387465834617615,0.7224799990653992,0.27068692445755005,0.5161983966827393,0.5433202981948853,0.9069650173187256,-0.22200119495391846,0.9205406904220581,0.4926116466522217,0.7398685216903687,0.2830265760421753,0.6079043745994568,0.45748281478881836,0.9282206892967224,-0.27911385893821716,0.9525094032287598,0.4055386483669281,0.7859830260276794,0.26371800899505615,0.669562578201294
down,0.39660388231277466,0.15482744574546814,-0.12796729803085327,0.9999262094497681,0.4081955552101135,0.131133571267128,-0.14895853400230408,0.9999583959579468,0.4129115641117096,0.13107579946517944,-0.14900793135166168,0.9999663829803467,0.4179258942604065,0.1311093121767044,-0.14909298717975616,0.9999659061431885,0.40265601873397827,0.13011693954467773,-0.1046699658036232,0.9999310970306396,0.403066486120224,0.12916867434978485,-0.10473356395959854,0.9999384880065918,0.4038142263889313,0.12788264453411102,-0.1046939268708229,0.9999333620071411,0.4413107931613922,0.14319266378879547,-0.18414780497550964,0.9999487400054932,0.4290889799594879,0.13757751882076263,0.009374531917273998,0.9999176263809204,0.4100760817527771,0.18489307165145874,-0.1408950388431549,0.9999416470527649,0.4039932191371918,0.18299701809883118,-0.08466963469982147,0.9999141097068787,0.4823451638221741,0.31865936517715454,-0.26856663823127747,0.9998283386230469,0.4286873936653137,0.2845001816749573,0.13053414225578308,0.9991391897201538,0.4181734621524811,0.5246310830116272,-0.2639363408088684,0.9564307928085327,0.37406957149505615,0.41909077763557434,0.13421116769313812,0.29979395866394043,0.3385230600833893,0.40839192271232605,-0.13990327715873718,0.9793820977210999,0.3277694284915924,0.3948296308517456,-0.01241499837487936,0.49323078989982605,0.3129422962665558,0.38692447543144226,-0.17414405941963196,0.9707420468330383,0.3036108613014221,0.36609047651290894,-0.021425511687994003,0.47859397530555725,0.32365891337394714,0.36861100792884827,-0.1782013177871704,0.970238983631134,0.32370489835739136,0.363484650850296,-0.04403969272971153,0.4976963698863983,0.3384235203266144,0.37612631916999817,-0.13972438871860504,0.9575731158256531,0.33663326501846313,0.3746674060821533,-0.027694085612893105,0.49550649523735046,0.5792104005813599,0.6145978569984436,-0.1079619750380516,0.9999629855155945,0.5272401571273804,0.5714058876037598,0.10805870592594147,0.9998663663864136,0.45528778433799744,0.5891608595848083,-0.39368706941604614,0.978486955165863,0.4127296507358551,0.5076367855072021,0.1335560828447342,0.40318021178245544,0.5171911716461182,0.8628181219100952,-0.24027538299560547,0.9557379484176636,0.4730377793312073,0.7232111692428589,0.26766395568847656,0.5208219885826111,0.5432557463645935,0.907410204410553,-0.224142387509346,0.9217364192008972,0.4917452931404114,0.740412712097168,0.27935591340065,0.6103368997573853,0.45750412344932556,0.928255558013916,-0.2855077087879181,0.953331708908081,0.40488043427467346,0.786037027835846,0.2596110701560974,0.6720110177993774
down,0.3967268466949463,0.1510901153087616,-0.10247443616390228,0.9999202489852905,0.4083886742591858,0.12869161367416382,-0.12371102720499039,0.999954104423523,0.4129204750061035,0.12895318865776062,-0.12376116216182709,0.9999626874923706,0.4178171157836914,0.1293436735868454,-0.12384633719921112,0.9999622702598572,0.40347820520401,0.1266668289899826,-0.07765492796897888,0.999923825263977,0.40407952666282654,0.1254706233739853,-0.07770076394081116,0.9999327659606934,0.40501371026039124,0.12395159155130386,-0.07765327394008636,0.9999286532402039,0.44081926345825195,0.14207525551319122,-0.16490216553211212,0.9999416470527649,0.4293953478336334,0.13496091961860657,0.03752385824918747,0.9999102354049683,0.4093422293663025,0.18080195784568787,-0.11797156184911728,0.9999332427978516,0.4038591980934143,0.1778985559940338,-0.0592743456363678,0.999904215335846,0.48132985830307007,0.31735458970069885,-0.257368266582489,0.9998235702514648,0.42757129669189453,0.28159356117248535,0.1570671647787094,0.999112069606781,0.42046552896499634,0.5227603316307068,-0.236609548330307,0.9530899524688721,0.3769286274909973,0.4187602698802948,0.17964570224285126,0.29674339294433594,0.34028393030166626,0.40851670503616333,-0.10347744077444077,0.9784936904907227,0.3296939432621002,0.39696574211120605,0.055842213332653046,0.49126818776130676,0.31402885913848877,0.38847339153289795,-0.13871970772743225,0.9700390100479126,0.30366477370262146,0.3674848675727844,0.05046166107058525,0.47305870056152344,0.3249545693397522,0.370962530374527,-0.14312483370304108,0.9695244431495667,0.3244841992855072,0.36704015731811523,0.025560447946190834,0.4929126501083374,0.33932918310165405,0.37705865502357483,-0.10350239276885986,0.9563377499580383,0.3399167060852051,0.37624138593673706,0.040153611451387405,0.4926527738571167,0.5797232389450073,0.6120840907096863,-0.11218748241662979,0.9999618530273438,0.5272964239120483,0.5694903135299683,0.1123323068022728,0.9998591542243958,0.4581982493400574,0.5943373441696167,-0.4021890163421631,0.9796783328056335,0.4270288050174713,0.5107313990592957,0.1550983190536499,0.405191570520401,0.5171626806259155,0.8627148866653442,-0.24906191229820251,0.9568994641304016,0.4732506275177002,0.7249428629875183,0.2838466167449951,0.5309460759162903,0.5429868102073669,0.9056082963943481,-0.2325490266084671,0.9227935671806335,0.49189552664756775,0.742706835269928,0.29543742537498474,0.6163094639778137,0.4574306011199951,0.9266020655632019,-0.29409730434417725,0.9539480209350586,0.40631574392318726,0.7856197953224182,0.2773551642894745,0.6788215041160583
down,0.39671650528907776,0.14915597438812256,-0.13023781776428223,0.9999186992645264,0.40863028168678284,0.12710896134376526,-0.14984658360481262,0.999952495098114,0.41312694549560547,0.12728366255760193,-0.1498880386352539,0.9999616742134094,0.4180148243904114,0.12756085395812988,-0.14997334778308868,0.9999605417251587,0.40365368127822876,0.12522582709789276,-0.10420288890600204,0.9999205470085144,0.4041973948478699,0.12406397610902786,-0.10426521301269531,0.9999308586120605,0.4050748944282532,0.12256748229265213,-0.10421617329120636,0.9999263286590576,0.4407930374145508,0.1402129977941513,-0.18295982480049133,0.9999407529830933,0.42938852310180664,0.13404910266399384,0.01741888001561165,0.9999077916145325,0.40897393226623535,0.17884589731693268,-0.14269164204597473,0.999931275844574,0.40349864959716797,0.17584659159183502,-0.08463776856660843,0.9999033212661743,0.4809485375881195,0.31493696570396423,-0.2739076018333435,0.9998283386230469,0.4232200086116791,0.2808196246623993,0.14288824796676636,0.9991263151168823,0.42140644788742065,0.5212430953979492,-0.26588600873947144,0.9530558586120605,0.37391167879104614,0.41764140129089355,0.13740530610084534,0.3005390167236328,0.3406158983707428,0.4081025719642639,-0.14556440711021423,0.9779492020606995,0.32955247163772583,0.39727863669395447,-0.021741800010204315,0.493013858795166,0.31433260440826416,0.3882526755332947,-0.18308258056640625,0.9692263007164001,0.3039923906326294,0.36852404475212097,-0.03105871006846428,0.46924224495887756,0.3255888521671295,0.3699812889099121,-0.18518111109733582,0.9687204957008362,0.32487940788269043,0.3666253685951233,-0.0532807931303978,0.4891975522041321,0.3399716317653656,0.375916063785553,-0.14467701315879822,0.9545907974243164,0.33898237347602844,0.3761358857154846,-0.03711475059390068,0.489577054977417,0.5794583559036255,0.6096888184547424,-0.11311803758144379,0.9999597668647766,0.5241163372993469,0.5685632228851318,0.11326660960912704,0.999852180480957,0.4587743878364563,0.5953060388565063,-0.4191703200340271,0.9808023571968079,0.4267634451389313,0.5086504220962524,0.1279972493648529,0.41435712575912476,0.5173884630203247,0.8614717125892639,-0.2610706388950348,0.9581177234649658,0.47320517897605896,0.7248919010162354,0.2754088342189789,0.5415676832199097,0.5429978370666504,0.9016249179840088,-0.24437503516674042,0.9227964878082275,0.4914702773094177,0.7422314882278442,0.2886151373386383,0.6233674883842468,0.45907121896743774,0.9283322691917419,-0.3160194754600525,0.9547703266143799,0.40641337633132935,0.7837526202201843,0.26384440064430237,0.6849694848060608
down,0.39665061235427856,0.14839543402194977,-0.14151377975940704,0.9999194741249084,0.4086397588253021,0.12634120881557465,-0.16058915853500366,0.9999526143074036,0.41313058137893677,0.1264214962720871,-0.16063560545444489,0.9999621510505676,0.4180266857147217,0.12657949328422546,-0.16072416305541992,0.9999604821205139,0.4036519527435303,0.12460465729236603,-0.11598736047744751,0.9999199509620667,0.40418094396591187,0.12349248677492142,-0.11605764925479889,0.9999311566352844,0.40502920746803284,0.12203743308782578,-0.1160081997513771,0.9999259114265442,0.4407605528831482,0.13907426595687866,-0.1910957247018814,0.999941885471344,0.4292711317539215,0.13352811336517334,0.004269602242857218,0.999908447265625,0.4086512625217438,0.17794112861156464,-0.15290483832359314,0.999931812286377,0.40314167737960815,0.17507392168045044,-0.09626413136720657,0.9999051094055176,0.48059457540512085,0.31358036398887634,-0.2778202295303345,0.9998352527618408,0.42259272933006287,0.2805347740650177,0.12735281884670258,0.9991360902786255,0.42102938890457153,0.5206594467163086,-0.2728867530822754,0.9543079137802124,0.37207457423210144,0.4178096354007721,0.11764539778232574,0.30718740820884705,0.34044742584228516,0.4069933295249939,-0.16031871736049652,0.9785340428352356,0.32858356833457947,0.39717233180999756,-0.045236535370349884,0.4953608214855194,0.3142874538898468,0.3871419131755829,-0.19815504550933838,0.9698454737663269,0.3037818372249603,0.36879459023475647,-0.05559201166033745,0.46716177463531494,0.325591117143631,0.36691415309906006,-0.20039162039756775,0.9693444967269897,0.32382693886756897,0.3646354377269745,-0.0771336778998375,0.48681503534317017,0.34005266427993774,0.37253186106681824,-0.1597624570131302,0.9549234509468079,0.3367924392223358,0.3755156099796295,-0.060362737625837326,0.4870705008506775,0.5792825818061829,0.6079466938972473,-0.1105680838227272,0.9999583959579468,0.5235666036605835,0.5663062334060669,0.11074056476354599,0.9998447895050049,0.45822176337242126,0.5936654210090637,-0.41758403182029724,0.981707751750946,0.4264531135559082,0.5043475031852722,0.11532820761203766,0.4265001118183136,0.5174298882484436,0.8608903884887695,-0.257396399974823,0.9593308568000793,0.4728778898715973,0.723811686038971,0.2623298168182373,0.5548076629638672,0.5429769158363342,0.9011296629905701,-0.2406274527311325,0.9237896800041199,0.4896790385246277,0.7409780621528625,0.27564164996147156,0.6335800886154175,0.45974239706993103,0.9286808371543884,-0.30983635783195496,0.9556392431259155,0.4064180850982666,0.7826125025749207,0.2492499053478241,0.6936521530151367
down,0.3963523507118225,0.14799949526786804,-0.12594863772392273,0.9999143481254578,0.4085206091403961,0.1260869950056076,-0.1452890783548355,0.999950110912323,0.4128872752189636,0.1261705607175827,-0.14534148573875427,0.9999600648880005,0.41767817735671997,0.12633998692035675,-0.14542622864246368,0.999958336353302,0.403647243976593,0.124363474547863,-0.10104285180568695,0.9999152421951294,0.40418577194213867,0.12325191497802734,-0.1011110320687294,0.9999274611473083,0.4050418734550476,0.12178870290517807,-0.10107158124446869,0.9999222159385681,0.44033902883529663,0.13900171220302582,-0.1783842146396637,0.9999383687973022,0.4292020797729492,0.13336557149887085,0.01500268466770649,0.9999036192893982,0.4078451693058014,0.17752520740032196,-0.13838118314743042,0.9999273419380188,0.4026309847831726,0.1746029555797577,-0.08228186517953873,0.9998992085456848,0.4800669550895691,0.31285473704338074,-0.2655627131462097,0.9998335838317871,0.42253413796424866,0.2805706262588501,0.13331381976604462,0.9990909099578857,0.42059525847435,0.5197538137435913,-0.2566784620285034,0.9537979960441589,0.37145179510116577,0.41965487599372864,0.12666139006614685,0.30365481972694397,0.3401727080345154,0.4065750241279602,-0.14066068828105927,0.9783309698104858,0.32771041989326477,0.3971361517906189,-0.0255315899848938,0.48564961552619934,0.31433555483818054,0.3862136900424957,-0.176235169172287,0.9695903062820435,0.30473291873931885,0.369067519903183,-0.03443990275263786,0.456554114818573,0.32574760913848877,0.36481526494026184,-0.17910884320735931,0.9690808653831482,0.32500702142715454,0.3629937767982483,-0.05321645736694336,0.47536414861679077,0.34027278423309326,0.37041130661964417,-0.1401233971118927,0.9544820189476013,0.3385407626628876,0.37278175354003906,-0.03921172767877579,0.47531750798225403,0.5793893337249756,0.6067905426025391,-0.10909257084131241,0.9999576807022095,0.5241135358810425,0.5647559762001038,0.10926302522420883,0.9998374581336975,0.4591996669769287,0.5963066220283508,-0.4154634475708008,0.9815909266471863,0.4268839359283447,0.5039557218551636,0.11891330778598785,0.4206668734550476,0.5175619125366211,0.8599172830581665,-0.2570708394050598,0.958226203918457,0.4726096987724304,0.7221211791038513,0.26319485902786255,0.55405193567276,0.5429601669311523,0.9006569981575012,-0.240348219871521,0.9239875674247742,0.48939162492752075,0.7370736002922058,0.27599236369132996,0.6356403827667236,0.4600352644920349,0.9277885556221008,-0.30769413709640503,0.9545313119888306,0.40654677152633667,0.7810721397399902,0.2511579394340515,0.692232608795166
down,0.3953258693218231,0.14797835052013397,-0.11666654050350189,0.9999057650566101,0.40714865922927856,0.1259787678718567,-0.13673359155654907,0.9999455809593201,0.4112050533294678,0.12604403495788574,-0.1367872655391693,0.9999564290046692,0.4157290458679199,0.1262088119983673,-0.1368781179189682,0.9999547004699707,0.40264058113098145,0.12426327913999557,-0.09186013042926788,0.999906599521637,0.4031774401664734,0.12313614785671234,-0.09192033112049103,0.999920129776001,0.404010534286499,0.1216607317328453,-0.09187953174114227,0.999914824962616,0.43905821442604065,0.13898411393165588,-0.17299789190292358,0.9999324083328247,0.4278978407382965,0.13307644426822662,0.023313699290156364,0.999893844127655,0.4062245488166809,0.1775480955839157,-0.1302429437637329,0.9999199509620667,0.4013543725013733,0.1745760291814804,-0.0733148455619812,0.9998874664306641,0.4799554944038391,0.3123968839645386,-0.26016420125961304,0.9998171925544739,0.4219767451286316,0.28105852007865906,0.14000709354877472,0.9989783763885498,0.4204978942871094,0.5192753076553345,-0.24661028385162354,0.952519953250885,0.3712638020515442,0.4200759828090668,0.14537161588668823,0.29259586334228516,0.3396875262260437,0.40656960010528564,-0.12203069776296616,0.977565348148346,0.3272203207015991,0.3973695635795593,0.005360341630876064,0.46792808175086975,0.3138372302055359,0.3861692249774933,-0.15580469369888306,0.9687014222145081,0.304623544216156,0.36948904395103455,-0.001824015169404447,0.44062310457229614,0.32513681054115295,0.36513838171958923,-0.15808185935020447,0.9681692719459534,0.3251599967479706,0.36316925287246704,-0.024359991773962975,0.45900285243988037,0.33968353271484375,0.3712436258792877,-0.12084450572729111,0.9533767104148865,0.3382621705532074,0.3739396035671234,-0.009759427979588509,0.459555983543396,0.5794166326522827,0.6060218214988708,-0.10821987688541412,0.9999560713768005,0.5243358016014099,0.5646011829376221,0.10839907824993134,0.999826967716217,0.45952993631362915,0.5978606939315796,-0.41658177971839905,0.9814015030860901,0.4265550971031189,0.5071893334388733,0.12374385446310043,0.4127659499645233,0.518309473991394,0.8596687316894531,-0.2577137053012848,0.9567859768867493,0.47273263335227966,0.7216600775718689,0.2629847824573517,0.5491241812705994,0.542963981628418,0.9006609320640564,-0.24072261154651642,0.9245126247406006,0.49046412110328674,0.7367374897003174,0.27582114934921265,0.6337767839431763,0.4602903425693512,0.9256609678268433,-0.3053452968597412,0.9531782865524292,0.40794697403907776,0.7810526490211487,0.2534945607185364,0.6878411769866943
down,0.39416298270225525,0.14806829392910004,-0.12152854353189468,0.9999032020568848,0.4059511721134186,0.12592822313308716,-0.14258070290088654,0.9999448657035828,0.4098697602748871,0.1260109543800354,-0.1426253616809845,0.9999557733535767,0.41422706842422485,0.12619523704051971,-0.14271600544452667,0.9999539852142334,0.4016767144203186,0.1241464912891388,-0.0963246151804924,0.9999059438705444,0.40224775671958923,0.122979536652565,-0.09639197587966919,0.9999195337295532,0.4031101167201996,0.12148777395486832,-0.0963490679860115,0.9999140501022339,0.43772730231285095,0.13915777206420898,-0.18161199986934662,0.9999322295188904,0.42697128653526306,0.13290399312973022,0.021687649190425873,0.9998931884765625,0.4049197733402252,0.17760978639125824,-0.13570581376552582,0.9999204874038696,0.40022000670433044,0.1746196448802948,-0.0769691988825798,0.9998872876167297,0.479928195476532,0.3116799592971802,-0.26897722482681274,0.9998134970664978,0.42147645354270935,0.28172925114631653,0.13986992835998535,0.9989747405052185,0.4202684760093689,0.5186344981193542,-0.25321680307388306,0.9533877372741699,0.3712334930896759,0.4203545153141022,0.13432727754116058,0.29104259610176086,0.33912232518196106,0.4067506194114685,-0.12408125400543213,0.9776543974876404,0.32614314556121826,0.39730411767959595,-0.026499683037400246,0.46519070863723755,0.31302720308303833,0.3865915834903717,-0.15832731127738953,0.9688209295272827,0.3038000166416168,0.36932721734046936,-0.03595108166337013,0.43949180841445923,0.32352909445762634,0.3664749562740326,-0.16108037531375885,0.9682959318161011,0.323798805475235,0.3635082542896271,-0.055047161877155304,0.45772936940193176,0.3382216989994049,0.37304359674453735,-0.12283970415592194,0.9535496234893799,0.33850526809692383,0.3740752637386322,-0.0404854379594326,0.45762839913368225,0.5795062780380249,0.6057609915733337,-0.10926933586597443,0.9999582171440125,0.5246178507804871,0.5647014379501343,0.10944018512964249,0.9998339414596558,0.458996057510376,0.5983337759971619,-0.43056827783584595,0.981613278388977,0.42646464705467224,0.5081040859222412,0.14211025834083557,0.40582969784736633,0.5184404850006104,0.8596270084381104,-0.26685431599617004,0.9556789398193359,0.47276243567466736,0.7201359868049622,0.2906622290611267,0.5413262844085693,0.54293292760849,0.900917649269104,-0.24908573925495148,0.9252427816390991,0.490399032831192,0.7356510758399963,0.3042449355125427,0.6287455558776855,0.46024805307388306,0.9238048195838928,-0.31585493683815,0.9524044394493103,0.40907859802246094,0.7806819677352905,0.27995094656944275,0.681382417678833
down,0.39384326338768005,0.14835861325263977,-0.127806156873703,0.999899685382843,0.4054814279079437,0.12595582008361816,-0.14904798567295074,0.9999436140060425,0.40941277146339417,0.12601640820503235,-0.1490943878889084,0.9999548196792603,0.41375789046287537,0.12620463967323303,-0.1491895318031311,0.9999530911445618,0.40107864141464233,0.12423748522996902,-0.10320906341075897,0.9999032616615295,0.40157485008239746,0.12305131554603577,-0.10327979177236557,0.999917209148407,0.40235525369644165,0.12155239284038544,-0.10324140638113022,0.9999113082885742,0.4370373785495758,0.139143168926239,-0.18648436665534973,0.9999308586120605,0.42614299058914185,0.13283097743988037,0.014088524505496025,0.9998899698257446,0.40479883551597595,0.1777622401714325,-0.14147968590259552,0.9999198317527771,0.3999483585357666,0.17490315437316895,-0.0833706185221672,0.9998849034309387,0.4799533784389496,0.311042845249176,-0.2703387141227722,0.9998095035552979,0.42082667350769043,0.2821211516857147,0.13191060721874237,0.9989667534828186,0.42015305161476135,0.5184239149093628,-0.2560635805130005,0.9546102285385132,0.3713240921497345,0.42403003573417664,0.12162915617227554,0.28900381922721863,0.3390628397464752,0.40698421001434326,-0.12853029370307922,0.9784671068191528,0.3265897035598755,0.4007914364337921,-0.03520924970507622,0.46359992027282715,0.3128741383552551,0.3865739703178406,-0.16174286603927612,0.9698491096496582,0.3038731813430786,0.37078869342803955,-0.04390276223421097,0.44005316495895386,0.32342103123664856,0.3664425015449524,-0.164611354470253,0.9693431258201599,0.3238029479980469,0.3663218915462494,-0.06357136368751526,0.45851030945777893,0.3381645679473877,0.3729737102985382,-0.127119779586792,0.9550631046295166,0.3377475142478943,0.3756093382835388,-0.04908370226621628,0.45763933658599854,0.5795365571975708,0.6057410836219788,-0.1081576719880104,0.9999598264694214,0.5247560739517212,0.5660010576248169,0.10832606256008148,0.9998388886451721,0.4582687020301819,0.5991156101226807,-0.4283770024776459,0.9816563725471497,0.4262007176876068,0.5086698532104492,0.13207310438156128,0.4018543064594269,0.5186952352523804,0.8595319390296936,-0.25579696893692017,0.954444169998169,0.47354355454444885,0.719779372215271,0.2778521478176117,0.5405290126800537,0.542972207069397,0.9013423323631287,-0.2366652935743332,0.9251890182495117,0.4917803704738617,0.7342270016670227,0.291311115026474,0.6262879371643066,0.4602819085121155,0.9233386516571045,-0.29846125841140747,0.9516059756278992,0.40996479988098145,0.7805960178375244,0.26617974042892456,0.6811236143112183
down,0.39367613196372986,0.14859963953495026,-0.12735065817832947,0.9998956322669983,0.405234158039093,0.12602737545967102,-0.14878222346305847,0.9999411702156067,0.40917104482650757,0.1260824203491211,-0.14882853627204895,0.999952495098114,0.4135190546512604,0.1262832134962082,-0.14892403781414032,0.9999510049819946,0.40082019567489624,0.12431253492832184,-0.10265455394983292,0.9998993277549744,0.40130090713500977,0.12310802936553955,-0.10272221267223358,0.9999138712882996,0.4020705223083496,0.12160340696573257,-0.10268639028072357,0.9999083280563354,0.4366982579231262,0.13917309045791626,-0.18676358461380005,0.9999268651008606,0.4258822500705719,0.13279016315937042,0.015302980318665504,0.9998838901519775,0.40471750497817993,0.1779264509677887,-0.14130434393882751,0.9999167919158936,0.3998434245586395,0.17509624361991882,-0.08276556432247162,0.9998801350593567,0.4800450801849365,0.31092560291290283,-0.2705247402191162,0.99980229139328,0.42007821798324585,0.2828560471534729,0.13352134823799133,0.9989794492721558,0.42024365067481995,0.5182958841323853,-0.25523337721824646,0.9548935294151306,0.37317976355552673,0.4259282052516937,0.13602156937122345,0.29292452335357666,0.33934691548347473,0.4094730019569397,-0.12832237780094147,0.9788473844528198,0.32733914256095886,0.40586960315704346,-0.008034339174628258,0.4739503562450409,0.31305012106895447,0.38798049092292786,-0.16203516721725464,0.9703073501586914,0.3039278984069824,0.3737011253833771,-0.015608498826622963,0.4506661593914032,0.3234848380088806,0.367754191160202,-0.16472004354000092,0.9697821736335754,0.3228610157966614,0.368441641330719,-0.03696257621049881,0.4696734845638275,0.33845269680023193,0.374541699886322,-0.127054363489151,0.9556848406791687,0.3351926803588867,0.3791690468788147,-0.022508148103952408,0.46817541122436523,0.5796574950218201,0.605760395526886,-0.10817854106426239,0.9999608993530273,0.5248199701309204,0.5674804449081421,0.10834501683712006,0.9998425245285034,0.4582563042640686,0.6003828644752502,-0.4298716187477112,0.982122004032135,0.42717066407203674,0.5099198818206787,0.1423378586769104,0.4012914001941681,0.5192567110061646,0.8596044182777405,-0.25391846895217896,0.9543031454086304,0.4754147529602051,0.7197895646095276,0.290103018283844,0.5439760684967041,0.5432189702987671,0.9016844034194946,-0.2344084233045578,0.9254762530326843,0.49388423562049866,0.7337591648101807,0.3037235140800476,0.6253677010536194,0.4605786204338074,0.9235842227935791,-0.29604393243789673,0.9519361853599548,0.41235828399658203,0.7797965407371521,0.2812248766422272,0.6832313537597656
down,0.3933376371860504,0.14872384071350098,-0.1215309351682663,0.9999015927314758,0.4047010838985443,0.12606817483901978,-0.14287680387496948,0.9999449253082275,0.4086039960384369,0.12611553072929382,-0.1429193913936615,0.9999552369117737,0.4129311144351959,0.12632553279399872,-0.14300969243049622,0.9999541640281677,0.40052303671836853,0.12433555722236633,-0.09661534428596497,0.9999062418937683,0.40107497572898865,0.12311184406280518,-0.09667865931987762,0.9999194741249084,0.4019147455692291,0.12160058319568634,-0.09663708508014679,0.9999145865440369,0.4362267553806305,0.1392267346382141,-0.1807524561882019,0.999931275844574,0.42578139901161194,0.1327614039182663,0.021996434777975082,0.9998899698257446,0.40438446402549744,0.17795081436634064,-0.13569769263267517,0.9999226331710815,0.3997117578983307,0.17512337863445282,-0.07697577029466629,0.9998884797096252,0.47956448793411255,0.31097862124443054,-0.26702219247817993,0.9998148083686829,0.419391393661499,0.2835046350955963,0.14094439148902893,0.999039888381958,0.42002543807029724,0.5182104110717773,-0.24774233996868134,0.9552885890007019,0.3732237219810486,0.42915111780166626,0.13559001684188843,0.2956037223339081,0.33951109647750854,0.4103747606277466,-0.11570819467306137,0.9790480136871338,0.3271835148334503,0.4063529968261719,-0.017394451424479485,0.478553831577301,0.31318092346191406,0.38798514008522034,-0.149140864610672,0.9705678820610046,0.3036847412586212,0.3740602731704712,-0.026294421404600143,0.45538532733917236,0.3239996135234833,0.36791136860847473,-0.1528167724609375,0.9700382947921753,0.3222447633743286,0.3686998188495636,-0.04601814225316048,0.4745720326900482,0.33937519788742065,0.374623566865921,-0.11490438878536224,0.9560756683349609,0.3343910574913025,0.3794763684272766,-0.03149527311325073,0.47206956148147583,0.5796898603439331,0.605855405330658,-0.10875056684017181,0.9999645352363586,0.5252255797386169,0.5682545304298401,0.10890509188175201,0.999855637550354,0.4583675265312195,0.601241946220398,-0.436511754989624,0.9829499125480652,0.4280928075313568,0.5105834007263184,0.154375821352005,0.40121814608573914,0.519555926322937,0.8609131574630737,-0.27117499709129333,0.9561967253684998,0.4761015772819519,0.7202253341674805,0.3029853403568268,0.5470318794250488,0.5433681607246399,0.9026499390602112,-0.2532089352607727,0.9274079203605652,0.4944055676460266,0.7338568568229675,0.3161846101284027,0.6246092915534973,0.46087926626205444,0.9254836440086365,-0.32121938467025757,0.9542475938796997,0.412334680557251,0.7803003191947937,0.2907913625240326,0.6854532957077026
down,0.39301159977912903,0.14797480404376984,-0.11768262088298798,0.9999114871025085,0.4044102132320404,0.1251702904701233,-0.13910606503486633,0.9999504685401917,0.40826791524887085,0.12514051795005798,-0.13914720714092255,0.9999597072601318,0.41256028413772583,0.12523455917835236,-0.139236718416214,0.999958872795105,0.4002242088317871,0.12371186167001724,-0.0924631878733635,0.9999156594276428,0.4007328450679779,0.12258447706699371,-0.09252648055553436,0.9999276399612427,0.40154901146888733,0.1211419552564621,-0.09248320013284683,0.9999237060546875,0.4358222484588623,0.13873830437660217,-0.1787136048078537,0.9999377727508545,0.42524290084838867,0.13209810853004456,0.02620096504688263,0.9999011158943176,0.4041604995727539,0.17717348039150238,-0.13253772258758545,0.9999298453330994,0.3994130492210388,0.1745019555091858,-0.07326551526784897,0.9998984932899475,0.47958382964134216,0.31173941493034363,-0.26493602991104126,0.9998224973678589,0.4191003739833832,0.2856767773628235,0.1429896056652069,0.9990814328193665,0.4199763238430023,0.5181567072868347,-0.24445796012878418,0.9557226300239563,0.3740873336791992,0.4305618703365326,0.14067573845386505,0.2901141345500946,0.33977144956588745,0.41047215461730957,-0.11164778470993042,0.9794817566871643,0.32734400033950806,0.40628597140312195,-0.010218081995844841,0.4738905429840088,0.3132341504096985,0.3881130516529083,-0.1446739137172699,0.9711732864379883,0.30355939269065857,0.3744124472141266,-0.019393956288695335,0.452422559261322,0.3240959048271179,0.36803996562957764,-0.14753741025924683,0.9706146717071533,0.32181400060653687,0.3694167137145996,-0.04093993455171585,0.4716111719608307,0.33961066603660583,0.37478697299957275,-0.11043427139520645,0.9569152593612671,0.33405300974845886,0.3803480863571167,-0.025227908045053482,0.46971598267555237,0.5798193216323853,0.6062608361244202,-0.10957373678684235,0.9999646544456482,0.5255593061447144,0.5702427625656128,0.10972455888986588,0.9998577833175659,0.45850127935409546,0.6016140580177307,-0.42682981491088867,0.9829856157302856,0.42560210824012756,0.511614203453064,0.12517625093460083,0.40044888854026794,0.5196006298065186,0.8657075762748718,-0.27179792523384094,0.9575520157814026,0.47595900297164917,0.721630871295929,0.26197344064712524,0.5438787937164307,0.5433658361434937,0.9078818559646606,-0.2552253305912018,0.9277836680412292,0.4938128590583801,0.7442245483398438,0.27416592836380005,0.6215120553970337,0.46012797951698303,0.9298133254051208,-0.32645195722579956,0.9555181860923767,0.41082763671875,0.7846766710281372,0.2463306486606598,0.6843594312667847
down,0.39236143231391907,0.14807283878326416,-0.12082833051681519,0.9999195337295532,0.4036221504211426,0.12510815262794495,-0.14292868971824646,0.9999553561210632,0.40744099020957947,0.1250259131193161,-0.14296290278434753,0.9999635815620422,0.41169220209121704,0.12506817281246185,-0.1430475413799286,0.9999629259109497,0.39932191371917725,0.1237286850810051,-0.09518086910247803,0.9999244809150696,0.39974409341812134,0.12259726226329803,-0.09525664895772934,0.9999352693557739,0.40048322081565857,0.12115275114774704,-0.0952124372124672,0.9999316334724426,0.43506255745887756,0.13857407867908478,-0.18408475816249847,0.9999450445175171,0.424405038356781,0.13187655806541443,0.025106564164161682,0.9999125003814697,0.40375852584838867,0.17719204723834991,-0.136325404047966,0.9999378323554993,0.39886602759361267,0.1745799332857132,-0.07567296922206879,0.9999104738235474,0.47955361008644104,0.31196296215057373,-0.27099448442459106,0.9998348951339722,0.4185766279697418,0.2856839597225189,0.14271537959575653,0.99916011095047,0.419918954372406,0.518107533454895,-0.2492576539516449,0.9564509987831116,0.37420517206192017,0.4304116666316986,0.13221582770347595,0.28615403175354004,0.33992820978164673,0.41046082973480225,-0.10664012283086777,0.9797484278678894,0.3275049924850464,0.4060729146003723,-0.03131001442670822,0.47151443362236023,0.3134962022304535,0.3880123496055603,-0.1384735405445099,0.9714593291282654,0.3036979138851166,0.3746057152748108,-0.04106226935982704,0.4512671232223511,0.32459646463394165,0.3681890666484833,-0.1424548476934433,0.970861554145813,0.3219992220401764,0.3708777129650116,-0.06164447218179703,0.4703827202320099,0.3400211036205292,0.37485557794570923,-0.10556970536708832,0.9573102593421936,0.33409902453422546,0.38148245215415955,-0.04598570615053177,0.46888086199760437,0.5801128149032593,0.6060888767242432,-0.11060067266225815,0.9999658465385437,0.5255379676818848,0.5702733397483826,0.11073212325572968,0.9998655319213867,0.45879656076431274,0.5995998978614807,-0.43533071875572205,0.9831058979034424,0.4255583882331848,0.5076480507850647,0.11964963376522064,0.4009777009487152,0.5195783376693726,0.8654273748397827,-0.2776778042316437,0.9582098126411438,0.4758060574531555,0.7217760682106018,0.2590046525001526,0.5385065078735352,0.5433512926101685,0.9075863361358643,-0.2607920169830322,0.9260863065719604,0.49426132440567017,0.7464107275009155,0.2712838053703308,0.6165405511856079,0.4602383077144623,0.9319791197776794,-0.3330819606781006,0.9560920000076294,0.40962132811546326,0.7844221591949463,0.24166634678840637,0.6829329133033752
down,0.39143508672714233,0.14844569563865662,-0.12037520110607147,0.9999198913574219,0.4024282991886139,0.12539950013160706,-0.142691969871521,0.9999558329582214,0.4062563478946686,0.12526705861091614,-0.14272662997245789,0.9999641180038452,0.41052737832069397,0.1252719759941101,-0.14281406998634338,0.9999635219573975,0.3980627655982971,0.1240280494093895,-0.0950968861579895,0.9999260902404785,0.39843887090682983,0.12285510450601578,-0.09517238289117813,0.9999366402626038,0.39911696314811707,0.1213911697268486,-0.09513190388679504,0.9999327659606934,0.4342755675315857,0.13865552842617035,-0.18434539437294006,0.9999467730522156,0.4234641492366791,0.1319320797920227,0.02449139393866062,0.9999147653579712,0.40311747789382935,0.17776383459568024,-0.13592217862606049,0.9999396204948425,0.39816686511039734,0.17508353292942047,-0.07546734809875488,0.9999127984046936,0.47911423444747925,0.3119809925556183,-0.2709793448448181,0.9998358488082886,0.41840529441833496,0.28572532534599304,0.1430307924747467,0.9991834163665771,0.41982659697532654,0.5181359052658081,-0.2474912405014038,0.9562699794769287,0.3742944896221161,0.4303634762763977,0.13645949959754944,0.2854679524898529,0.33987483382225037,0.4104824364185333,-0.10391499102115631,0.9796443581581116,0.3275626301765442,0.406141072511673,-0.020006250590085983,0.47241559624671936,0.31350815296173096,0.38791608810424805,-0.13535277545452118,0.971321165561676,0.30378156900405884,0.3749370574951172,-0.029232123866677284,0.4527119994163513,0.32460901141166687,0.3682657778263092,-0.13965338468551636,0.9707131385803223,0.32192179560661316,0.3711477816104889,-0.04887184500694275,0.4720483720302582,0.34005671739578247,0.3749541938304901,-0.10289756953716278,0.9572535753250122,0.3340526521205902,0.381778746843338,-0.03425431251525879,0.47039976716041565,0.5802968144416809,0.6056749820709229,-0.1107824295759201,0.9999662041664124,0.5255297422409058,0.5701797008514404,0.11090699583292007,0.9998689293861389,0.45876383781433105,0.5981598496437073,-0.43723902106285095,0.9830267429351807,0.41841140389442444,0.5140764713287354,0.1263756901025772,0.39898231625556946,0.5193065404891968,0.8624904155731201,-0.27651524543762207,0.9576200842857361,0.4759387969970703,0.7218236327171326,0.2702275216579437,0.5317731499671936,0.5429624319076538,0.9051172733306885,-0.2587033212184906,0.9241934418678284,0.4965052008628845,0.7475778460502625,0.28311944007873535,0.609009861946106,0.4601983428001404,0.9296585321426392,-0.3278477191925049,0.9556081295013428,0.410888671875,0.7856101989746094,0.2553212642669678,0.6781998872756958
down,0.39013221859931946,0.14853012561798096,-0.12445447593927383,0.9999176859855652,0.40143775939941406,0.12551185488700867,-0.14656668901443481,0.9999549984931946,0.40520578622817993,0.12534114718437195,-0.1466027796268463,0.9999635815620422,0.4093973636627197,0.12531186640262604,-0.14669528603553772,0.9999631643295288,0.39712998270988464,0.12417002767324448,-0.09890134632587433,0.9999248385429382,0.3975287079811096,0.12299076467752457,-0.09897802770137787,0.9999352693557739,0.3982182443141937,0.121536985039711,-0.09893995523452759,0.9999307990074158,0.4331100881099701,0.13858246803283691,-0.18792736530303955,0.9999465942382812,0.42246732115745544,0.13193923234939575,0.0213642381131649,0.9999123811721802,0.40190476179122925,0.17793188989162445,-0.13977274298667908,0.9999391436576843,0.39701971411705017,0.17519795894622803,-0.07915163785219193,0.9999112486839294,0.4788222312927246,0.3119015693664551,-0.274179071187973,0.999835729598999,0.418151319026947,0.2860519289970398,0.14190776646137238,0.9991702437400818,0.4199156165122986,0.5181461572647095,-0.2520217299461365,0.955784797668457,0.37395286560058594,0.4304034411907196,0.13930895924568176,0.28317323327064514,0.3396303057670593,0.41038402915000916,-0.11555375158786774,0.9793193936347961,0.32749900221824646,0.4059416353702545,-0.013315072283148766,0.4697875380516052,0.3133524954319,0.38794469833374023,-0.14803187549114227,0.9710292816162109,0.303320974111557,0.3746148943901062,-0.02231338620185852,0.4505508244037628,0.3245371878147125,0.3682677447795868,-0.15251709520816803,0.9704511761665344,0.32179367542266846,0.3711192309856415,-0.04169111326336861,0.4702533781528473,0.33993834257125854,0.3749167025089264,-0.1146756038069725,0.9568296074867249,0.3340422511100769,0.3817828297615051,-0.0274648517370224,0.4680264890193939,0.5803314447402954,0.6045969724655151,-0.11065198481082916,0.9999668598175049,0.5253380537033081,0.569246768951416,0.11077574640512466,0.9998698830604553,0.45865997672080994,0.5963897705078125,-0.4467756152153015,0.9829234480857849,0.42518121004104614,0.5134782791137695,0.13483154773712158,0.3974425494670868,0.5189403295516968,0.8610695004463196,-0.2846969962120056,0.9575731754302979,0.47604402899742126,0.7208256125450134,0.2924138307571411,0.526711106300354,0.5418379902839661,0.9038061499595642,-0.2668907046318054,0.9232496619224548,0.4969835877418518,0.7463635802268982,0.3066730797290802,0.6029336452484131,0.4591751992702484,0.927148699760437,-0.34113386273384094,0.9557111263275146,0.4108932614326477,0.7853676676750183,0.27892768383026123,0.6739932298660278
down,0.3888780176639557,0.14862334728240967,-0.11411815881729126,0.9999126195907593,0.40051594376564026,0.12567080557346344,-0.13614127039909363,0.9999520778656006,0.40432262420654297,0.12547802925109863,-0.1361767202615738,0.9999613165855408,0.40852993726730347,0.1254386156797409,-0.13625863194465637,0.9999610781669617,0.3958825469017029,0.1244470626115799,-0.08927649259567261,0.9999204874038696,0.39614632725715637,0.12332476675510406,-0.0893460065126419,0.9999313354492188,0.39664939045906067,0.1219806894659996,-0.08931238949298859,0.9999269247055054,0.4322378635406494,0.13860127329826355,-0.17910544574260712,0.9999426007270813,0.42092055082321167,0.13216032087802887,0.02705444023013115,0.9999073147773743,0.40086618065834045,0.17852963507175446,-0.12997882068157196,0.9999343752861023,0.3957065939903259,0.1756158471107483,-0.07034005224704742,0.9999022483825684,0.478623628616333,0.31184470653533936,-0.2661779522895813,0.9998244047164917,0.4180890917778015,0.28598806262016296,0.14470382034778595,0.999108076095581,0.4203666150569916,0.5178995132446289,-0.2474396675825119,0.9539844393730164,0.37336474657058716,0.4289839565753937,0.14551614224910736,0.27879518270492554,0.3388344943523407,0.41053307056427,-0.11686458438634872,0.9782565832138062,0.3270593285560608,0.404519259929657,-0.006274949759244919,0.4610413610935211,0.3122968077659607,0.38903626799583435,-0.1497122347354889,0.9698835611343384,0.30285245180130005,0.37427079677581787,-0.01541823148727417,0.44273585081100464,0.32342326641082764,0.36919325590133667,-0.1531323790550232,0.9693372845649719,0.32182061672210693,0.37108662724494934,-0.03500909358263016,0.4624476134777069,0.33853238821029663,0.3758542835712433,-0.11577651649713516,0.9552351236343384,0.33407658338546753,0.3817216157913208,-0.020387517288327217,0.46043431758880615,0.5801550149917603,0.6036837100982666,-0.111016646027565,0.9999635219573975,0.5247809290885925,0.5676811933517456,0.11114220321178436,0.9998568296432495,0.4576583504676819,0.5947828888893127,-0.4235263466835022,0.9823229908943176,0.4231065809726715,0.5137069225311279,0.14203506708145142,0.3953053057193756,0.5186685919761658,0.8622302412986755,-0.27557259798049927,0.9581801891326904,0.4757482409477234,0.7195541262626648,0.2869531810283661,0.5203620791435242,0.5409192442893982,0.9050303101539612,-0.2598106861114502,0.9240147471427917,0.4969047009944916,0.7381526231765747,0.30031952261924744,0.5988858342170715,0.4581880569458008,0.9275010824203491,-0.3295404613018036,0.9560676217079163,0.41072168946266174,0.785233736038208,0.27936065196990967,0.6683782935142517
down,0.38881799578666687,0.1479858011007309,-0.13659238815307617,0.9999058842658997,0.4006936550140381,0.1249561533331871,-0.15684589743614197,0.9999467134475708,0.404710590839386,0.12467783689498901,-0.1568804234266281,0.9999577403068542,0.4093542695045471,0.12450335919857025,-0.15695954859256744,0.9999570846557617,0.39568084478378296,0.12422666698694229,-0.11132793128490448,0.9999111890792847,0.3957366645336151,0.12327739596366882,-0.11140371859073639,0.9999239444732666,0.3959917426109314,0.1220933273434639,-0.11136825382709503,0.9999192953109741,0.4325205385684967,0.13764649629592896,-0.19261357188224792,0.9999361634254456,0.4202786982059479,0.13210678100585938,0.007214320357888937,0.9998992681503296,0.4009844660758972,0.17850789427757263,-0.1498040109872818,0.9999265074729919,0.3953474760055542,0.17572377622127533,-0.09196613729000092,0.9998905658721924,0.47851839661598206,0.31056979298591614,-0.2765079438686371,0.9998148083686829,0.4179850220680237,0.2843303084373474,0.12726981937885284,0.9990329146385193,0.42036446928977966,0.517002522945404,-0.2710583209991455,0.954069972038269,0.3692537248134613,0.42194464802742004,0.12595613300800323,0.28333142399787903,0.3366372287273407,0.4104105234146118,-0.16227209568023682,0.9777265787124634,0.32353389263153076,0.39987611770629883,-0.027887636795639992,0.4567098021507263,0.31036776304244995,0.38916659355163574,-0.1978033483028412,0.9692059755325317,0.3010992407798767,0.3726329803466797,-0.03691297024488449,0.4364522099494934,0.31977301836013794,0.3692118227481842,-0.1992345154285431,0.9686383008956909,0.3193584978580475,0.3675069212913513,-0.05745291709899902,0.4553217589855194,0.3350910544395447,0.37599804997444153,-0.16102197766304016,0.9538081884384155,0.3327191472053528,0.38043832778930664,-0.04234667867422104,0.4541289806365967,0.5800631046295166,0.602472722530365,-0.11003024876117706,0.999954104423523,0.523694634437561,0.564012348651886,0.11017781496047974,0.9998237490653992,0.45687761902809143,0.5939700603485107,-0.40350526571273804,0.9824503064155579,0.4175439476966858,0.5134707689285278,0.12170674651861191,0.4137442708015442,0.5186378955841064,0.8650275468826294,-0.26907938718795776,0.9604937434196472,0.4731089174747467,0.7195519208908081,0.2616172134876251,0.5317323207855225,0.5407374501228333,0.9077590107917786,-0.2546878755092621,0.9260510802268982,0.49102410674095154,0.735393762588501,0.27423548698425293,0.6095918416976929,0.4582020342350006,0.9279910326004028,-0.32815271615982056,0.9575181007385254,0.4094570279121399,0.785172164440155,0.25125572085380554,0.6776946783065796
down,0.3889431059360504,0.14789193868637085,-0.13227425515651703,0.9999050498008728,0.4007934033870697,0.12484796345233917,-0.15197263658046722,0.9999454021453857,0.4048784673213959,0.12455310672521591,-0.15200959146022797,0.9999571442604065,0.40963879227638245,0.1243518516421318,-0.152082622051239,0.9999560713768005,0.39565590023994446,0.12421994656324387,-0.10849680751562119,0.9999094009399414,0.3956804871559143,0.1232893094420433,-0.10856888443231583,0.9999232292175293,0.39589768648147583,0.12213368713855743,-0.10853955894708633,0.9999184012413025,0.432687908411026,0.1372583657503128,-0.185334712266922,0.9999342560768127,0.4200952649116516,0.13207945227622986,0.008660711348056793,0.9999006390571594,0.4012697637081146,0.1783636063337326,-0.1446581929922104,0.999924898147583,0.3953512907028198,0.17566969990730286,-0.08954538404941559,0.9998887181282043,0.478584349155426,0.3093748390674591,-0.26702970266342163,0.9998115301132202,0.41777223348617554,0.2831496596336365,0.12701290845870972,0.9990007877349854,0.4201238751411438,0.5161171555519104,-0.26120758056640625,0.9540305733680725,0.3668596148490906,0.42021724581718445,0.10884757339954376,0.28944507241249084,0.3355143368244171,0.4085023105144501,-0.14955079555511475,0.9773127436637878,0.3210217356681824,0.39236754179000854,-0.06049692630767822,0.45078200101852417,0.30900585651397705,0.38741496205329895,-0.18275728821754456,0.9686837792396545,0.2985474467277527,0.3665124177932739,-0.07253943383693695,0.4290836751461029,0.31911027431488037,0.3669193387031555,-0.18657341599464417,0.9681159853935242,0.3186342120170593,0.361359566450119,-0.09002400189638138,0.44694995880126953,0.33418142795562744,0.3739076852798462,-0.14910222589969635,0.9529954195022583,0.3336845338344574,0.37434273958206177,-0.07407987117767334,0.44655415415763855,0.5803089737892151,0.6009873747825623,-0.10768280923366547,0.9999473094940186,0.5236451029777527,0.5624870657920837,0.10783934593200684,0.9998015761375427,0.456470787525177,0.5941160917282104,-0.39901071786880493,0.9826550483703613,0.417022705078125,0.5114566087722778,0.1108342856168747,0.42718350887298584,0.5185697674751282,0.8654595017433167,-0.26916009187698364,0.962189257144928,0.47232264280319214,0.7196556925773621,0.2330392599105835,0.5389604568481445,0.5404558777809143,0.9081078171730042,-0.2564031183719635,0.9280661940574646,0.48996442556381226,0.7366958856582642,0.2436673939228058,0.6196123957633972,0.4574732184410095,0.9272772669792175,-0.33264508843421936,0.9583500623703003,0.40890198945999146,0.7861506938934326,0.21638567745685577,0.683133602142334
down,0.3889986574649811,0.14818871021270752,-0.14183273911476135,0.9999129772186279,0.40073880553245544,0.1250825673341751,-0.16197569668293,0.9999498724937439,0.4048188626766205,0.12478075921535492,-0.1619941145181656,0.9999611377716064,0.4095633924007416,0.1245942935347557,-0.1620613932609558,0.9999594688415527,0.3954927325248718,0.1245955228805542,-0.11701555550098419,0.9999175667762756,0.3954710364341736,0.12373713403940201,-0.11710997670888901,0.9999309778213501,0.3956373333930969,0.12265326082706451,-0.117068812251091,0.9999258518218994,0.4325835108757019,0.1374412626028061,-0.19494833052158356,0.9999412894248962,0.419350802898407,0.132232204079628,0.0017113897483795881,0.9999121427536011,0.40130335092544556,0.17847006022930145,-0.15434220433235168,0.999933660030365,0.3953022360801697,0.17583724856376648,-0.09733260422945023,0.999902069568634,0.47946897149086,0.3092527687549591,-0.27448511123657227,0.999823808670044,0.4166136384010315,0.2835576832294464,0.1188196912407875,0.99906986951828,0.4202583432197571,0.5159022212028503,-0.2668307423591614,0.955574631690979,0.34780406951904297,0.4118737578392029,0.07941983640193939,0.29746633768081665,0.33574363589286804,0.40765097737312317,-0.1469283252954483,0.9766117930412292,0.3204892873764038,0.3906552493572235,-0.11564537137746811,0.44527295231819153,0.3092877268791199,0.3868669271469116,-0.1795884072780609,0.9675338268280029,0.29747098684310913,0.3624279499053955,-0.1306273639202118,0.4216638505458832,0.3199043869972229,0.36615633964538574,-0.18277375400066376,0.9669532179832458,0.31955230236053467,0.35974374413490295,-0.14649659395217896,0.4382091462612152,0.33438605070114136,0.37285470962524414,-0.1457686722278595,0.9511721730232239,0.3344542384147644,0.37224599719047546,-0.1291811466217041,0.43767404556274414,0.5804909467697144,0.6001916527748108,-0.1070556789636612,0.9999458193778992,0.52320796251297,0.5626928806304932,0.1072075217962265,0.9998030662536621,0.4577639102935791,0.5953271389007568,-0.4127197861671448,0.9834576845169067,0.4163731634616852,0.5104981064796448,0.09392809867858887,0.44557246565818787,0.5185612440109253,0.8661949038505554,-0.28952592611312866,0.9642266631126404,0.47046414017677307,0.7210394740104675,0.2218453586101532,0.549039363861084,0.5405355095863342,0.9082253575325012,-0.27677327394485474,0.9292564988136292,0.48813939094543457,0.7370208501815796,0.23296448588371277,0.6304265856742859,0.4576936662197113,0.9299855828285217,-0.35924965143203735,0.9598231911659241,0.4072708487510681,0.7878522276878357,0.2016991376876831,0.6920891404151917
down,0.6137401461601257,0.13814610242843628,-0.2685888111591339,0.9999939203262329,0.6048169136047363,0.11422112584114075,-0.24785323441028595,0.9999967813491821,0.6045652031898499,0.11372191458940506,-0.24798595905303955,0.9999966621398926,0.6040350198745728,0.11337661743164062,-0.24809913337230682,0.9999971389770508,0.6008543372154236,0.11573615670204163,-0.290645956993103,0.9999961853027344,0.5978480577468872,0.11667454242706299,-0.2907768785953522,0.9999958276748657,0.5944227576255798,0.11820361018180847,-0.2907165288925171,0.999996542930603,0.58185875415802,0.1317659616470337,-0.12905773520469666,0.9999963045120239,0.5695874094963074,0.14139607548713684,-0.3197713792324066,0.9999960660934448,0.6122278571128845,0.1641623079776764,-0.22173543274402618,0.9999967813491821,0.6066603064537048,0.16710203886032104,-0.2765640616416931,0.9999961853027344,0.5791778564453125,0.2779695391654968,0.009403564035892487,0.9997462630271912,0.5292490124702454,0.32636529207229614,-0.3853233754634857,0.9999535083770752,0.6294903755187988,0.43525272607803345,-0.0879114493727684,0.3717218339443207,0.5901612043380737,0.5283724069595337,-0.3874751627445221,0.9903462529182434,0.6725940704345703,0.38901105523109436,-0.38130083680152893,0.3588918447494507,0.6664127111434937,0.41294899582862854,-0.26112422347068787,0.9765893816947937,0.6979596614837646,0.3734298348426819,-0.4282999038696289,0.38812097907066345,0.684929609298706,0.3903835415840149,-0.2895455062389374,0.9605042338371277,0.685486912727356,0.3513864278793335,-0.4284586012363434,0.39504867792129517,0.6742463707923889,0.3711860775947571,-0.2968488335609436,0.9603243470191956,0.6672947406768799,0.36232423782348633,-0.3926759958267212,0.39366158843040466,0.6668679118156433,0.3755357563495636,-0.2600783407688141,0.9363968372344971,0.4840121865272522,0.5519752502441406,0.130632683634758,0.9999406337738037,0.43396347761154175,0.5896205306053162,-0.13021260499954224,0.999996542930603,0.5933409929275513,0.5102864503860474,0.21541497111320496,0.7315475940704346,0.5506857633590698,0.6098365783691406,-0.44354525208473206,0.9991831183433533,0.5376983880996704,0.7230397462844849,0.46228352189064026,0.803268551826477,0.4879714846611023,0.8591510057449341,-0.3374466300010681,0.9987911581993103,0.518668532371521,0.7474697828292847,0.486071914434433,0.7549194693565369,0.4631109833717346,0.9004510045051575,-0.3261893689632416,0.9926460981369019,0.5910369753837585,0.7664803266525269,0.4657748341560364,0.8839810490608215,0.5377826690673828,0.9306378960609436,-0.39835432171821594,0.998038113117218
down,0.6114650368690491,0.14114587008953094,-0.2003801316022873,0.999989926815033,0.603537917137146,0.11733628064393997,-0.17779026925563812,0.999994695186615,0.6032171845436096,0.11727873235940933,-0.17789456248283386,0.9999948740005493,0.6025319695472717,0.11735200136899948,-0.17798343300819397,0.9999951124191284,0.5995729565620422,0.11895309388637543,-0.2210501730442047,0.9999940395355225,0.5966876149177551,0.11979620158672333,-0.22121110558509827,0.9999939799308777,0.5932909250259399,0.12100498378276825,-0.22118818759918213,0.9999948143959045,0.5840819478034973,0.13662585616111755,-0.05891244485974312,0.9999937415122986,0.5696304440498352,0.14265526831150055,-0.25225144624710083,0.9999940991401672,0.6091067790985107,0.17123660445213318,-0.15471521019935608,0.9999947547912598,0.6043293476104736,0.17236118018627167,-0.21028026938438416,0.9999939799308777,0.5820807218551636,0.28656116127967834,0.08668540418148041,0.9996679425239563,0.5295805335044861,0.3250500559806824,-0.3305620551109314,0.9999563694000244,0.6360254883766174,0.42443081736564636,-0.0019420817261561751,0.3920840919017792,0.5863897204399109,0.5283718109130859,-0.30162185430526733,0.9905634522438049,0.6744782328605652,0.3948875963687897,-0.2824779152870178,0.3635895848274231,0.6643234491348267,0.409007728099823,-0.13950775563716888,0.9762691855430603,0.6960684061050415,0.373776376247406,-0.32105597853660583,0.376960426568985,0.6827098727226257,0.38534003496170044,-0.16055625677108765,0.9590494632720947,0.6821252703666687,0.3595418334007263,-0.31479185819625854,0.3843535780906677,0.6729035973548889,0.3693012297153473,-0.17473533749580383,0.9596176743507385,0.6677748560905457,0.3686138689517975,-0.28990110754966736,0.3807530403137207,0.6658233404159546,0.3745320737361908,-0.13964727520942688,0.9361533522605896,0.47594913840293884,0.5520558953285217,0.13691024482250214,0.9999284744262695,0.42915868759155273,0.5939571261405945,-0.13635896146297455,0.9999968409538269,0.5794681310653687,0.5264216661453247,0.327235609292984,0.7079188227653503,0.543211817741394,0.6111215949058533,-0.4955741763114929,0.999238908290863,0.5239156484603882,0.718696653842926,0.5777233242988586,0.7964144945144653,0.4848092198371887,0.8667845129966736,-0.4279354512691498,0.9986066222190857,0.5084559321403503,0.7422264814376831,0.6022093892097473,0.7417195439338684,0.46114301681518555,0.9120943546295166,-0.42052945494651794,0.9923372864723206,0.5840314626693726,0.7635084390640259,0.5986107587814331,0.8779414296150208,0.5617408156394958,0.9047977924346924,-0.49020910263061523,0.9978788495063782
down,0.6127678155899048,0.15103456377983093,-0.1979786902666092,0.9999854564666748,0.605958104133606,0.12563779950141907,-0.17509186267852783,0.9999926686286926,0.6054114699363708,0.12523843348026276,-0.17519821226596832,0.999993085861206,0.6044152975082397,0.12496283650398254,-0.1752876192331314,0.9999931454658508,0.6022116541862488,0.1268443465232849,-0.2197883427143097,0.9999917149543762,0.5990875959396362,0.12726742029190063,-0.21994106471538544,0.9999918341636658,0.5952167510986328,0.12807917594909668,-0.21991828083992004,0.9999927878379822,0.5857769250869751,0.14049576222896576,-0.05343339964747429,0.9999920129776001,0.5704115033149719,0.14514805376529694,-0.2525497078895569,0.9999923706054688,0.6091895699501038,0.18125519156455994,-0.15101349353790283,0.9999934434890747,0.604424774646759,0.18223530054092407,-0.20828405022621155,0.9999920725822449,0.5829046964645386,0.29157015681266785,0.0923938974738121,0.9996303915977478,0.5290632843971252,0.3231651186943054,-0.3336547613143921,0.9999557137489319,0.6380004286766052,0.4289909899234772,-0.00905867014080286,0.42170250415802,0.5855591893196106,0.5252501368522644,-0.30703967809677124,0.9912627339363098,0.6743331551551819,0.39910027384757996,-0.30620095133781433,0.3810161352157593,0.6644481420516968,0.40288010239601135,-0.1516687273979187,0.9778698086738586,0.6943432092666626,0.3715835213661194,-0.3497011661529541,0.37805429100990295,0.681643545627594,0.376212477684021,-0.1740652173757553,0.9605429172515869,0.6777728796005249,0.3602094352245331,-0.3305337727069855,0.3848794996738434,0.6726182103157043,0.3613012433052063,-0.1872940957546234,0.9614188075065613,0.6672677993774414,0.37045297026634216,-0.30873703956604004,0.3806867301464081,0.6657670140266418,0.3684922456741333,-0.15154322981834412,0.9397993087768555,0.4743116497993469,0.5575791597366333,0.14048314094543457,0.9999220371246338,0.42723187804222107,0.5964092016220093,-0.13995087146759033,0.9999967217445374,0.5842427015304565,0.5284548401832581,0.2766537070274353,0.7007616758346558,0.5438892245292664,0.6100168228149414,-0.50689297914505,0.9992332458496094,0.5234888792037964,0.7203308939933777,0.513468861579895,0.7870485782623291,0.4831380844116211,0.8697996139526367,-0.4339612126350403,0.9984328746795654,0.5074291825294495,0.7434455156326294,0.5364044308662415,0.7339814901351929,0.4588879942893982,0.9160481691360474,-0.42663583159446716,0.9920465350151062,0.5827367901802063,0.7659645676612854,0.5259529948234558,0.8736171722412109,0.5514874458312988,0.9275440573692322,-0.5000752210617065,0.9976912140846252
down,0.6134876012802124,0.1551763415336609,-0.1906314492225647,0.9999837875366211,0.6073540449142456,0.13011159002780914,-0.1672411859035492,0.9999918937683105,0.6069179773330688,0.12967801094055176,-0.16734710335731506,0.9999923706054688,0.605972170829773,0.1293765753507614,-0.1674371361732483,0.9999924898147583,0.6031763553619385,0.13145938515663147,-0.21171751618385315,0.999990701675415,0.5997904539108276,0.13184784352779388,-0.21186992526054382,0.9999908208847046,0.5956569314002991,0.1324523538351059,-0.2118404656648636,0.9999918937683105,0.5866777896881104,0.14279331266880035,-0.04550665616989136,0.9999915957450867,0.570922315120697,0.14723820984363556,-0.2430550754070282,0.9999915957450867,0.6092972159385681,0.18529124557971954,-0.1438806802034378,0.9999932050704956,0.6042442917823792,0.18685661256313324,-0.20075258612632751,0.9999913573265076,0.5832920074462891,0.29043319821357727,0.09660013020038605,0.9996352195739746,0.528605043888092,0.32232558727264404,-0.32810789346694946,0.9999532103538513,0.6450642347335815,0.4167763292789459,-0.007954651489853859,0.4670901298522949,0.5900251865386963,0.5194754600524902,-0.31169939041137695,0.9920045733451843,0.6806880235671997,0.39459583163261414,-0.30190473794937134,0.41663646697998047,0.6668596863746643,0.39798447489738464,-0.1419694721698761,0.9796051979064941,0.6991453766822815,0.36020609736442566,-0.34406059980392456,0.39969560503959656,0.6827341318130493,0.3662433922290802,-0.1631973832845688,0.9625793695449829,0.6827021837234497,0.3520354926586151,-0.3335418105125427,0.4060403108596802,0.6744710206985474,0.3542769253253937,-0.17743012309074402,0.9635743498802185,0.6728253364562988,0.36442604660987854,-0.30811282992362976,0.4005401134490967,0.667894184589386,0.3620589077472687,-0.1420893520116806,0.9435092210769653,0.47467494010925293,0.5580747127532959,0.13999007642269135,0.9999221563339233,0.4271073341369629,0.597325325012207,-0.13946564495563507,0.999996542930603,0.5888137221336365,0.5275536179542542,0.21032562851905823,0.7173717021942139,0.5444664359092712,0.609242856502533,-0.5140098333358765,0.9992416501045227,0.5235357284545898,0.7206515669822693,0.4431801438331604,0.7935299873352051,0.48213618993759155,0.8691705465316772,-0.4265698790550232,0.9983633756637573,0.5065029263496399,0.7437630295753479,0.465862512588501,0.7419516444206238,0.4581485390663147,0.9152599573135376,-0.4187740385532379,0.9919441938400269,0.5847492814064026,0.7661479711532593,0.4569549560546875,0.8780755400657654,0.5460973978042603,0.9311184287071228,-0.48972874879837036,0.9976053833961487
down,0.6142821907997131,0.15462139248847961,-0.18785759806632996,0.999978244304657,0.6083714365959167,0.129232719540596,-0.16527923941612244,0.9999894499778748,0.607890784740448,0.12878838181495667,-0.16539205610752106,0.9999900460243225,0.6069191098213196,0.12850691378116608,-0.16548138856887817,0.9999902248382568,0.6042948961257935,0.13090671598911285,-0.21038690209388733,0.9999878406524658,0.6009200811386108,0.1313999444246292,-0.2105429470539093,0.9999880194664001,0.596895158290863,0.13215909898281097,-0.2105223685503006,0.9999893307685852,0.5878084897994995,0.1418936401605606,-0.04533476382493973,0.9999892115592957,0.5725243091583252,0.146926149725914,-0.24618478119373322,0.9999892711639404,0.6100875735282898,0.1846623569726944,-0.14145317673683167,0.9999915361404419,0.6048332452774048,0.18653655052185059,-0.19924089312553406,0.9999889731407166,0.5832626819610596,0.2884671688079834,0.0985100045800209,0.9996176362037659,0.5284017324447632,0.3225705027580261,-0.32986485958099365,0.9999493956565857,0.6440118551254272,0.42057663202285767,-0.003141762688755989,0.4846622049808502,0.5921757817268372,0.5178788900375366,-0.3121200203895569,0.9923195838928223,0.6838287711143494,0.39029374718666077,-0.29747939109802246,0.4383885860443115,0.6709108352661133,0.39669981598854065,-0.14592577517032623,0.9808582663536072,0.7021339535713196,0.35820722579956055,-0.3396207392215729,0.4144276976585388,0.6861711144447327,0.3640922009944916,-0.16786852478981018,0.9643386006355286,0.6861912608146667,0.3482010066509247,-0.3322050869464874,0.42048901319503784,0.676932156085968,0.351764053106308,-0.18259862065315247,0.9654995799064636,0.6762458682060242,0.3596048057079315,-0.3050643801689148,0.41447094082832336,0.6708767414093018,0.3599313497543335,-0.14628399908542633,0.9468930959701538,0.47487157583236694,0.5577343702316284,0.14129593968391418,0.9999198317527771,0.4268411099910736,0.5983250737190247,-0.14078377187252045,0.9999963641166687,0.5891493558883667,0.5249131917953491,0.26661649346351624,0.7245160937309265,0.5452444553375244,0.6090453863143921,-0.504041314125061,0.9992360472679138,0.5237805843353271,0.7204461693763733,0.491324245929718,0.7931012511253357,0.4827614426612854,0.8690052628517151,-0.424185574054718,0.9982714056968689,0.5066695809364319,0.7428773641586304,0.512771487236023,0.7421251535415649,0.4593032896518707,0.9150111675262451,-0.41581422090530396,0.9917256236076355,0.5857728719711304,0.7659056186676025,0.5067982077598572,0.8788812160491943,0.558543860912323,0.9148234128952026,-0.47819608449935913,0.9974973797798157
down,0.6152971982955933,0.15514244139194489,-0.17151078581809998,0.9999732375144958,0.6090933084487915,0.12914901971817017,-0.15049999952316284,0.9999872446060181,0.6085646748542786,0.12860806286334991,-0.15060581266880035,0.9999879598617554,0.6075439453125,0.12824298441410065,-0.15068179368972778,0.9999880194664001,0.6051191091537476,0.13103733956813812,-0.19461770355701447,0.99998539686203,0.6018458604812622,0.1315617710351944,-0.19477850198745728,0.9999855756759644,0.5980071425437927,0.13232682645320892,-0.19477424025535583,0.999987006187439,0.5881637334823608,0.14203043282032013,-0.03673938289284706,0.9999871253967285,0.5737810134887695,0.1473791003227234,-0.23336657881736755,0.9999874234199524,0.6110129356384277,0.18515841662883759,-0.12729477882385254,0.9999897480010986,0.6058675646781921,0.18702086806297302,-0.18379798531532288,0.999986469745636,0.5846713781356812,0.28804469108581543,0.10501763969659805,0.9995747208595276,0.5282586812973022,0.3232876658439636,-0.3132208585739136,0.9999449849128723,0.6394177079200745,0.45012614130973816,0.014729137532413006,0.47169390320777893,0.5897920727729797,0.5205963850021362,-0.2845967411994934,0.9920174479484558,0.6788721680641174,0.39546969532966614,-0.266257643699646,0.4310867488384247,0.6690370440483093,0.40431973338127136,-0.10769591480493546,0.9797576665878296,0.6995190382003784,0.36941736936569214,-0.3027820587158203,0.40888985991477966,0.6851281523704529,0.37847259640693665,-0.12359726428985596,0.962661862373352,0.6840904951095581,0.3619585335254669,-0.29547518491744995,0.41607609391212463,0.6764599084854126,0.36477863788604736,-0.13962608575820923,0.9641527533531189,0.6726505160331726,0.3734450340270996,-0.2730025351047516,0.4108425974845886,0.6692682504653931,0.3715895414352417,-0.10784099996089935,0.945859968662262,0.4759880006313324,0.5564934611320496,0.13762563467025757,0.9999018311500549,0.4271318316459656,0.5999314188957214,-0.13711106777191162,0.9999952912330627,0.5913727879524231,0.5156615972518921,0.2655523419380188,0.7218708395957947,0.5429659485816956,0.5769398212432861,-0.47841429710388184,0.9991897940635681,0.5298311114311218,0.719045877456665,0.44854044914245605,0.798443078994751,0.48301076889038086,0.8692456483840942,-0.42187657952308655,0.997991144657135,0.5105206370353699,0.7432816624641418,0.46617746353149414,0.7451171278953552,0.4610098898410797,0.9149628281593323,-0.41539788246154785,0.9910746812820435,0.5901168584823608,0.7648710608482361,0.4601978659629822,0.8805807828903198,0.5607145428657532,0.9080228805541992,-0.47453761100769043,0.9971502423286438
down,0.6160286068916321,0.15668651461601257,-0.18648050725460052,0.999973475933075,0.6095565557479858,0.12970195710659027,-0.16504904627799988,0.9999874830245972,0.6090399622917175,0.12900520861148834,-0.16514655947685242,0.9999882578849792,0.6080535650253296,0.1285097599029541,-0.1652282476425171,0.9999880790710449,0.6054711937904358,0.13171455264091492,-0.2090826779603958,0.9999856948852539,0.60215163230896,0.13220350444316864,-0.20924386382102966,0.9999856948852539,0.598271369934082,0.13292273879051208,-0.2092292308807373,0.999987006187439,0.5882096886634827,0.1425422728061676,-0.04837382584810257,0.9999873638153076,0.5731761455535889,0.14878863096237183,-0.2449469119310379,0.9999877214431763,0.6113874316215515,0.18696795403957367,-0.14116260409355164,0.9999898076057434,0.6062349081039429,0.1885986477136612,-0.19760195910930634,0.999986469745636,0.5842912793159485,0.28778761625289917,0.0924592837691307,0.9995887279510498,0.5265138149261475,0.3233330547809601,-0.3211303949356079,0.9999436736106873,0.6392388939857483,0.4306381344795227,-0.005935668013989925,0.46793848276138306,0.5836657881736755,0.5216083526611328,-0.2991519272327423,0.9918052554130554,0.6760292649269104,0.397710919380188,-0.29325494170188904,0.44665127992630005,0.6668767929077148,0.4089110791683197,-0.12763173878192902,0.9786215424537659,0.6970154643058777,0.37368446588516235,-0.3321719169616699,0.4248984456062317,0.6840044260025024,0.38599392771720886,-0.14403358101844788,0.9607207179069519,0.6823278665542603,0.3646644055843353,-0.32184258103370667,0.43268105387687683,0.6760005354881287,0.37141817808151245,-0.1562500298023224,0.9622883796691895,0.6693788766860962,0.3756471276283264,-0.2990945279598236,0.4264303743839264,0.668444037437439,0.3769189119338989,-0.12635363638401031,0.9440292716026306,0.4777843952178955,0.5567444562911987,0.13601872324943542,0.9998932480812073,0.4277397692203522,0.6022412776947021,-0.13552239537239075,0.9999946355819702,0.5951977968215942,0.5125681161880493,0.24223986268043518,0.7314148545265198,0.5429078936576843,0.6033661961555481,-0.4824773371219635,0.9991270303726196,0.529161274433136,0.7190741896629333,0.4375585615634918,0.8120614290237427,0.48303017020225525,0.8713057041168213,-0.43078169226646423,0.9979051351547241,0.510778546333313,0.7435298562049866,0.4562186300754547,0.7593305706977844,0.4601084589958191,0.914876401424408,-0.425356388092041,0.9910292029380798,0.5897618532180786,0.7683467268943787,0.447324275970459,0.8887156844139099,0.5553438663482666,0.9300644993782043,-0.4911600947380066,0.9970613718032837
down,0.6160989999771118,0.1560324728488922,-0.1883021891117096,0.9999696612358093,0.6095855236053467,0.1289745718240738,-0.1668630689382553,0.9999854564666748,0.609006941318512,0.12819989025592804,-0.16696298122406006,0.9999865293502808,0.6079288721084595,0.1275634616613388,-0.16704533994197845,0.9999862313270569,0.6055222153663635,0.1307690441608429,-0.21130898594856262,0.9999836087226868,0.6021702885627747,0.13109120726585388,-0.2114648073911667,0.9999837279319763,0.5982683897018433,0.131590336561203,-0.21145422756671906,0.9999852180480957,0.5879475474357605,0.14011260867118835,-0.05017952248454094,0.9999850392341614,0.5729507803916931,0.14554281532764435,-0.24903258681297302,0.9999861717224121,0.6112504005432129,0.18602874875068665,-0.1429104208946228,0.9999880790710449,0.6059668660163879,0.18737034499645233,-0.19983944296836853,0.9999849796295166,0.5848673582077026,0.28780826926231384,0.09420585632324219,0.9995357394218445,0.5241557359695435,0.31879669427871704,-0.326819509267807,0.9999409914016724,0.6388288736343384,0.41844892501831055,0.002057388424873352,0.44735777378082275,0.5794997811317444,0.521484911441803,-0.3087659478187561,0.9916796088218689,0.6756230592727661,0.39909034967422485,-0.27708953619003296,0.425844669342041,0.6659877896308899,0.4086654782295227,-0.1366858184337616,0.977488100528717,0.6967905163764954,0.37360653281211853,-0.3144548535346985,0.40608349442481995,0.6832650303840637,0.38514918088912964,-0.15343478322029114,0.9585973024368286,0.6824972629547119,0.3629016578197479,-0.30378323793411255,0.4136348366737366,0.6754251718521118,0.3705286383628845,-0.16549840569496155,0.9601367115974426,0.6702260971069336,0.3752245306968689,-0.2829445004463196,0.4069942831993103,0.6683213710784912,0.37656059861183167,-0.1353643834590912,0.9408413767814636,0.48110970854759216,0.5584750771522522,0.13553984463214874,0.9998724460601807,0.428429514169693,0.603342592716217,-0.1350225806236267,0.9999939799308777,0.5952319502830505,0.5170527696609497,0.26525095105171204,0.7245258092880249,0.5423144698143005,0.5671604871749878,-0.49511680006980896,0.9990537762641907,0.5281180143356323,0.7269242405891418,0.46603924036026,0.8128038048744202,0.48296070098876953,0.8716892600059509,-0.45218244194984436,0.9978165626525879,0.5100741386413574,0.7495487928390503,0.48500728607177734,0.7596718668937683,0.4595130383968353,0.9160470962524414,-0.4478161334991455,0.9908339381217957,0.5899060964584351,0.7711741924285889,0.47343558073043823,0.8882470726966858,0.5606648325920105,0.9274755716323853,-0.5197994709014893,0.9969467520713806
down,0.6149258017539978,0.14986436069011688,-0.20738816261291504,0.9999739527702332,0.6074783802032471,0.12447863817214966,-0.18278811872005463,0.9999876022338867,0.6071676015853882,0.12413231283426285,-0.18286935985088348,0.9999885559082031,0.6063265204429626,0.12393941730260849,-0.18295171856880188,0.999988317489624,0.6022675037384033,0.1258506178855896,-0.22491872310638428,0.9999859929084778,0.598652184009552,0.12658865749835968,-0.22507894039154053,0.9999862313270569,0.5944191217422485,0.12754854559898376,-0.22505894303321838,0.9999874234199524,0.5876373052597046,0.13918042182922363,-0.05672919750213623,0.9999873638153076,0.5697051882743835,0.14517126977443695,-0.24326303601264954,0.9999884366989136,0.6112846732139587,0.18026551604270935,-0.159858837723732,0.9999898076057434,0.6054242253303528,0.18206597864627838,-0.213666632771492,0.9999871850013733,0.5869733095169067,0.2882605791091919,0.08519331365823746,0.9995712041854858,0.5240485668182373,0.3186872601509094,-0.32554033398628235,0.9999471306800842,0.6414752006530762,0.42073068022727966,-0.030563410371541977,0.46216800808906555,0.5797486305236816,0.5222302079200745,-0.3124221861362457,0.9922516942024231,0.6756113767623901,0.3998498320579529,-0.3294432461261749,0.4352995753288269,0.6659768223762512,0.40847909450531006,-0.13680563867092133,0.9780590534210205,0.696740984916687,0.37557193636894226,-0.36899083852767944,0.4116084575653076,0.6832886934280396,0.38451001048088074,-0.15196046233177185,0.9585299491882324,0.6816245317459106,0.36034828424453735,-0.35510799288749695,0.4180361330509186,0.6752049326896667,0.3681330382823944,-0.16226768493652344,0.9599096775054932,0.6698249578475952,0.37263455986976624,-0.33393537998199463,0.4099756181240082,0.668160617351532,0.3749639391899109,-0.13462960720062256,0.9406635761260986,0.4813222289085388,0.5598452091217041,0.1355021446943283,0.9998799562454224,0.42859381437301636,0.6051391959190369,-0.13498207926750183,0.9999945163726807,0.5956023335456848,0.5259514451026917,0.23834022879600525,0.7245470881462097,0.5453729033470154,0.607306957244873,-0.48916149139404297,0.9990820288658142,0.5267241597175598,0.726244330406189,0.4436105191707611,0.8150362372398376,0.48316144943237305,0.8712573647499084,-0.43092697858810425,0.9978468418121338,0.5092967748641968,0.7484247088432312,0.46357831358909607,0.7620906233787537,0.4593939185142517,0.9154538512229919,-0.4243936538696289,0.9909356832504272,0.5901029706001282,0.7716504335403442,0.4540875554084778,0.889114260673523,0.5628697872161865,0.9170052409172058,-0.4900131821632385,0.996954619884491
down,0.6142715215682983,0.14953090250492096,-0.2088957577943802,0.9999778866767883,0.6065902709960938,0.12447161227464676,-0.18467286229133606,0.9999896883964539,0.6064198613166809,0.12414071708917618,-0.18475648760795593,0.9999905228614807,0.6056954264640808,0.12399159371852875,-0.18483999371528625,0.9999904036521912,0.6009114384651184,0.12585830688476562,-0.22667276859283447,0.9999881386756897,0.5971491932868958,0.1266343593597412,-0.22683307528495789,0.9999883770942688,0.5926657319068909,0.12766264379024506,-0.22681733965873718,0.9999893307685852,0.5873193144798279,0.14023080468177795,-0.06056686118245125,0.9999898076057434,0.5677624940872192,0.1467067003250122,-0.24574525654315948,0.9999901652336121,0.6111300587654114,0.18027129769325256,-0.16189256310462952,0.9999915957450867,0.6049308776855469,0.1820339560508728,-0.21551330387592316,0.9999892115592957,0.5878660678863525,0.2896538972854614,0.07940249890089035,0.9996090531349182,0.5240411162376404,0.32065248489379883,-0.32785776257514954,0.9999496340751648,0.6464356184005737,0.4176231324672699,-0.03699500486254692,0.4873638451099396,0.5806080102920532,0.5227896571159363,-0.31580010056495667,0.9928962588310242,0.6761351227760315,0.39778897166252136,-0.3338492512702942,0.4559135138988495,0.6666949987411499,0.4071899354457855,-0.14351579546928406,0.9791399240493774,0.6970570683479309,0.3694588541984558,-0.37340834736824036,0.4283149838447571,0.6836807727813721,0.3811667859554291,-0.1595071405172348,0.9595810770988464,0.6818808317184448,0.3593856692314148,-0.3595840334892273,0.4338170289993286,0.6762605905532837,0.36625391244888306,-0.16975297033786774,0.9608507752418518,0.6702180504798889,0.37251463532447815,-0.3382519781589508,0.4245384633541107,0.6693148612976074,0.37434014678001404,-0.14155904948711395,0.9422792196273804,0.4816339612007141,0.5602120161056519,0.1346140056848526,0.9998915791511536,0.4289664626121521,0.6054736375808716,-0.13409961760044098,0.9999948740005493,0.5962383151054382,0.5312128663063049,0.2330438643693924,0.7358219027519226,0.5465298295021057,0.6099331974983215,-0.4804757535457611,0.9991223216056824,0.525725781917572,0.7260097861289978,0.4366879463195801,0.8218777775764465,0.4827207028865814,0.8700955510139465,-0.420236736536026,0.9979372620582581,0.5082910656929016,0.746624767780304,0.45653995871543884,0.7703511118888855,0.4582570493221283,0.9125695824623108,-0.4133649468421936,0.991195797920227,0.5885208249092102,0.7704079747200012,0.4486773610115051,0.8919605612754822,0.5613692998886108,0.9176488518714905,-0.47617316246032715,0.9969983100891113
down,0.6125620007514954,0.15026362240314484,-0.21554288268089294,0.9999814629554749,0.6051503419876099,0.12634652853012085,-0.19103695452213287,0.9999914765357971,0.6050707101821899,0.1260766237974167,-0.19111648201942444,0.9999921321868896,0.604510486125946,0.12601299583911896,-0.19120250642299652,0.9999921917915344,0.5993197560310364,0.12728634476661682,-0.23296299576759338,0.9999901056289673,0.5954290628433228,0.12782619893550873,-0.23311881721019745,0.9999903440475464,0.5907589793205261,0.12867222726345062,-0.23309819400310516,0.9999911189079285,0.5866028070449829,0.14210458099842072,-0.06491266191005707,0.9999917149543762,0.5662161707878113,0.1479419767856598,-0.2506433129310608,0.9999917149543762,0.6093575954437256,0.1809714138507843,-0.16777759790420532,0.999993085861206,0.6024669408798218,0.18227477371692657,-0.22135773301124573,0.9999909400939941,0.5881373882293701,0.29056695103645325,0.07741723209619522,0.9996305704116821,0.5239599943161011,0.32080695033073425,-0.3338131606578827,0.9999526739120483,0.6453336477279663,0.4220009744167328,-0.04252346232533455,0.5087676644325256,0.5807123184204102,0.5228849053382874,-0.3269334137439728,0.9935067296028137,0.6771844029426575,0.39482781291007996,-0.341614305973053,0.47656065225601196,0.6668297052383423,0.40698403120040894,-0.1595185101032257,0.9805983304977417,0.6977972388267517,0.3675217926502228,-0.3818020820617676,0.4456954896450043,0.6837798357009888,0.38019099831581116,-0.176978200674057,0.9614949226379395,0.682388424873352,0.35755398869514465,-0.3684923052787781,0.45019909739494324,0.676256000995636,0.36494266986846924,-0.18574684858322144,0.9626257419586182,0.6707853674888611,0.3697056174278259,-0.3465229272842407,0.4403606653213501,0.6694567203521729,0.3734303414821625,-0.15725204348564148,0.9449692368507385,0.4822300374507904,0.5598878860473633,0.1355285495519638,0.9998994469642639,0.4294358193874359,0.6055324673652649,-0.13502371311187744,0.9999951720237732,0.5968536734580994,0.5319965481758118,0.2246515303850174,0.7480078339576721,0.5466659069061279,0.6095898747444153,-0.49181288480758667,0.9991816878318787,0.5248978734016418,0.7245826125144958,0.43397727608680725,0.8289774656295776,0.4826417565345764,0.868845522403717,-0.4265460968017578,0.9981222152709961,0.5067465305328369,0.742704451084137,0.4541803300380707,0.7795903086662292,0.45798540115356445,0.9105202555656433,-0.4193534851074219,0.9917930960655212,0.5852811336517334,0.7682974338531494,0.4449201226234436,0.8959619402885437,0.5606338381767273,0.9195836186408997,-0.487595796585083,0.9971917271614075
down,0.6098443269729614,0.1438601016998291,-0.22168605029582977,0.9999812245368958,0.6015773415565491,0.120878666639328,-0.19803602993488312,0.9999914169311523,0.6013002395629883,0.12056878209114075,-0.19811849296092987,0.9999920725822449,0.6006098985671997,0.12045208364725113,-0.19821412861347198,0.9999922513961792,0.596505880355835,0.1223316490650177,-0.23974065482616425,0.999989926815033,0.5927304625511169,0.12304063141345978,-0.23988911509513855,0.9999900460243225,0.5882829427719116,0.12403512746095657,-0.2398744821548462,0.9999909996986389,0.5832170248031616,0.13909505307674408,-0.07477538287639618,0.9999918341636658,0.5652029514312744,0.14438031613826752,-0.25959569215774536,0.9999912977218628,0.6067444682121277,0.1728576421737671,-0.1746678501367569,0.9999930262565613,0.6003104448318481,0.17467661201953888,-0.22799161076545715,0.9999907612800598,0.5871321558952332,0.28669312596321106,0.06632061302661896,0.9996000528335571,0.5234888792037964,0.32001563906669617,-0.34177035093307495,0.9999509453773499,0.6429501175880432,0.41548699140548706,-0.048901814967393875,0.5027521252632141,0.5804202556610107,0.5224015116691589,-0.33921539783477783,0.9936378002166748,0.6783861517906189,0.393621563911438,-0.34167346358299255,0.47594714164733887,0.6676440834999084,0.40632566809654236,-0.17918851971626282,0.9812977910041809,0.7022436857223511,0.36338943243026733,-0.38106569647789,0.447803258895874,0.6850996613502502,0.3804669678211212,-0.19818279147148132,0.9625025987625122,0.6871417760848999,0.3555930256843567,-0.3707716464996338,0.45244500041007996,0.6777482032775879,0.3651507794857025,-0.20602062344551086,0.9633923768997192,0.6760526299476624,0.367431640625,-0.34764352440834045,0.4424084424972534,0.6711880564689636,0.37324124574661255,-0.1768912523984909,0.9453110098838806,0.48225873708724976,0.5578685402870178,0.13643595576286316,0.9998965263366699,0.42915138602256775,0.6051751971244812,-0.13594263792037964,0.9999948143959045,0.5982880592346191,0.5233516097068787,0.21451230347156525,0.760328471660614,0.546533465385437,0.6093819737434387,-0.4933585226535797,0.9992107152938843,0.5281836986541748,0.7219129204750061,0.42299753427505493,0.8371868133544922,0.48264279961586,0.868471086025238,-0.4235145151615143,0.998227059841156,0.5100628137588501,0.7427765727043152,0.4432179033756256,0.7888870239257812,0.4580775201320648,0.9101492166519165,-0.4160897731781006,0.9921078085899353,0.5908417105674744,0.7685709595680237,0.4312609136104584,0.9003662467002869,0.5568990111351013,0.9170323014259338,-0.4808833599090576,0.9972994327545166
down,0.6078858375549316,0.14215010404586792,-0.2074621617794037,0.9999829530715942,0.5996837019920349,0.1192900538444519,-0.1839965283870697,0.999992311000824,0.5994783639907837,0.11892805993556976,-0.18407884240150452,0.9999929070472717,0.5988410115242004,0.11871549487113953,-0.1841641664505005,0.9999930262565613,0.5944699645042419,0.1207936629652977,-0.2264692485332489,0.9999908804893494,0.5906120538711548,0.12158677726984024,-0.22662582993507385,0.9999909400939941,0.5861822366714478,0.12273851782083511,-0.22661785781383514,0.9999917149543762,0.5809493660926819,0.13655278086662292,-0.06232284754514694,0.9999926686286926,0.5629675984382629,0.1429208666086197,-0.24929551780223846,0.9999921917915344,0.6050508618354797,0.1711692214012146,-0.1611509770154953,0.9999938011169434,0.5980722308158875,0.1726771742105484,-0.21546678245067596,0.9999917149543762,0.5861597061157227,0.28810131549835205,0.08281941711902618,0.9996373057365417,0.522560179233551,0.3194270133972168,-0.33247658610343933,0.9999558329582214,0.6394438147544861,0.42108312249183655,-0.03135140985250473,0.5241227149963379,0.5757693648338318,0.5213642120361328,-0.3185194134712219,0.993679404258728,0.6766256093978882,0.3937545716762543,-0.32024407386779785,0.5102876424789429,0.6636976003646851,0.4066670835018158,-0.1459469497203827,0.9817160964012146,0.7007494568824768,0.3629911243915558,-0.3576962947845459,0.4777666926383972,0.6819708347320557,0.38172417879104614,-0.16188684105873108,0.9630787372589111,0.68684983253479,0.3536119759082794,-0.34360790252685547,0.4816119968891144,0.6752817034721375,0.36582574248313904,-0.1717589646577835,0.96390300989151,0.675858736038208,0.36568623781204224,-0.324407696723938,0.46946945786476135,0.6666014790534973,0.37285956740379333,-0.14389120042324066,0.9464903473854065,0.4806848168373108,0.5599550604820251,0.13697883486747742,0.999910295009613,0.42868322134017944,0.605591356754303,-0.1364900767803192,0.9999954700469971,0.5978577136993408,0.526326596736908,0.24853122234344482,0.7679380178451538,0.5466082692146301,0.6094839572906494,-0.4893043041229248,0.9992311000823975,0.5285378694534302,0.7252638936042786,0.4499071538448334,0.8458302021026611,0.48257970809936523,0.8686608076095581,-0.42291244864463806,0.9981733560562134,0.5110531449317932,0.7471405267715454,0.4695877432823181,0.7963917255401611,0.45786967873573303,0.9103670120239258,-0.4156879782676697,0.9920011758804321,0.592058539390564,0.770738959312439,0.46111512184143066,0.9050480127334595,0.5618050694465637,0.9139343500137329,-0.47717198729515076,0.9972630143165588
down,0.6073201894760132,0.142341747879982,-0.19586986303329468,0.9999826550483704,0.599216878414154,0.11957677453756332,-0.17270293831825256,0.9999921917915344,0.5988837480545044,0.11915919929742813,-0.17278456687927246,0.9999927878379822,0.5980824828147888,0.11884654313325882,-0.17286521196365356,0.9999929070472717,0.5941287279129028,0.12108215689659119,-0.2152337282896042,0.9999908804893494,0.5902577638626099,0.12181457877159119,-0.21538583934307098,0.9999909400939941,0.5857698321342468,0.12287328392267227,-0.21537165343761444,0.9999917149543762,0.5792198777198792,0.13561423122882843,-0.05132339522242546,0.9999926090240479,0.5624024868011475,0.14184850454330444,-0.2414671629667282,0.9999922513961792,0.6040470004081726,0.17126591503620148,-0.14992007613182068,0.9999935626983643,0.597169041633606,0.17260989546775818,-0.20450520515441895,0.9999915957450867,0.5842540860176086,0.2892218828201294,0.09320136904716492,0.9996100068092346,0.5224623680114746,0.3195701837539673,-0.32360872626304626,0.9999560117721558,0.6331462860107422,0.46005499362945557,-0.01301475428044796,0.5113312005996704,0.5765745043754578,0.5197653770446777,-0.3095875084400177,0.9935054779052734,0.6793649196624756,0.3882426917552948,-0.29332953691482544,0.5029735565185547,0.6643928289413452,0.4056135416030884,-0.13881245255470276,0.9814238548278809,0.7017451524734497,0.3586174547672272,-0.32852381467819214,0.4706546664237976,0.6825470328330994,0.38053420186042786,-0.15442296862602234,0.9625023603439331,0.688512921333313,0.3477656841278076,-0.3172379434108734,0.47473540902137756,0.675439178943634,0.3643748462200165,-0.16373856365680695,0.9633328914642334,0.6783276796340942,0.35862240195274353,-0.29828038811683655,0.4621501863002777,0.6678964495658875,0.3711221516132355,-0.1366633027791977,0.9458144307136536,0.47909727692604065,0.562826931476593,0.13635429739952087,0.9999105334281921,0.42809343338012695,0.607643187046051,-0.13586796820163727,0.9999956488609314,0.5964978337287903,0.5278245210647583,0.2799834609031677,0.7660756707191467,0.5468264818191528,0.6092687845230103,-0.47037965059280396,0.9992329478263855,0.5282098054885864,0.7255236506462097,0.45715802907943726,0.8500745892524719,0.483040988445282,0.8683435320854187,-0.4316008687019348,0.9980939626693726,0.5107853412628174,0.748531699180603,0.4765114188194275,0.7988495230674744,0.4599663317203522,0.9124470353126526,-0.427607923746109,0.9918193817138672,0.5915249586105347,0.7713576555252075,0.46872252225875854,0.9071800708770752,0.5634137392044067,0.9118744730949402,-0.48795652389526367,0.9971715807914734
down,0.6063543558120728,0.14217092096805573,-0.2276761829853058,0.9999861121177673,0.5984976887702942,0.11952783912420273,-0.2041425257921219,0.9999937415122986,0.5981884002685547,0.11906232684850693,-0.20421984791755676,0.9999942183494568,0.5973919034004211,0.11867836862802505,-0.2043139934539795,0.9999943375587463,0.5933390855789185,0.1210549995303154,-0.24610328674316406,0.9999926686286926,0.5894472599029541,0.12179625034332275,-0.2462584525346756,0.9999927878379822,0.5849645733833313,0.12283826619386673,-0.24623212218284607,0.9999933242797852,0.5787059664726257,0.13530732691287994,-0.08169037103652954,0.9999939799308777,0.5613862872123718,0.14177435636520386,-0.2696871757507324,0.9999936819076538,0.6032966375350952,0.17127948999404907,-0.18110685050487518,0.999994695186615,0.596094012260437,0.1720437854528427,-0.23496024310588837,0.9999930262565613,0.5840824842453003,0.2886810898780823,0.06013975664973259,0.9996349215507507,0.5225860476493835,0.3196297883987427,-0.34562742710113525,0.9999595284461975,0.6366672515869141,0.4249725639820099,-0.04780445247888565,0.5276941061019897,0.5764545798301697,0.5180263519287109,-0.33882391452789307,0.9937913417816162,0.6777076125144958,0.3918299376964569,-0.33573776483535767,0.5165490508079529,0.6642993688583374,0.40553244948387146,-0.18163134157657623,0.9820255637168884,0.7014323472976685,0.3625110685825348,-0.37312641739845276,0.47946199774742126,0.6827026009559631,0.38154008984565735,-0.20068375766277313,0.9631037712097168,0.687340497970581,0.3502552807331085,-0.3590587377548218,0.48308172821998596,0.6748171448707581,0.36433377861976624,-0.20794621109962463,0.9638234972953796,0.6754859685897827,0.3620474636554718,-0.33981627225875854,0.4686962962150574,0.6666334867477417,0.3712961971759796,-0.17930226027965546,0.9462708234786987,0.4798309803009033,0.5628331899642944,0.13351194560527802,0.9999068975448608,0.4279874265193939,0.6079166531562805,-0.13301672041416168,0.9999957084655762,0.5967935919761658,0.5260839462280273,0.2431008517742157,0.7745880484580994,0.5455139875411987,0.608741283416748,-0.496462345123291,0.999285876750946,0.5272543430328369,0.7245867252349854,0.442457377910614,0.8577975630760193,0.4834376275539398,0.8688043355941772,-0.4434989392757416,0.9982191324234009,0.5103769898414612,0.7473758459091187,0.46168655157089233,0.8035406470298767,0.4608367383480072,0.9136664271354675,-0.4379708170890808,0.9922114014625549,0.5900749564170837,0.7722421288490295,0.44882649183273315,0.9105040431022644,0.5644627809524536,0.9141472578048706,-0.5047608613967896,0.9973187446594238
down,0.6062989830970764,0.14179620146751404,-0.2256254255771637,0.9999877214431763,0.5984730124473572,0.11935753375291824,-0.20194348692893982,0.9999943375587463,0.5981294512748718,0.11884437501430511,-0.20202700793743134,0.9999947547912598,0.5972769260406494,0.11840403079986572,-0.2021220475435257,0.9999948740005493,0.5933817625045776,0.12096653133630753,-0.24622423946857452,0.9999933838844299,0.5895240306854248,0.12173735350370407,-0.24637150764465332,0.9999934434890747,0.5850754976272583,0.12278298288583755,-0.24634161591529846,0.9999939203262329,0.5782825350761414,0.13502562046051025,-0.08039463311433792,0.9999945759773254,0.5612776875495911,0.1416793018579483,-0.27343136072158813,0.999994158744812,0.6031023263931274,0.17064926028251648,-0.17919370532035828,0.999995231628418,0.5960286855697632,0.1715945452451706,-0.23623129725456238,0.9999935626983643,0.5842872858047485,0.2881367802619934,0.05959228426218033,0.9996488690376282,0.5225618481636047,0.31997454166412354,-0.3510056436061859,0.9999590516090393,0.6403059959411621,0.423717200756073,-0.043636709451675415,0.5550251603126526,0.5765739679336548,0.5196882486343384,-0.34407034516334534,0.9940688014030457,0.6776748895645142,0.3943972587585449,-0.32436227798461914,0.5408309698104858,0.6642816662788391,0.40658771991729736,-0.1863071620464325,0.9831258654594421,0.7013459205627441,0.3691816031932831,-0.36188507080078125,0.49905580282211304,0.6826850175857544,0.38377872109413147,-0.20676203072071075,0.9650724530220032,0.6863850355148315,0.35459762811660767,-0.35360023379325867,0.503313422203064,0.6744586229324341,0.3646051585674286,-0.21431830525398254,0.9657099843025208,0.6752565503120422,0.3647206127643585,-0.3303331434726715,0.48664024472236633,0.6663035750389099,0.3714925944805145,-0.18411853909492493,0.9480074644088745,0.4799582362174988,0.562335729598999,0.1336117535829544,0.9999051094055176,0.42729026079177856,0.6077255606651306,-0.13310188055038452,0.9999957084655762,0.5971304774284363,0.5135296583175659,0.2554051876068115,0.7828984260559082,0.544305682182312,0.6087037920951843,-0.5052169561386108,0.9993271827697754,0.5271095037460327,0.7232509255409241,0.464485228061676,0.8619697690010071,0.48339882493019104,0.8688768744468689,-0.4387649595737457,0.9982143044471741,0.5098326206207275,0.7466909885406494,0.48456233739852905,0.8050060272216797,0.4608486294746399,0.9107614159584045,-0.43137168884277344,0.9921461343765259,0.5899543166160583,0.7737623453140259,0.47489428520202637,0.911845862865448,0.549802303314209,0.9296241998672485,-0.49403220415115356,0.9972956776618958
down,0.6062792539596558,0.14073413610458374,-0.20569384098052979,0.999987781047821,0.5983215570449829,0.1186235323548317,-0.18188591301441193,0.9999943971633911,0.5979791879653931,0.11813086271286011,-0.18195751309394836,0.9999948143959045,0.597137451171875,0.11773708462715149,-0.18203285336494446,0.9999949336051941,0.5932307839393616,0.1204865425825119,-0.22335878014564514,0.9999935030937195,0.5893517732620239,0.12145697325468063,-0.22352251410484314,0.9999935626983643,0.5848547220230103,0.12265823036432266,-0.22351384162902832,0.9999940395355225,0.5776830315589905,0.13499757647514343,-0.05952923744916916,0.999994695186615,0.5606920123100281,0.14217300713062286,-0.2441301792860031,0.9999942183494568,0.6032167077064514,0.17027708888053894,-0.15954260528087616,0.9999953508377075,0.5961757898330688,0.17149248719215393,-0.21271614730358124,0.9999938011169434,0.584740936756134,0.28766930103302,0.08296355605125427,0.9996647834777832,0.5220003128051758,0.32064288854599,-0.3243379592895508,0.9999613761901855,0.6407670974731445,0.4232885241508484,-0.025476256385445595,0.5521447062492371,0.5764808058738708,0.52073734998703,-0.3065235912799835,0.9941537976264954,0.6758598685264587,0.3959306478500366,-0.30887582898139954,0.5447366237640381,0.6642974615097046,0.40780436992645264,-0.13477012515068054,0.9837418794631958,0.6994193196296692,0.3739442527294159,-0.3444872498512268,0.5039826035499573,0.6828020811080933,0.3868853747844696,-0.14916019141674042,0.9662084579467773,0.6856072545051575,0.3598407804965973,-0.3332173526287079,0.5085389018058777,0.6749629378318787,0.3671712577342987,-0.15894940495491028,0.9668434858322144,0.6738618016242981,0.37038132548332214,-0.31364527344703674,0.49097058176994324,0.6671038866043091,0.37407252192497253,-0.13246376812458038,0.9495957493782043,0.4799208641052246,0.5623548030853271,0.1338053047657013,0.9999051690101624,0.4272463917732239,0.6082888841629028,-0.1332923024892807,0.999995768070221,0.59662264585495,0.5187475681304932,0.2674144506454468,0.7847535014152527,0.5453173518180847,0.6083307266235352,-0.4811173975467682,0.9993285536766052,0.5270964503288269,0.720186173915863,0.44101086258888245,0.8620814085006714,0.4839637279510498,0.8683943152427673,-0.4293932020664215,0.9980670809745789,0.5091690421104431,0.7410039305686951,0.4592381417751312,0.8064265847206116,0.4610215723514557,0.9090172052383423,-0.42200931906700134,0.99169921875,0.5858232975006104,0.7723739743232727,0.45383796095848083,0.911399245262146,0.5496903657913208,0.9288299679756165,-0.47812026739120483,0.9970767498016357
down,0.6062147617340088,0.13983963429927826,-0.2064412385225296,0.9999880194664001,0.5980105400085449,0.11822367459535599,-0.18272529542446136,0.9999944567680359,0.5976918935775757,0.11780668795108795,-0.18280062079429626,0.9999948740005493,0.5968939661979675,0.11750057339668274,-0.1828799545764923,0.9999949932098389,0.5929356813430786,0.12016170471906662,-0.22478227317333221,0.999993622303009,0.5890759825706482,0.12126722186803818,-0.22494371235370636,0.9999936819076538,0.5846034288406372,0.12262645363807678,-0.22493033111095428,0.999994158744812,0.577570915222168,0.13543744385242462,-0.060798417776823044,0.999994695186615,0.5606309175491333,0.14313174784183502,-0.24777190387248993,0.9999942779541016,0.6034296751022339,0.16947336494922638,-0.1603611558675766,0.9999954104423523,0.5965059399604797,0.17109309136867523,-0.21434156596660614,0.9999938011169434,0.584826648235321,0.28544142842292786,0.08051777631044388,0.9996675252914429,0.5221480131149292,0.3210883140563965,-0.32634973526000977,0.9999619126319885,0.6410848498344421,0.4209997057914734,-0.019998492673039436,0.5493818521499634,0.5769823789596558,0.5213220119476318,-0.3115037977695465,0.9942015409469604,0.6751893162727356,0.39650192856788635,-0.2972375452518463,0.5460742115974426,0.6645742654800415,0.40863853693008423,-0.14643844962120056,0.9836593270301819,0.6987365484237671,0.3748261630535126,-0.33245742321014404,0.5074108242988586,0.6833596229553223,0.3874983489513397,-0.16413471102714539,0.9660232067108154,0.6851895451545715,0.36124131083488464,-0.3250868618488312,0.5131878852844238,0.6756266355514526,0.36824557185173035,-0.1732577085494995,0.9667550921440125,0.6737678647041321,0.3714395761489868,-0.30344873666763306,0.49591872096061707,0.6679441332817078,0.3753405213356018,-0.14442501962184906,0.9496069550514221,0.4804069995880127,0.5608407258987427,0.13421645760536194,0.9999050498008728,0.4273882508277893,0.6083420515060425,-0.13370636105537415,0.9999955296516418,0.5967835187911987,0.5184050798416138,0.2475140392780304,0.786396861076355,0.5469349026679993,0.6091755628585815,-0.48459815979003906,0.9993345737457275,0.527434229850769,0.7198045253753662,0.43655484914779663,0.8639101386070251,0.4840453565120697,0.8661479353904724,-0.4093133509159088,0.9978932738304138,0.5094066262245178,0.7407640814781189,0.45517081022262573,0.8091185092926025,0.46141576766967773,0.9067631363868713,-0.3996143937110901,0.9912078976631165,0.5886932611465454,0.7705395817756653,0.45068326592445374,0.9122925996780396,0.5471047759056091,0.9253146648406982,-0.44886231422424316,0.9968256950378418
down,0.6064212322235107,0.13980066776275635,-0.20952200889587402,0.9999884366989136,0.597870945930481,0.11811725050210953,-0.18562644720077515,0.9999945759773254,0.5975559949874878,0.11772105097770691,-0.18570543825626373,0.9999949932098389,0.5967764854431152,0.11742781847715378,-0.18579521775245667,0.9999951124191284,0.5927211046218872,0.12005697190761566,-0.2280426025390625,0.9999938011169434,0.5888364315032959,0.12116886675357819,-0.22820694744586945,0.9999939203262329,0.5843549966812134,0.12255590409040451,-0.22818903625011444,0.9999943971633911,0.577373206615448,0.1356436312198639,-0.06345055252313614,0.9999948143959045,0.5604376792907715,0.14323288202285767,-0.25254395604133606,0.9999943971633911,0.603837788105011,0.16948938369750977,-0.1633528769016266,0.9999955296516418,0.5969427824020386,0.1711714267730713,-0.2178076207637787,0.9999939203262329,0.5849431753158569,0.2841406464576721,0.0775158479809761,0.999660074710846,0.5222750306129456,0.32083776593208313,-0.3314933478832245,0.9999598860740662,0.6416512727737427,0.4188985228538513,-0.01892031542956829,0.5505187511444092,0.5772754549980164,0.5212479829788208,-0.31598103046417236,0.9943282604217529,0.6780309677124023,0.3963108956813812,-0.2920103073120117,0.5369864106178284,0.6659596562385559,0.41019660234451294,-0.15368574857711792,0.9835729002952576,0.7006751298904419,0.3724898397922516,-0.326604425907135,0.4992578625679016,0.6849778294563293,0.38829851150512695,-0.17254717648029327,0.9657336473464966,0.686532199382782,0.35954034328460693,-0.3205128312110901,0.5057799816131592,0.6769918203353882,0.3691290020942688,-0.18097028136253357,0.9665276408195496,0.6750375032424927,0.3702245354652405,-0.2986251711845398,0.48996731638908386,0.6696068048477173,0.3761100769042969,-0.15160317718982697,0.9491812586784363,0.48031550645828247,0.559876024723053,0.13445475697517395,0.9999055862426758,0.42717593908309937,0.6072858572006226,-0.1339416205883026,0.9999952912330627,0.5960754156112671,0.5212802290916443,0.24072051048278809,0.7923985719680786,0.5456451773643494,0.613153338432312,-0.4873562455177307,0.9993405938148499,0.5270147919654846,0.7200852036476135,0.43544402718544006,0.8667594790458679,0.48406606912612915,0.8650175333023071,-0.4076612591743469,0.9978144764900208,0.5091648697853088,0.7415152788162231,0.4549632966518402,0.8126766681671143,0.46119779348373413,0.9064472913742065,-0.39814287424087524,0.9909828305244446,0.5884476900100708,0.7703697085380554,0.45000067353248596,0.9137707352638245,0.5483938455581665,0.9219914674758911,-0.4493892788887024,0.9966942071914673
down,0.6066328287124634,0.13903078436851501,-0.2130858600139618,0.9999872446060181,0.5981539487838745,0.11710315197706223,-0.1890822947025299,0.999994158744812,0.5978090167045593,0.1165865883231163,-0.18915721774101257,0.9999946355819702,0.5969805121421814,0.11616772413253784,-0.18924008309841156,0.9999947547912598,0.5930670499801636,0.11895982921123505,-0.23083063960075378,0.9999933242797852,0.5892359018325806,0.11991169303655624,-0.23099632561206818,0.9999935626983643,0.5847926139831543,0.1210937574505806,-0.2309928685426712,0.9999940395355225,0.5773849487304688,0.13405680656433105,-0.06672430783510208,0.9999944567680359,0.5605049133300781,0.14100025594234467,-0.25319990515708923,0.9999940991401672,0.6041327118873596,0.16875067353248596,-0.16689512133598328,0.9999951124191284,0.5971429347991943,0.16997511684894562,-0.2204580307006836,0.9999933838844299,0.586288332939148,0.28397291898727417,0.07462940365076065,0.9996320009231567,0.523032546043396,0.3190537095069885,-0.3323362171649933,0.9999587535858154,0.6405143737792969,0.4213851988315582,-0.03551927208900452,0.5318223834037781,0.5771027207374573,0.5205495953559875,-0.31898853182792664,0.993962824344635,0.6781631112098694,0.3953072130680084,-0.31970807909965515,0.5183282494544983,0.6666094064712524,0.4097786843776703,-0.15489430725574493,0.9824251532554626,0.7014642953872681,0.370346337556839,-0.3544352948665619,0.48373842239379883,0.6856368780136108,0.387381911277771,-0.17186792194843292,0.9636362791061401,0.6883363723754883,0.35750502347946167,-0.3452678322792053,0.4903014302253723,0.6780533790588379,0.36793360114097595,-0.17905960977077484,0.9644277095794678,0.6765309572219849,0.36810964345932007,-0.325292706489563,0.47530224919319153,0.6705237627029419,0.37463027238845825,-0.1518770009279251,0.9461842775344849,0.4804341197013855,0.5586150884628296,0.134028360247612,0.9999022483825684,0.4270319938659668,0.6061575412750244,-0.1335153728723526,0.9999950528144836,0.5944203734397888,0.5189844965934753,0.26029255986213684,0.783449649810791,0.5455747842788696,0.6129040122032166,-0.48039498925209045,0.9993085265159607,0.5269368886947632,0.7202016115188599,0.4454136788845062,0.8622167706489563,0.4841235280036926,0.8631150722503662,-0.4053547978401184,0.9975806474685669,0.5091425776481628,0.7419537305831909,0.4631611406803131,0.8063608407974243,0.4723179340362549,0.898102879524231,-0.3964391350746155,0.9902295470237732,0.5888054370880127,0.7683263421058655,0.4571371078491211,0.9106315970420837,0.5490196943283081,0.91986083984375,-0.4476967751979828,0.9963793158531189
down,0.6067569255828857,0.1404411792755127,-0.20365262031555176,0.999988317489624,0.5980004072189331,0.11797609180212021,-0.17959049344062805,0.999994695186615,0.5977098941802979,0.11760082095861435,-0.17965629696846008,0.9999951720237732,0.5969437956809998,0.11728067696094513,-0.17972981929779053,0.999995231628418,0.5925359725952148,0.11970121413469315,-0.2206408679485321,0.9999940395355225,0.5883983373641968,0.12072128802537918,-0.22081537544727325,0.9999942183494568,0.5835922360420227,0.12205731868743896,-0.2208094596862793,0.9999946355819702,0.5773588418960571,0.13489530980587006,-0.05503309518098831,0.9999948740005493,0.5595289468765259,0.14181531965732574,-0.23874728381633759,0.9999947547912598,0.6043276190757751,0.17109079658985138,-0.1567075252532959,0.9999955296516418,0.5972087979316711,0.17217256128787994,-0.20929968357086182,0.9999939203262329,0.5870866775512695,0.28430548310279846,0.0920647457242012,0.9996558427810669,0.5240479707717896,0.31942033767700195,-0.31964239478111267,0.9999618530273438,0.6403504610061646,0.42252933979034424,-0.015284235589206219,0.5337505340576172,0.578346312046051,0.5209192633628845,-0.29781121015548706,0.9939520359039307,0.6761186718940735,0.40075454115867615,-0.30184832215309143,0.517602801322937,0.6674424409866333,0.4132626950740814,-0.11824630200862885,0.9822512865066528,0.699576735496521,0.37530800700187683,-0.3366546034812927,0.4820914566516876,0.6863607168197632,0.3921153247356415,-0.1314968466758728,0.9631885290145874,0.6874000430107117,0.35988447070121765,-0.323941171169281,0.48835456371307373,0.6789743304252625,0.3706238567829132,-0.14194871485233307,0.9639940857887268,0.6757248640060425,0.37034887075424194,-0.30587562918663025,0.4735473096370697,0.6716552376747131,0.37750306725502014,-0.11592290550470352,0.9459180235862732,0.4805288314819336,0.5594672560691833,0.13389264047145844,0.9999058842658997,0.4270454943180084,0.6074305772781372,-0.1333940327167511,0.9999951124191284,0.5943529009819031,0.5190368890762329,0.2687843143939972,0.7848543524742126,0.5457380414009094,0.6128284335136414,-0.4719737470149994,0.999271810054779,0.5272072553634644,0.7202329039573669,0.4426022171974182,0.8629907965660095,0.48411011695861816,0.8614040613174438,-0.39889809489250183,0.9972469210624695,0.5092877149581909,0.7420104742050171,0.45918527245521545,0.8067176342010498,0.4732522964477539,0.8955085873603821,-0.3900357782840729,0.9891588687896729,0.5899499654769897,0.7679182291030884,0.45678406953811646,0.9109290242195129,0.5487146377563477,0.9229549169540405,-0.43580880761146545,0.9959762096405029
down,0.6071754693984985,0.14240285754203796,-0.18196450173854828,0.9999892711639404,0.5981705188751221,0.11982277780771255,-0.1593896448612213,0.9999951124191284,0.5978752374649048,0.11954152584075928,-0.159458190202713,0.9999955892562866,0.5971154570579529,0.11932360380887985,-0.15952284634113312,0.9999955296516418,0.5926425457000732,0.12168481945991516,-0.20336100459098816,0.9999945759773254,0.5884421467781067,0.12293379008769989,-0.20353269577026367,0.999994695186615,0.5835381746292114,0.12452729791402817,-0.20352387428283691,0.9999950528144836,0.57758629322052,0.13705022633075714,-0.04072124511003494,0.9999950528144836,0.5595344305038452,0.14430946111679077,-0.23614878952503204,0.999995231628418,0.6046735048294067,0.173563152551651,-0.1362953782081604,0.999995768070221,0.5975457429885864,0.1747458279132843,-0.19287268817424774,0.9999943375587463,0.5863326787948608,0.2858240008354187,0.10838494449853897,0.9996963739395142,0.524628221988678,0.32272958755493164,-0.3150230050086975,0.9999658465385437,0.6328216791152954,0.44676727056503296,0.01865963079035282,0.5405694246292114,0.5785451531410217,0.5231549143791199,-0.2738736867904663,0.9933803677558899,0.675132155418396,0.4022098183631897,-0.25983163714408875,0.5375681519508362,0.6678356528282166,0.41623929142951965,-0.07916601747274399,0.9810737371444702,0.6995981931686401,0.3753514587879181,-0.29295018315315247,0.5005335211753845,0.6869606971740723,0.3945302665233612,-0.091026671230793,0.9615768194198608,0.6874261498451233,0.3600408732891083,-0.28330492973327637,0.5072084069252014,0.6793962717056274,0.3737630546092987,-0.10368591547012329,0.962527871131897,0.6749827861785889,0.371145635843277,-0.2650149464607239,0.49181774258613586,0.6718683838844299,0.3809564411640167,-0.07716822624206543,0.9443926811218262,0.48060449957847595,0.561457633972168,0.13663898408412933,0.9999127984046936,0.42799702286720276,0.6120921969413757,-0.1361810863018036,0.9999955296516418,0.5934954881668091,0.5092488527297974,0.32327648997306824,0.7752302289009094,0.5479268431663513,0.6127641797065735,-0.4719178080558777,0.9991840124130249,0.5283907651901245,0.72080397605896,0.516755223274231,0.8597732782363892,0.4847300946712494,0.8608351945877075,-0.39943522214889526,0.996717631816864,0.5107306241989136,0.7424378395080566,0.535780131816864,0.8004363179206848,0.47453856468200684,0.8938025832176208,-0.3906349241733551,0.9874499440193176,0.591900646686554,0.7686326503753662,0.5381438136100769,0.9096146821975708,0.5647599101066589,0.8988745212554932,-0.434262216091156,0.9954504370689392
down,0.608230471611023,0.14235803484916687,-0.17132291197776794,0.9999895691871643,0.598483681678772,0.11955941468477249,-0.14832818508148193,0.9999951124191284,0.5980507135391235,0.11929447203874588,-0.1484028398990631,0.9999955296516418,0.5971800088882446,0.11911404132843018,-0.14847604930400848,0.9999954700469971,0.5931859612464905,0.12132953852415085,-0.19270430505275726,0.999994695186615,0.5891968607902527,0.12248591333627701,-0.19287140667438507,0.9999948143959045,0.5844734907150269,0.12402210384607315,-0.192864328622818,0.9999951720237732,0.5773397088050842,0.13733860850334167,-0.028908979147672653,0.9999948143959045,0.5601741075515747,0.14414829015731812,-0.22845876216888428,0.9999953508377075,0.6055724620819092,0.17343460023403168,-0.1255691647529602,0.9999955892562866,0.5992075204849243,0.17452150583267212,-0.1827412098646164,0.9999944567680359,0.585922122001648,0.2880557179450989,0.12144394963979721,0.9997204542160034,0.5256613492965698,0.32233572006225586,-0.3123498260974884,0.9999703764915466,0.6338399052619934,0.43362516164779663,0.031973641365766525,0.5342825651168823,0.5766655802726746,0.523847758769989,-0.2750326693058014,0.9929233193397522,0.6733080148696899,0.40599673986434937,-0.24732574820518494,0.5385906100273132,0.6676146388053894,0.4190354645252228,-0.09936319291591644,0.9800686836242676,0.6982444524765015,0.3790510296821594,-0.2813025712966919,0.501516580581665,0.6868542432785034,0.39836549758911133,-0.11658918857574463,0.960801899433136,0.6856375932693481,0.3626154065132141,-0.27356597781181335,0.5091608166694641,0.6788528561592102,0.3774760663509369,-0.12940606474876404,0.961901843547821,0.6726765036582947,0.37448590993881226,-0.2515190839767456,0.4938894510269165,0.6709356904029846,0.38462117314338684,-0.09816490113735199,0.9435346722602844,0.4800373613834381,0.563211977481842,0.14173975586891174,0.9999186992645264,0.42782720923423767,0.6127747297286987,-0.1412610113620758,0.9999960660934448,0.5912802815437317,0.5045717358589172,0.3401181101799011,0.7538301348686218,0.5477207899093628,0.6137128472328186,-0.47329139709472656,0.9991372227668762,0.5266861915588379,0.7255358099937439,0.5437416434288025,0.850468099117279,0.4847494959831238,0.8636824488639832,-0.4140169024467468,0.9965121746063232,0.5104645490646362,0.746148407459259,0.5636965036392212,0.789717972278595,0.46564850211143494,0.9031099081039429,-0.40718594193458557,0.9867716431617737,0.591775119304657,0.770812451839447,0.5630158185958862,0.9068852066993713,0.5472385287284851,0.9216922521591187,-0.46316343545913696,0.9954228401184082
down,0.60857093334198,0.1424117535352707,-0.1916840821504593,0.9999890327453613,0.5988309979438782,0.11962512135505676,-0.16871550679206848,0.999994695186615,0.5983446836471558,0.11936140060424805,-0.16880007088184357,0.9999951720237732,0.5974059104919434,0.11919812858104706,-0.16889546811580658,0.9999951720237732,0.5936883687973022,0.12142445147037506,-0.21286432445049286,0.9999942779541016,0.5898146033287048,0.12259363383054733,-0.21302823722362518,0.9999943971633911,0.5852540731430054,0.12416446208953857,-0.21301336586475372,0.9999948143959045,0.5775307416915894,0.13757967948913574,-0.04916555434465408,0.9999943971633911,0.5609954595565796,0.14452914893627167,-0.24579712748527527,0.9999948740005493,0.6058548092842102,0.1735495924949646,-0.14589712023735046,0.9999952912330627,0.5995832681655884,0.17466379702091217,-0.20266947150230408,0.999994158744812,0.5860472917556763,0.28975293040275574,0.09825365990400314,0.9997166991233826,0.5257132053375244,0.3223414421081543,-0.3258362114429474,0.9999701976776123,0.6346598267555237,0.43250545859336853,0.00812811590731144,0.5457863807678223,0.5763771533966064,0.524396538734436,-0.29807722568511963,0.9932594895362854,0.676006555557251,0.40600940585136414,-0.2638198137283325,0.5448386073112488,0.6679912805557251,0.419769823551178,-0.1250872164964676,0.980897843837738,0.7008873224258423,0.37722358107566833,-0.2997089922428131,0.5045467615127563,0.6872879862785339,0.3994285464286804,-0.14248785376548767,0.9622948169708252,0.6880257725715637,0.3616616427898407,-0.29207685589790344,0.5124198794364929,0.6792256236076355,0.3784450888633728,-0.15398350358009338,0.9633920788764954,0.675926685333252,0.3738905191421509,-0.2698066830635071,0.49723461270332336,0.6716060042381287,0.3856217563152313,-0.12354826927185059,0.9452400803565979,0.4799491763114929,0.5640166997909546,0.14146879315376282,0.9999203681945801,0.4273635447025299,0.6124403476715088,-0.14097407460212708,0.9999961853027344,0.5912280678749084,0.5040296912193298,0.30749693512916565,0.7498043179512024,0.5442331433296204,0.6180755496025085,-0.4888888895511627,0.9991574883460999,0.525242030620575,0.7267782688140869,0.5232869386672974,0.847429633140564,0.484325647354126,0.8646958470344543,-0.4144272804260254,0.9966065287590027,0.5099684000015259,0.7466861009597778,0.5437347292900085,0.7867143750190735,0.46002188324928284,0.9057010412216187,-0.40641728043556213,0.9869852662086487,0.5903366804122925,0.7740305662155151,0.5425998568534851,0.9055091142654419,0.544909656047821,0.9253955483436584,-0.4604819416999817,0.9955577254295349
down,0.6089792251586914,0.14179612696170807,-0.16764651238918304,0.9999895095825195,0.5996376276016235,0.11882492899894714,-0.1444472372531891,0.9999949932098389,0.5990724563598633,0.11845844238996506,-0.1445235162973404,0.9999954104423523,0.5979904532432556,0.1182166114449501,-0.14458432793617249,0.9999954104423523,0.5947365760803223,0.12042399495840073,-0.1884772777557373,0.999994695186615,0.5910100340843201,0.12125494331121445,-0.18864275515079498,0.9999947547912598,0.5866823196411133,0.12228955328464508,-0.18863992393016815,0.9999951124191284,0.5776126980781555,0.13618427515029907,-0.024606699123978615,0.999994695186615,0.5620396137237549,0.14200003445148468,-0.22142568230628967,0.999995231628418,0.6062089204788208,0.17211446166038513,-0.12189652770757675,0.9999955892562866,0.6001316905021667,0.17304420471191406,-0.17854592204093933,0.9999945163726807,0.5868445038795471,0.2900020182132721,0.12502968311309814,0.9997442364692688,0.5248260498046875,0.32093456387519836,-0.3052522838115692,0.9999725818634033,0.6360665559768677,0.43295037746429443,0.03122955560684204,0.5538251399993896,0.5726810097694397,0.5235143303871155,-0.26715362071990967,0.9929153919219971,0.6718734502792358,0.4084143042564392,-0.25804489850997925,0.55516517162323,0.6644884347915649,0.4227442443370819,-0.07931733876466751,0.9800062775611877,0.6992600560188293,0.3770144283771515,-0.2931985557079315,0.5144789814949036,0.685354471206665,0.40237799286842346,-0.0925615131855011,0.9612895846366882,0.6867316961288452,0.3611941933631897,-0.28186553716659546,0.5222694873809814,0.6767506003379822,0.3810894787311554,-0.10608824342489243,0.9624271988868713,0.6712622046470642,0.3738005757331848,-0.26286762952804565,0.505932629108429,0.6679799556732178,0.3875647783279419,-0.07772821933031082,0.9441462755203247,0.47949934005737305,0.564045250415802,0.14166828989982605,0.999922513961792,0.42668524384498596,0.6116121411323547,-0.14117994904518127,0.9999963641166687,0.5911784768104553,0.5250400304794312,0.31903719902038574,0.7440956234931946,0.5451352596282959,0.6148186326026917,-0.4759412705898285,0.9991166591644287,0.5247677564620972,0.7268580198287964,0.5137280821800232,0.844938337802887,0.48397818207740784,0.8650855422019958,-0.4178008437156677,0.9966562986373901,0.5086180567741394,0.7460160255432129,0.5325597524642944,0.7858464121818542,0.4616183638572693,0.9059098958969116,-0.4112564027309418,0.987311065196991,0.5896948575973511,0.7747849225997925,0.5287905931472778,0.9059014320373535,0.5448529124259949,0.9255719780921936,-0.46834224462509155,0.9956981539726257
down,0.609021782875061,0.1412462294101715,-0.19089248776435852,0.9999886155128479,0.5998553037643433,0.1181335374712944,-0.16772475838661194,0.9999946355819702,0.5992807745933533,0.11770547926425934,-0.1677985042333603,0.9999951124191284,0.5981541872024536,0.11741630733013153,-0.16787266731262207,0.9999950528144836,0.5949794054031372,0.11973938345909119,-0.21145698428153992,0.9999942779541016,0.5912641286849976,0.12050887197256088,-0.21162238717079163,0.9999942779541016,0.5869707465171814,0.1214563250541687,-0.21161174774169922,0.999994695186615,0.5776057839393616,0.13514286279678345,-0.046788278967142105,0.9999944567680359,0.5622621178627014,0.14102110266685486,-0.24194303154945374,0.9999949336051941,0.6062544584274292,0.17107786238193512,-0.14470478892326355,0.9999953508377075,0.6001535654067993,0.17191076278686523,-0.20087310671806335,0.9999942183494568,0.5877170562744141,0.2889877259731293,0.10175713151693344,0.999737560749054,0.5235130786895752,0.3195764720439911,-0.3233630955219269,0.9999718070030212,0.637465238571167,0.4310215711593628,0.004351056180894375,0.5504760146141052,0.5713176131248474,0.5232826471328735,-0.2934510111808777,0.9928383231163025,0.6754854321479797,0.4034411907196045,-0.281340628862381,0.5506716370582581,0.66497403383255,0.41867610812187195,-0.11199897527694702,0.9799311757087708,0.6998525261878967,0.37447217106819153,-0.31702345609664917,0.511158287525177,0.6846917271614075,0.398133248090744,-0.1278805285692215,0.9610699415206909,0.6874974966049194,0.36056068539619446,-0.3063754141330719,0.5186236500740051,0.676823079586029,0.3768695890903473,-0.13961561024188995,0.96208655834198,0.6744440793991089,0.3721887469291687,-0.2865350842475891,0.5021727085113525,0.6683242917060852,0.3833472430706024,-0.11002961546182632,0.943540096282959,0.47991329431533813,0.5638387203216553,0.1411161720752716,0.9999201893806458,0.4261833727359772,0.6095660328865051,-0.14062431454658508,0.9999962449073792,0.5929609537124634,0.5248042345046997,0.28195682168006897,0.7467349767684937,0.5446001887321472,0.6126953959465027,-0.48721879720687866,0.9991342425346375,0.5263866782188416,0.725414514541626,0.4723384380340576,0.8472262620925903,0.4838678240776062,0.8656182289123535,-0.4259468615055084,0.9968747496604919,0.5088297724723816,0.7450889348983765,0.49086838960647583,0.7896580100059509,0.4602810740470886,0.9065077900886536,-0.4188230633735657,0.9881063103675842,0.5898627042770386,0.771830677986145,0.4865947663784027,0.906903088092804,0.5454160571098328,0.9275833964347839,-0.47622817754745483,0.995895504951477
down,0.6083047389984131,0.1409987062215805,-0.19112667441368103,0.9999892115592957,0.599475085735321,0.11832503974437714,-0.16799770295619965,0.9999950528144836,0.5989622473716736,0.11792197823524475,-0.16806849837303162,0.9999954104423523,0.5979337096214294,0.11763648688793182,-0.16813971102237701,0.9999952912330627,0.5944603681564331,0.11988943815231323,-0.2112501859664917,0.9999945163726807,0.5906177759170532,0.12066422402858734,-0.2114175260066986,0.999994695186615,0.5861188173294067,0.12164733558893204,-0.21140921115875244,0.9999949932098389,0.5776857137680054,0.1354394108057022,-0.04739230126142502,0.9999948740005493,0.5619082450866699,0.14107449352741241,-0.2384210079908371,0.9999953508377075,0.6051140427589417,0.1702357679605484,-0.14509841799736023,0.9999957084655762,0.5987865924835205,0.17135383188724518,-0.20070119202136993,0.9999946355819702,0.5868268609046936,0.28524109721183777,0.10034175217151642,0.9997415542602539,0.5234128832817078,0.31959354877471924,-0.3201061189174652,0.999972939491272,0.6406370401382446,0.4244275391101837,0.0001613813656149432,0.5483430027961731,0.5731319189071655,0.5224480032920837,-0.28870511054992676,0.9930704832077026,0.6766992807388306,0.39306387305259705,-0.2897303104400635,0.5452941060066223,0.6655397415161133,0.40888282656669617,-0.09968216717243195,0.9801061153411865,0.7007383704185486,0.3671533763408661,-0.32503554224967957,0.5075746774673462,0.6842460632324219,0.38665008544921875,-0.11264214664697647,0.9611369967460632,0.6869578957557678,0.35602301359176636,-0.31445473432540894,0.5146831274032593,0.6766541600227356,0.3680533468723297,-0.12476606667041779,0.9621328115463257,0.6739025115966797,0.3668646514415741,-0.29498225450515747,0.49914973974227905,0.6680698394775391,0.37444084882736206,-0.09765931218862534,0.9439614415168762,0.481086403131485,0.5618116855621338,0.13895484805107117,0.9999206066131592,0.4262060523033142,0.6085396409034729,-0.13846495747566223,0.9999962449073792,0.5949910879135132,0.5241022109985352,0.27836257219314575,0.7545806169509888,0.5447040796279907,0.6119326949119568,-0.4822723865509033,0.999182939529419,0.5270876884460449,0.7224785685539246,0.45833534002304077,0.8525629639625549,0.48362961411476135,0.8654905557632446,-0.43451184034347534,0.9971744418144226,0.5090248584747314,0.7427622675895691,0.4757288992404938,0.7971486449241638,0.4589788019657135,0.9061208367347717,-0.42880114912986755,0.9890795350074768,0.5911582708358765,0.7697621583938599,0.47332555055618286,0.9098092913627625,0.5453512072563171,0.9288631081581116,-0.481067031621933,0.996192991733551
down,0.6070672273635864,0.1402355134487152,-0.19568464159965515,0.999989926815033,0.5978900790214539,0.11794102936983109,-0.1709047555923462,0.9999955296516418,0.5975149273872375,0.11762873083353043,-0.1709679663181305,0.9999958276748657,0.5967410206794739,0.11741093546152115,-0.1710323542356491,0.9999957084655762,0.592686116695404,0.11960892379283905,-0.21209056675434113,0.9999949336051941,0.5887511372566223,0.12053479254245758,-0.2122582495212555,0.9999951124191284,0.5843082070350647,0.12166386842727661,-0.21225258708000183,0.9999954104423523,0.5775392651557922,0.1354563981294632,-0.046432629227638245,0.9999955296516418,0.5612531304359436,0.14137904345989227,-0.2288014143705368,0.9999958872795105,0.6042324304580688,0.17005711793899536,-0.14850792288780212,0.9999962449073792,0.5974876880645752,0.1712716817855835,-0.20121578872203827,0.999995231628418,0.5881370902061462,0.2846149802207947,0.1007804125547409,0.999758780002594,0.5229057669639587,0.31832897663116455,-0.31480759382247925,0.9999740719795227,0.64347904920578,0.42325693368911743,-0.01885044015944004,0.5520365834236145,0.5733819603919983,0.5170069336891174,-0.28956136107444763,0.9932813048362732,0.6785628795623779,0.39265716075897217,-0.3166681230068207,0.5418264865875244,0.6667546629905701,0.4073311388492584,-0.09382759034633636,0.980116605758667,0.7025896310806274,0.3626520335674286,-0.3517724573612213,0.5038699507713318,0.6851869821548462,0.3839603364467621,-0.10111691057682037,0.9605059027671814,0.6884360313415527,0.35246431827545166,-0.33546555042266846,0.5096893906593323,0.6780811548233032,0.3654358685016632,-0.10977816581726074,0.9614173173904419,0.675452470779419,0.3648076057434082,-0.3196256458759308,0.49484574794769287,0.669800877571106,0.3723852038383484,-0.08986137807369232,0.9436764717102051,0.48196348547935486,0.5618162155151367,0.13659903407096863,0.9999274611473083,0.4263784885406494,0.6084457635879517,-0.13612471520900726,0.9999963045120239,0.5978315472602844,0.5246912837028503,0.25687354803085327,0.7706553339958191,0.5449168086051941,0.5975179672241211,-0.47300171852111816,0.9991992712020874,0.5276612043380737,0.7222480177879333,0.42924293875694275,0.8623626232147217,0.48309463262557983,0.8653851747512817,-0.4247019290924072,0.9974004626274109,0.5106924772262573,0.7435105443000793,0.44592198729515076,0.8102705478668213,0.45820075273513794,0.9063152074813843,-0.419025182723999,0.989837110042572,0.5912377238273621,0.773937463760376,0.4378175735473633,0.9151579141616821,0.5450186133384705,0.9294811487197876,-0.47702163457870483,0.9963999390602112
down,0.6065438985824585,0.14251023530960083,-0.21992118656635284,0.9999917149543762,0.5979057550430298,0.12038291990756989,-0.19523224234580994,0.9999964237213135,0.5975829362869263,0.1201912984251976,-0.195290669798851,0.9999966621398926,0.5968736410140991,0.12005165964365005,-0.19536569714546204,0.9999964833259583,0.592415988445282,0.12219974398612976,-0.2345120906829834,0.9999958276748657,0.588336169719696,0.12346483021974564,-0.23468537628650665,0.9999960064888,0.5837458968162537,0.12490590661764145,-0.23467305302619934,0.9999962449073792,0.5783519744873047,0.13691899180412292,-0.06768244504928589,0.9999963641166687,0.5606952905654907,0.1432676911354065,-0.24176526069641113,0.9999966025352478,0.603518009185791,0.1745007038116455,-0.17218798398971558,0.9999970197677612,0.5959122180938721,0.1754811555147171,-0.2225232869386673,0.9999961853027344,0.5885067582130432,0.2845764458179474,0.08030208200216293,0.9997896552085876,0.5226567983627319,0.31755274534225464,-0.3219376504421234,0.9999760389328003,0.6438512206077576,0.42311474680900574,-0.03178512305021286,0.5878788828849792,0.5729176998138428,0.5167748928070068,-0.29880714416503906,0.9939049482345581,0.6787105798721313,0.39447787404060364,-0.32279545068740845,0.5705152153968811,0.6664220094680786,0.40861842036247253,-0.10878487676382065,0.9812004566192627,0.7024020552635193,0.36178597807884216,-0.35860854387283325,0.5258280634880066,0.6847175359725952,0.38454097509384155,-0.11984199285507202,0.9612752795219421,0.6884545087814331,0.35085606575012207,-0.3433709740638733,0.5302269458770752,0.6766133904457092,0.3657594323158264,-0.12903201580047607,0.962095320224762,0.6755119562149048,0.3639833629131317,-0.3262213170528412,0.5153777599334717,0.6671364307403564,0.3726947009563446,-0.10570559650659561,0.9452611804008484,0.4830068051815033,0.5625397562980652,0.13295206427574158,0.9999336004257202,0.4277219772338867,0.6101353168487549,-0.1324794590473175,0.9999964833259583,0.5978002548217773,0.5267038345336914,0.24062588810920715,0.7908853888511658,0.5411310791969299,0.5798078179359436,-0.4809649586677551,0.9992380738258362,0.5279096364974976,0.724060595035553,0.42649269104003906,0.8733090758323669,0.4830416738986969,0.8661559224128723,-0.4147712290287018,0.9975764751434326,0.5112842321395874,0.746724009513855,0.4446454644203186,0.8232941627502441,0.45825403928756714,0.9070079326629639,-0.40680789947509766,0.9903826713562012,0.591512143611908,0.7773414850234985,0.43872684240341187,0.9205341935157776,0.5456893444061279,0.927156925201416,-0.46182042360305786,0.9965586066246033
down,0.6064569354057312,0.14498311281204224,-0.22290687263011932,0.9999924898147583,0.5980331301689148,0.12248393148183823,-0.1988796442747116,0.9999967217445374,0.59772127866745,0.1221834048628807,-0.198934406042099,0.9999969601631165,0.5969886183738708,0.12189619988203049,-0.19900421798229218,0.9999967813491821,0.592318058013916,0.12447147071361542,-0.23832733929157257,0.9999961256980896,0.5881218314170837,0.12586143612861633,-0.23849883675575256,0.9999963045120239,0.5833547115325928,0.12747915089130402,-0.23848485946655273,0.9999964833259583,0.5781264305114746,0.13841451704502106,-0.0719335749745369,0.9999966025352478,0.5599716901779175,0.14538921415805817,-0.2481282651424408,0.9999968409538269,0.6031893491744995,0.17712844908237457,-0.17500916123390198,0.9999972581863403,0.595133364200592,0.1784726083278656,-0.22567148506641388,0.9999964833259583,0.5864760875701904,0.2838265895843506,0.0793565958738327,0.9998074769973755,0.5224109888076782,0.3185480833053589,-0.3272928297519684,0.9999761581420898,0.6415106654167175,0.42131271958351135,-0.0270749032497406,0.6106820106506348,0.5734241604804993,0.5177517533302307,-0.2983463704586029,0.9938417673110962,0.6786599159240723,0.3965548276901245,-0.3098491132259369,0.6044067740440369,0.6666183471679688,0.41232621669769287,-0.0966930240392685,0.9809340834617615,0.7030197381973267,0.3651878237724304,-0.3442889153957367,0.558286190032959,0.6858595609664917,0.39125511050224304,-0.10447172820568085,0.9605106115341187,0.6898616552352905,0.3519417345523834,-0.33075442910194397,0.5622981786727905,0.6771892309188843,0.36967355012893677,-0.11493931710720062,0.9612849354743958,0.6784194707870483,0.36360812187194824,-0.3133988082408905,0.5465511679649353,0.6681675910949707,0.3759878873825073,-0.09340877085924149,0.9446972608566284,0.4820113778114319,0.562275230884552,0.13329198956489563,0.9999349117279053,0.42784053087234497,0.6113492250442505,-0.13282868266105652,0.9999964237213135,0.5980116128921509,0.5240148901939392,0.25008243322372437,0.8010359406471252,0.5410388112068176,0.5779811143875122,-0.4749544560909271,0.9992313981056213,0.5281171202659607,0.724206805229187,0.4259750247001648,0.8782540559768677,0.48301154375076294,0.8660913109779358,-0.41313570737838745,0.9975796341896057,0.5112520456314087,0.7466732263565063,0.44303661584854126,0.8276844024658203,0.4582311511039734,0.906087338924408,-0.4052909016609192,0.9904699325561523,0.592411994934082,0.7763696312904358,0.43879660964012146,0.9230594635009766,0.545770525932312,0.9244711995124817,-0.45628446340560913,0.9965330362319946
down,0.6064257621765137,0.14484243094921112,-0.21953710913658142,0.9999929666519165,0.5977596044540405,0.12205861508846283,-0.19524917006492615,0.9999969005584717,0.5975533723831177,0.12180213630199432,-0.19530543684959412,0.9999971389770508,0.5969260334968567,0.12156419456005096,-0.1953759789466858,0.9999969601631165,0.5918210744857788,0.12420444190502167,-0.23496702313423157,0.9999963641166687,0.5875415205955505,0.12571516633033752,-0.23513837158679962,0.999996542930603,0.5827182531356812,0.12739616632461548,-0.23512712121009827,0.9999966621398926,0.5781849026679993,0.1384935975074768,-0.06886742264032364,0.9999967813491821,0.5596536993980408,0.14556026458740234,-0.24716249108314514,0.9999970197677612,0.6032664179801941,0.1770094931125641,-0.17185595631599426,0.9999974370002747,0.5950466394424438,0.17832103371620178,-0.22290758788585663,0.9999966621398926,0.5864697098731995,0.28371623158454895,0.0808948427438736,0.9998155236244202,0.5221830606460571,0.3185952305793762,-0.3272295594215393,0.9999760389328003,0.6394053101539612,0.42235803604125977,-0.016414308920502663,0.618462085723877,0.5717321634292603,0.5179964900016785,-0.3000952899456024,0.9939919710159302,0.6780906319618225,0.3998967111110687,-0.2910533547401428,0.6145368814468384,0.6664565801620483,0.4164738059043884,-0.10144373029470444,0.9810192584991455,0.7033659219741821,0.3680433928966522,-0.32401686906814575,0.5671793818473816,0.6864860653877258,0.39815840125083923,-0.11058459430932999,0.9602010846138,0.6907957196235657,0.3532685339450836,-0.31284672021865845,0.5716102719306946,0.6777623891830444,0.3757128119468689,-0.11859551817178726,0.9608766436576843,0.6789237260818481,0.3648632764816284,-0.2954157292842865,0.556452214717865,0.669222354888916,0.38097110390663147,-0.09746965020895004,0.9442431330680847,0.48162025213241577,0.5623030662536621,0.13373026251792908,0.9999297261238098,0.427560418844223,0.6113570928573608,-0.1332685798406601,0.9999960660934448,0.5962514281272888,0.5262304544448853,0.2547825872898102,0.8050413727760315,0.5418477058410645,0.6121862530708313,-0.46622234582901,0.9992238879203796,0.5295737385749817,0.7258026003837585,0.4255499243736267,0.8806072473526001,0.4826766848564148,0.8660699725151062,-0.4091411232948303,0.9976099729537964,0.5122294425964355,0.7479405999183655,0.44185441732406616,0.8306109309196472,0.45795097947120667,0.9060212969779968,-0.4021638333797455,0.9906212091445923,0.5933069586753845,0.7764604091644287,0.4357197880744934,0.9238638281822205,0.5457215905189514,0.9238799214363098,-0.45582515001296997,0.9965308308601379
down,0.6065367460250854,0.1465049833059311,-0.22190895676612854,0.9999930262565613,0.5979856848716736,0.12304019927978516,-0.1982601284980774,0.9999968409538269,0.5978321433067322,0.12267860770225525,-0.19832290709018707,0.999997079372406,0.5972709059715271,0.12234074622392654,-0.19840514659881592,0.9999969005584717,0.5919695496559143,0.12533868849277496,-0.23812949657440186,0.9999963641166687,0.5877019166946411,0.12688274681568146,-0.23830261826515198,0.999996542930603,0.5828591585159302,0.12862631678581238,-0.23828355967998505,0.9999966621398926,0.5789282917976379,0.13869990408420563,-0.07412610948085785,0.9999967217445374,0.5596054196357727,0.1463194042444229,-0.25286218523979187,0.9999969601631165,0.6032944917678833,0.1792537122964859,-0.17472442984580994,0.9999973177909851,0.5949581861495972,0.1805785447359085,-0.22595107555389404,0.9999964833259583,0.5863015651702881,0.28362327814102173,0.0730958953499794,0.9998044967651367,0.5223520994186401,0.31944403052330017,-0.3313910663127899,0.9999746084213257,0.6367565989494324,0.44709187746047974,-0.020128566771745682,0.6112236976623535,0.5728772282600403,0.5185777544975281,-0.30912086367607117,0.9941487908363342,0.678928017616272,0.3968190550804138,-0.29149988293647766,0.6057154536247253,0.666653037071228,0.41702258586883545,-0.12897458672523499,0.9809994101524353,0.704468846321106,0.36554548144340515,-0.32583537697792053,0.5603851675987244,0.6869015693664551,0.39743736386299133,-0.14336124062538147,0.9600740671157837,0.6922928094863892,0.35259294509887695,-0.31801825761795044,0.5653226375579834,0.6788070201873779,0.3749156594276428,-0.15305642783641815,0.9608224630355835,0.6800416707992554,0.36460602283477783,-0.29758673906326294,0.5516396164894104,0.6703837513923645,0.3809637427330017,-0.12664790451526642,0.9441952705383301,0.4810212254524231,0.5619527101516724,0.13407841324806213,0.9999232292175293,0.42745885252952576,0.6111622452735901,-0.133609801530838,0.9999955892562866,0.5951279401779175,0.49423569440841675,0.24882188439369202,0.8064154386520386,0.5421515107154846,0.619591474533081,-0.4719778895378113,0.9992212653160095,0.5299187302589417,0.7268739342689514,0.42938271164894104,0.8808391690254211,0.4825722277164459,0.8660350441932678,-0.40976881980895996,0.9976049661636353,0.5127271413803101,0.7482110857963562,0.44671735167503357,0.8287892937660217,0.45795130729675293,0.905584990978241,-0.40242138504981995,0.9905057549476624,0.5939580798149109,0.773862898349762,0.44157475233078003,0.9234282374382019,0.5464654564857483,0.9243296384811401,-0.4549669623374939,0.9965143799781799
down,0.6074519753456116,0.14790727198123932,-0.2100220024585724,0.9999935030937195,0.5990985631942749,0.12368457764387131,-0.18750926852226257,0.9999970197677612,0.5988715291023254,0.12328065186738968,-0.18758495151996613,0.9999972581863403,0.5982368588447571,0.12292158603668213,-0.18766573071479797,0.9999971389770508,0.5932791233062744,0.12593580782413483,-0.22791457176208496,0.9999966025352478,0.5890258550643921,0.12753036618232727,-0.22808906435966492,0.9999967217445374,0.5841874480247498,0.1294354498386383,-0.22806593775749207,0.9999969005584717,0.5792767405509949,0.13958865404129028,-0.06838195025920868,0.9999969005584717,0.5600872039794922,0.14818237721920013,-0.24835920333862305,0.9999971389770508,0.6039505004882812,0.18230101466178894,-0.1647936999797821,0.9999974966049194,0.5961129069328308,0.1837233603000641,-0.2165902853012085,0.9999966621398926,0.5862445831298828,0.2840730845928192,0.07461071759462357,0.9998056888580322,0.5227894186973572,0.32048460841178894,-0.32554566860198975,0.9999741911888123,0.644239604473114,0.42115092277526855,-0.021984510123729706,0.6208484172821045,0.5734202861785889,0.5206949710845947,-0.29918742179870605,0.9944948554039001,0.6799697279930115,0.3967480957508087,-0.2985305190086365,0.6099387407302856,0.6663616299629211,0.41679641604423523,-0.11806299537420273,0.9814876914024353,0.7052013278007507,0.36626026034355164,-0.3333453834056854,0.5646688342094421,0.6859839558601379,0.39716488122940063,-0.13235120475292206,0.9612653255462646,0.6917126774787903,0.35453981161117554,-0.32454636693000793,0.5701649785041809,0.6773578524589539,0.3750072121620178,-0.1447959691286087,0.9621584415435791,0.6791003942489624,0.36631593108177185,-0.30393844842910767,0.5562986731529236,0.6688323020935059,0.3809370696544647,-0.11673887073993683,0.9458786249160767,0.4811859130859375,0.5618077516555786,0.1322212666273117,0.999919593334198,0.4274175763130188,0.6111599802970886,-0.13170334696769714,0.9999953508377075,0.5957304239273071,0.4912937581539154,0.2652704417705536,0.8045409321784973,0.5415675044059753,0.6225768327713013,-0.4659448266029358,0.9992341995239258,0.5300244688987732,0.727142870426178,0.43804246187210083,0.8790209889411926,0.4828571379184723,0.8656185865402222,-0.40240979194641113,0.9974899888038635,0.5130959153175354,0.7486571669578552,0.4546428620815277,0.8255386352539062,0.4595054090023041,0.9048823118209839,-0.39492443203926086,0.9900173544883728,0.5943412780761719,0.7723253965377808,0.45327839255332947,0.9224959015846252,0.5493776202201843,0.9244524836540222,-0.4425444006919861,0.9963721036911011
down,0.6079448461532593,0.14805909991264343,-0.2185722142457962,0.9999936819076538,0.5998757481575012,0.12390629202127457,-0.19532376527786255,0.9999971389770508,0.5996652245521545,0.12351471930742264,-0.19540198147296906,0.9999973773956299,0.5990420579910278,0.12318357825279236,-0.19548897445201874,0.9999972581863403,0.5940498113632202,0.12609392404556274,-0.2357805073261261,0.9999967217445374,0.5898468494415283,0.12767228484153748,-0.2359563559293747,0.9999968409538269,0.5850393772125244,0.1296013593673706,-0.2359345406293869,0.9999969601631165,0.580314576625824,0.13973678648471832,-0.07302650064229965,0.9999970197677612,0.5608694553375244,0.14845573902130127,-0.25365352630615234,0.9999971389770508,0.6045036911964417,0.1822807341814041,-0.17212176322937012,0.9999975562095642,0.5967360734939575,0.18369272351264954,-0.22394876182079315,0.9999967217445374,0.5863138437271118,0.28532129526138306,0.07133430242538452,0.999808132648468,0.5227914452552795,0.32114773988723755,-0.33075612783432007,0.9999738931655884,0.6438258290290833,0.42158958315849304,-0.03584990277886391,0.6333687901496887,0.5737144947052002,0.5214460492134094,-0.3140730559825897,0.9947189688682556,0.6798281669616699,0.3984503149986267,-0.3244895339012146,0.6120356321334839,0.6665418744087219,0.41614800691604614,-0.14021919667720795,0.9817337393760681,0.7047008275985718,0.3674987256526947,-0.36172670125961304,0.5644093155860901,0.6860663294792175,0.3958199918270111,-0.15580466389656067,0.9616002440452576,0.6902700662612915,0.35558459162712097,-0.3511476218700409,0.5698111057281494,0.6772930026054382,0.3743913769721985,-0.1676848828792572,0.9625973105430603,0.6775587201118469,0.36742138862609863,-0.32962337136268616,0.555825412273407,0.6686956286430359,0.3805438280105591,-0.13878042995929718,0.9463292956352234,0.48159223794937134,0.5618702173233032,0.13224215805530548,0.9999181628227234,0.42739224433898926,0.6112163066864014,-0.13171911239624023,0.9999953508377075,0.5961482524871826,0.5080511569976807,0.2708876132965088,0.7981759905815125,0.541437566280365,0.584718644618988,-0.46977266669273376,0.9992346167564392,0.5305073857307434,0.7278322577476501,0.44635719060897827,0.873979926109314,0.4829893112182617,0.8653348088264465,-0.4093795418739319,0.9973238706588745,0.5138089656829834,0.7498248815536499,0.4630435109138489,0.8181036710739136,0.4598311483860016,0.9042828679084778,-0.40258675813674927,0.9892758727073669,0.5959011912345886,0.7721766829490662,0.45902055501937866,0.9188054800033569,0.5495930314064026,0.9241672158241272,-0.45366716384887695,0.9961385726928711
down,0.6096052527427673,0.1466224491596222,-0.21161611378192902,0.9999933242797852,0.6008592844009399,0.12308534979820251,-0.1887854039669037,0.9999969601631165,0.6005398035049438,0.12271980941295624,-0.18886108696460724,0.9999972581863403,0.5998031497001648,0.12246472388505936,-0.188942551612854,0.999997079372406,0.5952613949775696,0.12528640031814575,-0.2306506633758545,0.9999964833259583,0.5911106467247009,0.12683863937854767,-0.23082271218299866,0.9999966025352478,0.5862752199172974,0.1288377195596695,-0.23080185055732727,0.9999967217445374,0.5810731649398804,0.13927997648715973,-0.06824325025081635,0.9999969005584717,0.562015175819397,0.1483723521232605,-0.25334686040878296,0.9999970197677612,0.6065244674682617,0.17868894338607788,-0.16569891571998596,0.9999973773956299,0.5993954539299011,0.180611252784729,-0.21932260692119598,0.9999964833259583,0.5865299105644226,0.2853568196296692,0.07657373696565628,0.9998038411140442,0.5232871770858765,0.32130399346351624,-0.3311188817024231,0.9999727606773376,0.6434372663497925,0.42205506563186646,-0.023971887305378914,0.6315104365348816,0.5742357969284058,0.5212880969047546,-0.31226831674575806,0.9947364926338196,0.6803929209709167,0.3947688341140747,-0.30461251735687256,0.6121445298194885,0.6674240231513977,0.4142169952392578,-0.1308993548154831,0.9818989038467407,0.7058758735656738,0.3655790686607361,-0.3401232659816742,0.5643158555030823,0.6870794296264648,0.39196184277534485,-0.14578601717948914,0.961970865726471,0.6915351748466492,0.35427913069725037,-0.3309428095817566,0.5698339343070984,0.679054856300354,0.3715943694114685,-0.1570751965045929,0.9629787802696228,0.6787613034248352,0.3658466041088104,-0.3102278411388397,0.5559572577476501,0.6702028512954712,0.3782731890678406,-0.1290813386440277,0.9467729330062866,0.48159724473953247,0.5616090297698975,0.13272163271903992,0.9999148845672607,0.42727383971214294,0.611113965511322,-0.13218852877616882,0.9999951720237732,0.5957549810409546,0.5203676223754883,0.2715320587158203,0.7913784384727478,0.542343020439148,0.5724369883537292,-0.4687277376651764,0.9992232918739319,0.5302109718322754,0.7281226515769958,0.4450838565826416,0.8700504899024963,0.4829869270324707,0.8652915954589844,-0.4128938615322113,0.9972674250602722,0.5135596394538879,0.7503678798675537,0.4615083634853363,0.8132240176200867,0.4598487317562103,0.9040331244468689,-0.4064272940158844,0.989004909992218,0.5960288643836975,0.772309422492981,0.45713695883750916,0.9161949157714844,0.5496350526809692,0.9240507483482361,-0.45889076590538025,0.996062159538269
down,0.610589861869812,0.14618448913097382,-0.18698208034038544,0.9999929666519165,0.6016779541969299,0.12276551872491837,-0.16470171511173248,0.9999967813491821,0.6012359261512756,0.1223716214299202,-0.16478070616722107,0.999997079372406,0.6003574728965759,0.12208063155412674,-0.16484946012496948,0.9999969005584717,0.5963761806488037,0.12483665347099304,-0.20793366432189941,0.9999963045120239,0.5923781394958496,0.12620875239372253,-0.20810644328594208,0.9999963641166687,0.5876986384391785,0.12801621854305267,-0.20809154212474823,0.999996542930603,0.5812003016471863,0.1383974254131317,-0.047336407005786896,0.9999967813491821,0.5631271004676819,0.14717312157154083,-0.24051332473754883,0.9999969005584717,0.6073624491691589,0.1776687651872635,-0.14202256500720978,0.9999971985816956,0.6002994775772095,0.17971085011959076,-0.19749699532985687,0.9999963045120239,0.5866066217422485,0.28498396277427673,0.09749904274940491,0.9998047947883606,0.5232193470001221,0.3213198482990265,-0.31929704546928406,0.999972939491272,0.6437457203865051,0.4227849245071411,0.004325054120272398,0.6217724084854126,0.5739506483078003,0.5207930207252502,-0.28519365191459656,0.9944305419921875,0.6796225905418396,0.39692607522010803,-0.27671724557876587,0.6054554581642151,0.6663996577262878,0.41417524218559265,-0.09596647322177887,0.9813509583473206,0.7056523561477661,0.3676961660385132,-0.31071537733078003,0.5585402250289917,0.6859631538391113,0.39194267988204956,-0.1085524708032608,0.9616782665252686,0.6918104887008667,0.35463881492614746,-0.3007962107658386,0.5647615194320679,0.6780387163162231,0.37148573994636536,-0.12206283956766129,0.9627469778060913,0.6788673996925354,0.3661693036556244,-0.28191402554512024,0.5510122776031494,0.6677325367927551,0.37736257910728455,-0.09456448256969452,0.9463806748390198,0.4816371500492096,0.5615023970603943,0.13363297283649445,0.9999138116836548,0.4271712899208069,0.6111650466918945,-0.13310092687606812,0.9999951124191284,0.5969907641410828,0.5151758193969727,0.2759396433830261,0.7863291501998901,0.5425249338150024,0.5710503458976746,-0.47741150856018066,0.9992164373397827,0.5296217799186707,0.728329062461853,0.45124107599258423,0.869596004486084,0.4829922318458557,0.866191029548645,-0.42662325501441956,0.9973019361495972,0.5128620266914368,0.7507504224777222,0.4678982198238373,0.8137518167495728,0.4642907977104187,0.9081188440322876,-0.4206107258796692,0.9891167283058167,0.5958310961723328,0.772611677646637,0.46410876512527466,0.9169446229934692,0.5490261316299438,0.9252030849456787,-0.4742888808250427,0.9961609244346619
down,0.610551655292511,0.14473089575767517,-0.19152534008026123,0.9999926090240479,0.6014856100082397,0.12181247025728226,-0.16968193650245667,0.9999966025352478,0.6010015606880188,0.12141788005828857,-0.16975194215774536,0.9999969005584717,0.6000380516052246,0.12110240757465363,-0.16982290148735046,0.9999967217445374,0.5963524580001831,0.12373600900173187,-0.21260789036750793,0.9999961853027344,0.5924623012542725,0.12493452429771423,-0.21277987957000732,0.9999961853027344,0.5879271030426025,0.1264616698026657,-0.21276244521141052,0.9999964237213135,0.5803000330924988,0.13787055015563965,-0.0516500286757946,0.9999966025352478,0.5636287331581116,0.1453072875738144,-0.24358589947223663,0.9999968409538269,0.6073442101478577,0.1758982390165329,-0.14625808596611023,0.9999970197677612,0.6005170345306396,0.17772462964057922,-0.20140555500984192,0.9999961256980896,0.5868112444877625,0.2817622423171997,0.09348995983600616,0.9997904300689697,0.5225930213928223,0.3213350474834442,-0.32175248861312866,0.9999725818634033,0.6447761654853821,0.41934722661972046,0.0004212286730762571,0.5965419411659241,0.5747600793838501,0.5209745764732361,-0.2853853106498718,0.9940846562385559,0.6805833578109741,0.3881549835205078,-0.2767375409603119,0.5839967131614685,0.666473925113678,0.41174036264419556,-0.08884058892726898,0.9805266857147217,0.7054742574691772,0.36076533794403076,-0.3100016713142395,0.5410761833190918,0.6856738328933716,0.3885035216808319,-0.1007344126701355,0.960839569568634,0.692018449306488,0.35067686438560486,-0.3005301356315613,0.5479749441146851,0.6782283782958984,0.3692076504230499,-0.11358904838562012,0.961948037147522,0.6798275709152222,0.3608323037624359,-0.28221654891967773,0.5346126556396484,0.6681222915649414,0.37489455938339233,-0.08723743259906769,0.9452491402626038,0.48173627257347107,0.5599883198738098,0.13422968983650208,0.9999096393585205,0.4270286560058594,0.6111367344856262,-0.13370169699192047,0.9999949336051941,0.5987778902053833,0.5158761739730835,0.2660582363605499,0.787089467048645,0.5426837801933289,0.6112412214279175,-0.47402459383010864,0.999222457408905,0.5301377773284912,0.72687828540802,0.4243283271789551,0.8715164065361023,0.4827139377593994,0.866553008556366,-0.4232703745365143,0.9973788261413574,0.5131157040596008,0.7499048709869385,0.4396326541900635,0.8175269961357117,0.46106261014938354,0.907894492149353,-0.41665658354759216,0.9895600080490112,0.5959441661834717,0.771058201789856,0.43820419907569885,0.9193288087844849,0.5477588772773743,0.9256376624107361,-0.46432748436927795,0.9963020086288452
down,0.6079608201980591,0.1443050652742386,-0.23525039851665497,0.9999934434890747,0.600168764591217,0.12189319729804993,-0.2113557606935501,0.9999970197677612,0.6001905798912048,0.12157423049211502,-0.21142339706420898,0.9999973177909851,0.5996658802032471,0.12136746197938919,-0.21151438355445862,0.9999971389770508,0.5934573411941528,0.12390348315238953,-0.25061389803886414,0.9999966025352478,0.5890013575553894,0.12521764636039734,-0.25079062581062317,0.9999966025352478,0.5841145515441895,0.1267697662115097,-0.25077924132347107,0.9999968409538269,0.5806869268417358,0.13813088834285736,-0.08439130336046219,0.9999970197677612,0.5603761076927185,0.14543631672859192,-0.2588351368904114,0.9999972581863403,0.6057247519493103,0.17564919590950012,-0.1872296929359436,0.9999974370002747,0.596951961517334,0.17738129198551178,-0.23750367760658264,0.9999966025352478,0.5867642164230347,0.2798479199409485,0.06247671693563461,0.9997894763946533,0.521641731262207,0.3213147819042206,-0.33712154626846313,0.9999733567237854,0.645876944065094,0.41611841320991516,-0.04946713149547577,0.6078060269355774,0.5765098929405212,0.5217742323875427,-0.31651219725608826,0.9948746562004089,0.6816206574440002,0.3834708333015442,-0.3424822688102722,0.5827500820159912,0.6682995557785034,0.4088100492954254,-0.13385170698165894,0.9827607870101929,0.7041172981262207,0.35884714126586914,-0.37980616092681885,0.5380126237869263,0.6860668659210205,0.38532084226608276,-0.1474669873714447,0.9639452695846558,0.6908064484596252,0.34867143630981445,-0.3672885000705719,0.5437168478965759,0.6791973114013672,0.3667806088924408,-0.15808607637882233,0.9650084972381592,0.6759151816368103,0.35809454321861267,-0.34699875116348267,0.5321545600891113,0.6706960201263428,0.37280184030532837,-0.13170689344406128,0.9497740864753723,0.4811933934688568,0.5581551194190979,0.13252130150794983,0.9999085068702698,0.4256390929222107,0.6109252572059631,-0.1320110261440277,0.9999948143959045,0.5988596677780151,0.5161453485488892,0.24055588245391846,0.8005682229995728,0.54175865650177,0.6207596659660339,-0.47395381331443787,0.9992690682411194,0.5303179025650024,0.7220427393913269,0.4135734438896179,0.8715505003929138,0.48240432143211365,0.8677233457565308,-0.4031130373477936,0.9974676966667175,0.5122360587120056,0.7433686852455139,0.4306489825248718,0.8186529874801636,0.46470507979393005,0.9103572368621826,-0.3943691849708557,0.990010142326355,0.5915243625640869,0.7689052820205688,0.4301857352256775,0.9175789952278137,0.5472785234451294,0.9235950708389282,-0.4408574104309082,0.9963281750679016
down,0.607262372970581,0.14690938591957092,-0.22269436717033386,0.9999924898147583,0.5999482870101929,0.12430594861507416,-0.20031552016735077,0.9999966621398926,0.6000551581382751,0.12391936779022217,-0.20039138197898865,0.9999969601631165,0.5995837450027466,0.12369780987501144,-0.20049314200878143,0.9999967813491821,0.5930066704750061,0.12667562067508698,-0.24249526858329773,0.9999960660934448,0.5885614156723022,0.12808482348918915,-0.2426641434431076,0.9999961256980896,0.5837116837501526,0.1297137439250946,-0.24266116321086884,0.9999964833259583,0.5811513662338257,0.13975673913955688,-0.07633298635482788,0.9999966621398926,0.5602035522460938,0.1474360078573227,-0.2590392231941223,0.9999969005584717,0.6047818064689636,0.17860724031925201,-0.1751028150320053,0.9999971985816956,0.5958400964736938,0.17982035875320435,-0.2290661633014679,0.9999963641166687,0.5861777067184448,0.2798723876476288,0.07292497903108597,0.9997838735580444,0.5217310190200806,0.3220941424369812,-0.339848130941391,0.9999733567237854,0.6431591510772705,0.4182475209236145,-0.03987541422247887,0.6006961464881897,0.5767543911933899,0.5222947597503662,-0.3197263777256012,0.9949526190757751,0.6804059743881226,0.38537168502807617,-0.3340446949005127,0.5715532898902893,0.668462872505188,0.40754759311676025,-0.13665983080863953,0.9830232262611389,0.7032987475395203,0.35918018221855164,-0.3703164756298065,0.5265825390815735,0.6859033703804016,0.3839481472969055,-0.15047460794448853,0.9641883969306946,0.6894946694374084,0.34896788001060486,-0.35798579454421997,0.5313260555267334,0.6788049936294556,0.36599472165107727,-0.16237162053585052,0.9652267694473267,0.6750785112380981,0.35910242795944214,-0.33836829662323,0.5209882855415344,0.6705440878868103,0.3720569610595703,-0.13484585285186768,0.9500483274459839,0.4795806407928467,0.5580753087997437,0.13540245592594147,0.9999088048934937,0.4241492748260498,0.6110933423042297,-0.13490323722362518,0.9999948740005493,0.5981026291847229,0.5200706124305725,0.24629707634449005,0.7973347902297974,0.542184054851532,0.617676317691803,-0.484880268573761,0.9992502331733704,0.5303632616996765,0.7216545343399048,0.4202749729156494,0.8664779663085938,0.4822820723056793,0.8719974160194397,-0.43975597620010376,0.9975505471229553,0.5117990374565125,0.7426928281784058,0.43798351287841797,0.814572274684906,0.46699732542037964,0.9212960004806519,-0.43465256690979004,0.9902660846710205,0.5910183191299438,0.7701101303100586,0.4332752227783203,0.9144931435585022,0.5444488525390625,0.9311774969100952,-0.49664101004600525,0.9964277744293213
down,0.6061381697654724,0.14833886921405792,-0.2385316640138626,0.9999924898147583,0.599570631980896,0.12522321939468384,-0.2141612470149994,0.9999967217445374,0.599919319152832,0.12477684020996094,-0.21423709392547607,0.9999969601631165,0.599601686000824,0.1244954839348793,-0.21432872116565704,0.9999968409538269,0.5920348167419434,0.1276489943265915,-0.25349944829940796,0.9999960660934448,0.5874435901641846,0.12901142239570618,-0.25367480516433716,0.9999961853027344,0.5823644399642944,0.13057637214660645,-0.25366073846817017,0.999996542930603,0.5821671485900879,0.13982094824314117,-0.084017314016819,0.9999966621398926,0.559735119342804,0.1475730687379837,-0.26004013419151306,0.9999969005584717,0.6038786172866821,0.180420383810997,-0.18932972848415375,0.9999971985816956,0.5939974188804626,0.18141710758209229,-0.2396879643201828,0.9999963641166687,0.5867027640342712,0.2792145013809204,0.06750637292861938,0.9998046159744263,0.5218896865844727,0.32192784547805786,-0.3396829664707184,0.9999741315841675,0.644874095916748,0.4197646379470825,-0.05318359658122063,0.6279973387718201,0.5764380693435669,0.5223857164382935,-0.32763418555259705,0.9947036504745483,0.6802783012390137,0.39555972814559937,-0.3587680459022522,0.5961992144584656,0.6680095195770264,0.41096776723861694,-0.1475716531276703,0.9820029139518738,0.7036068439483643,0.36353471875190735,-0.39843541383743286,0.5470245480537415,0.6857140064239502,0.38782283663749695,-0.16128674149513245,0.9620135426521301,0.6895738840103149,0.35095423460006714,-0.38413751125335693,0.5506104826927185,0.6776190996170044,0.36773940920829773,-0.17312677204608917,0.9629977941513062,0.6754690408706665,0.3621860146522522,-0.36277928948402405,0.5392617583274841,0.6687980890274048,0.37344613671302795,-0.1456267386674881,0.9469351768493652,0.4798162579536438,0.5578169226646423,0.13550320267677307,0.9999127388000488,0.4240904748439789,0.61079341173172,-0.1350155770778656,0.9999951124191284,0.5964690446853638,0.5217795372009277,0.2583543658256531,0.7958483695983887,0.5418428182601929,0.6141859889030457,-0.4874822497367859,0.9992435574531555,0.5297846794128418,0.7221914529800415,0.44451069831848145,0.8677719235420227,0.48285046219825745,0.8724087476730347,-0.44677314162254333,0.997761607170105,0.5103214979171753,0.7426683306694031,0.4623473286628723,0.8144761919975281,0.4648458957672119,0.9190980792045593,-0.44242063164711,0.9907922148704529,0.5896477103233337,0.7719452977180481,0.4525423049926758,0.9150937795639038,0.5456419587135315,0.9316044449806213,-0.5098212957382202,0.9967222213745117
down,0.6056693196296692,0.14827260375022888,-0.241021990776062,0.9999927878379822,0.5991047024726868,0.12520164251327515,-0.21799048781394958,0.9999968409538269,0.5996221303939819,0.12476622313261032,-0.2180672138929367,0.999997079372406,0.5995023846626282,0.12450479716062546,-0.21818339824676514,0.9999969005584717,0.5914193391799927,0.12768855690956116,-0.2587963044643402,0.9999961853027344,0.5868047475814819,0.12914147973060608,-0.2589704394340515,0.9999963045120239,0.5816165208816528,0.13087505102157593,-0.2589569687843323,0.9999966025352478,0.5825613737106323,0.14010129868984222,-0.088727667927742,0.9999967217445374,0.5591500997543335,0.14843256771564484,-0.26665160059928894,0.9999969601631165,0.6037418246269226,0.1802537888288498,-0.19236256182193756,0.9999972581863403,0.593883216381073,0.1814238727092743,-0.24536970257759094,0.9999964237213135,0.5859495997428894,0.27925142645835876,0.06138419359922409,0.9998120665550232,0.5212044715881348,0.32234346866607666,-0.34578022360801697,0.9999739527702332,0.6461609601974487,0.4134967029094696,-0.043743912130594254,0.6397348642349243,0.5764434933662415,0.5222005844116211,-0.3346412479877472,0.9948738217353821,0.6830901503562927,0.383862167596817,-0.33221203088760376,0.6032995581626892,0.6685563325881958,0.4078178107738495,-0.15454843640327454,0.9824860692024231,0.7046843767166138,0.3566437065601349,-0.3704913556575775,0.5509037375450134,0.685940682888031,0.3844851553440094,-0.1690322458744049,0.962399423122406,0.6913511157035828,0.3470109701156616,-0.36073192954063416,0.5536136627197266,0.6786056756973267,0.36608415842056274,-0.18041633069515228,0.9632878303527832,0.6799774765968323,0.35947781801223755,-0.3381848931312561,0.5429040193557739,0.66974937915802,0.3716810941696167,-0.1525857150554657,0.947211742401123,0.4795055389404297,0.5580435991287231,0.13552990555763245,0.9999147653579712,0.42389217019081116,0.6106212735176086,-0.13504670560359955,0.9999952912330627,0.5965450406074524,0.5222026109695435,0.24901342391967773,0.7949180603027344,0.541494607925415,0.6107762455940247,-0.49153080582618713,0.9992403388023376,0.5298826098442078,0.7221049070358276,0.42937570810317993,0.8640159368515015,0.48307865858078003,0.8719719648361206,-0.4465653896331787,0.9978764653205872,0.5099623203277588,0.7419449687004089,0.44652310013771057,0.808842658996582,0.466229110956192,0.9208567142486572,-0.44122713804244995,0.9910959601402283,0.5885439515113831,0.7713906764984131,0.4388177990913391,0.9122498035430908,0.5448380708694458,0.9325624108314514,-0.505143404006958,0.9968653917312622
down,0.6064361333847046,0.15000590682029724,-0.22248682379722595,0.9999925494194031,0.5995240807533264,0.12691901624202728,-0.20034345984458923,0.9999967217445374,0.599835991859436,0.1264992356300354,-0.20041246712207794,0.9999969601631165,0.5996070504188538,0.12625214457511902,-0.20050501823425293,0.9999968409538269,0.59238201379776,0.12910228967666626,-0.24234378337860107,0.9999960660934448,0.588077187538147,0.13036741316318512,-0.24250832200050354,0.9999961853027344,0.5832165479660034,0.13183428347110748,-0.24247972667217255,0.9999964833259583,0.5824885964393616,0.1406836062669754,-0.07655449211597443,0.9999966025352478,0.5601105690002441,0.14848218858242035,-0.26302796602249146,0.9999969005584717,0.6036697626113892,0.1810930073261261,-0.1749090850353241,0.9999971389770508,0.5945842862129211,0.18201392889022827,-0.22877223789691925,0.9999963045120239,0.5844364762306213,0.2798474133014679,0.07285212725400925,0.9998096823692322,0.5204330682754517,0.3223263621330261,-0.3414466977119446,0.9999735355377197,0.6457476615905762,0.4128965139389038,-0.03248705714941025,0.6268115043640137,0.5764182209968567,0.5211460590362549,-0.32375988364219666,0.994842529296875,0.683203935623169,0.38176867365837097,-0.3267045021057129,0.592781662940979,0.6684351563453674,0.40684157609939575,-0.13526804745197296,0.9822344779968262,0.7047067880630493,0.35581767559051514,-0.3649381995201111,0.5409203171730042,0.685709536075592,0.38330280780792236,-0.1476295292377472,0.9619255065917969,0.6916314959526062,0.3465730547904968,-0.35239702463150024,0.5439075231552124,0.6786050796508789,0.3652692437171936,-0.16113480925559998,0.962827742099762,0.6801379323005676,0.35863763093948364,-0.3317108750343323,0.5340719223022461,0.6697569489479065,0.3710688352584839,-0.13381406664848328,0.9467601776123047,0.47922372817993164,0.5582515001296997,0.13579495251178741,0.9999116063117981,0.4236585199832916,0.6104445457458496,-0.13531699776649475,0.9999950528144836,0.5977697372436523,0.5170793533325195,0.24747291207313538,0.7916340231895447,0.5423187613487244,0.609058141708374,-0.4831518232822418,0.999221920967102,0.5300615429878235,0.7219486832618713,0.4151245951652527,0.8625435829162598,0.4831111431121826,0.8717555403709412,-0.44824403524398804,0.9979347586631775,0.5099745988845825,0.7418695092201233,0.43091312050819397,0.8083115816116333,0.46696990728378296,0.9235964417457581,-0.44430097937583923,0.9913614392280579,0.5886267423629761,0.7709487080574036,0.42290443181991577,0.9122516512870789,0.5447171926498413,0.9332749247550964,-0.5075725317001343,0.9969309568405151
down,0.6056259274482727,0.15283536911010742,-0.23100325465202332,0.9999924898147583,0.5993738770484924,0.12901052832603455,-0.2088463306427002,0.9999966621398926,0.5996615290641785,0.1285122036933899,-0.20892027020454407,0.9999969005584717,0.5994348526000977,0.12815813720226288,-0.20901653170585632,0.9999967813491821,0.5923406481742859,0.13082866370677948,-0.24871711432933807,0.9999960064888,0.5880700945854187,0.1318044662475586,-0.24888154864311218,0.9999961256980896,0.5832337737083435,0.1329932063817978,-0.24885709583759308,0.9999964237213135,0.5823661088943481,0.14114178717136383,-0.08402898907661438,0.9999964833259583,0.5601827502250671,0.14851021766662598,-0.2626206576824188,0.9999969005584717,0.6019319295883179,0.18320345878601074,-0.1830994188785553,0.999997079372406,0.5933688282966614,0.1834878772497177,-0.23421266674995422,0.9999962449073792,0.5838840007781982,0.27876612544059753,0.0656978189945221,0.9998087286949158,0.5202134847640991,0.3217487633228302,-0.3399810194969177,0.9999738931655884,0.6460222601890564,0.4066237509250641,-0.04795509949326515,0.6198112964630127,0.5769343376159668,0.5203443169593811,-0.3260502815246582,0.9948182106018066,0.682902455329895,0.3776378929615021,-0.35142824053764343,0.5941162705421448,0.6680535674095154,0.40560370683670044,-0.14451895654201508,0.9823389053344727,0.7051705121994019,0.35263097286224365,-0.39211350679397583,0.5445535182952881,0.6857607960700989,0.3814924359321594,-0.15753331780433655,0.9623292684555054,0.6927123665809631,0.3434453010559082,-0.37889915704727173,0.5474871397018433,0.678629994392395,0.3629913032054901,-0.1712648719549179,0.9632493853569031,0.6807452440261841,0.35197147727012634,-0.35642093420028687,0.5378137230873108,0.6697254180908203,0.3694719970226288,-0.14341804385185242,0.9475815296173096,0.47917836904525757,0.5571823120117188,0.13512545824050903,0.999906063079834,0.42359742522239685,0.6099371314048767,-0.134671151638031,0.9999947547912598,0.598281979560852,0.5127598643302917,0.24584655463695526,0.7896487712860107,0.5421497225761414,0.6084700226783752,-0.4808078706264496,0.9992027878761292,0.530577540397644,0.7205826640129089,0.4107135832309723,0.8622106909751892,0.48320403695106506,0.8717052936553955,-0.4528961777687073,0.997986912727356,0.5099148750305176,0.7413339614868164,0.4256836771965027,0.8074235320091248,0.46801644563674927,0.9237036108970642,-0.4498273730278015,0.9915775656700134,0.5890929698944092,0.7696244120597839,0.4172607958316803,0.9122738242149353,0.5460531711578369,0.9332268834114075,-0.5149401426315308,0.9970017075538635
down,0.6053551435470581,0.1534891277551651,-0.22844474017620087,0.9999929070472717,0.5993326902389526,0.12980026006698608,-0.20609791576862335,0.9999968409538269,0.5996054410934448,0.12931877374649048,-0.20617103576660156,0.9999970197677612,0.5993625521659851,0.12897031009197235,-0.20626547932624817,0.9999969601631165,0.5923625230789185,0.1314382702112198,-0.2465815246105194,0.9999961853027344,0.5881630778312683,0.13230064511299133,-0.24674788117408752,0.9999963045120239,0.5834165215492249,0.13336412608623505,-0.24672091007232666,0.9999966025352478,0.5822230577468872,0.14138080179691315,-0.0821685940027237,0.9999966025352478,0.5604424476623535,0.14843495190143585,-0.26228955388069153,0.9999970197677612,0.6015475392341614,0.18381835520267487,-0.1809471845626831,0.9999972581863403,0.5931731462478638,0.18392422795295715,-0.23278677463531494,0.9999964237213135,0.5843733549118042,0.2791239321231842,0.06678818166255951,0.9998170733451843,0.520251989364624,0.3215961754322052,-0.33956170082092285,0.9999746680259705,0.645663321018219,0.40956616401672363,-0.04396222159266472,0.6288172006607056,0.5772392749786377,0.5201759338378906,-0.32337290048599243,0.9948482513427734,0.6833034753799438,0.3770989775657654,-0.34105974435806274,0.6066331267356873,0.6679067015647888,0.40489137172698975,-0.13991782069206238,0.9826338887214661,0.7054845094680786,0.35227054357528687,-0.3800048530101776,0.5554701089859009,0.6858557462692261,0.380251944065094,-0.15326668322086334,0.9629344940185547,0.6930994391441345,0.3430076837539673,-0.3675079941749573,0.5583326816558838,0.6786378622055054,0.36212924122810364,-0.1673124134540558,0.9638758897781372,0.6809404492378235,0.3515230417251587,-0.3459857404232025,0.5481678247451782,0.6696563363075256,0.3688843250274658,-0.1389242708683014,0.9485674500465393,0.47933512926101685,0.5571257472038269,0.1348269283771515,0.9999055862426758,0.4235756993293762,0.6098257303237915,-0.13437111675739288,0.9999947547912598,0.5984050035476685,0.5118353962898254,0.25232118368148804,0.7876185774803162,0.5400362014770508,0.565653383731842,-0.4802934527397156,0.9992007613182068,0.5305355787277222,0.7202696800231934,0.4180046021938324,0.8616484999656677,0.48321908712387085,0.8715651035308838,-0.45035403966903687,0.9979895353317261,0.5097593069076538,0.74120032787323,0.43395906686782837,0.8064324855804443,0.4685822129249573,0.9232906699180603,-0.4466550350189209,0.9915997982025146,0.5898908376693726,0.768894374370575,0.42727360129356384,0.9119289517402649,0.5475175380706787,0.9300023317337036,-0.5075985193252563,0.9970028400421143
down,0.6053062677383423,0.1533469259738922,-0.22953124344348907,0.999993085861206,0.5991941690444946,0.1298852562904358,-0.2068040668964386,0.9999969005584717,0.5994182825088501,0.12944531440734863,-0.2068677693605423,0.9999971389770508,0.5991502404212952,0.1291305422782898,-0.20695921778678894,0.9999970197677612,0.5923970341682434,0.13148117065429688,-0.24765196442604065,0.9999962449073792,0.5882667303085327,0.13235849142074585,-0.24781587719917297,0.9999963641166687,0.5836090445518494,0.13342729210853577,-0.24779407680034637,0.9999966621398926,0.5820385813713074,0.1418020874261856,-0.08193133771419525,0.9999967217445374,0.5605780482292175,0.1484859734773636,-0.2636803984642029,0.999997079372406,0.6014483571052551,0.18383237719535828,-0.18167734146118164,0.9999973773956299,0.5933123826980591,0.18385425209999084,-0.2340347021818161,0.999996542930603,0.5844574570655823,0.28087759017944336,0.06833182275295258,0.9998230338096619,0.5204657316207886,0.32167038321495056,-0.34228336811065674,0.9999753832817078,0.6457935571670532,0.4125726819038391,-0.04785407334566116,0.6401545405387878,0.5769614577293396,0.5207285284996033,-0.3253011703491211,0.9948519468307495,0.6827436685562134,0.37824010848999023,-0.3493199646472931,0.6194071769714355,0.6674966812133789,0.4052713215351105,-0.14093641936779022,0.9827480912208557,0.7062073349952698,0.3511500656604767,-0.38892537355422974,0.5658240914344788,0.685771107673645,0.38070419430732727,-0.15431354939937592,0.9632307291030884,0.693278431892395,0.34210196137428284,-0.3741459548473358,0.5682088136672974,0.6778627634048462,0.3625122904777527,-0.16789987683296204,0.9641368985176086,0.6807489991188049,0.35083720088005066,-0.35356348752975464,0.5571742057800293,0.6682726144790649,0.36897680163383484,-0.13966582715511322,0.9488440155982971,0.4796643853187561,0.557785153388977,0.13535907864570618,0.9999077320098877,0.42361608147621155,0.609812319278717,-0.134907066822052,0.9999949336051941,0.5983007550239563,0.5142311453819275,0.24998795986175537,0.7859678268432617,0.5385826230049133,0.5668608546257019,-0.49327993392944336,0.9992102384567261,0.529496967792511,0.7204501628875732,0.42594099044799805,0.8619626760482788,0.4832462668418884,0.8714579939842224,-0.45580339431762695,0.9980082511901855,0.5093122720718384,0.7413029074668884,0.4430813193321228,0.8068540692329407,0.4687333106994629,0.924003005027771,-0.45109090209007263,0.9916619062423706,0.5897126793861389,0.7687352299690247,0.43551021814346313,0.9125920534133911,0.5470770597457886,0.9320173263549805,-0.5157471299171448,0.9970365166664124
down,0.6051234006881714,0.15296688675880432,-0.22879576683044434,0.9999930262565613,0.598770797252655,0.12978465855121613,-0.20537623763084412,0.9999968409538269,0.5989440679550171,0.12938366830348969,-0.20543234050273895,0.999997079372406,0.5986717939376831,0.12910160422325134,-0.20551851391792297,0.9999969601631165,0.5922338366508484,0.13141591846942902,-0.24757170677185059,0.9999961853027344,0.588157594203949,0.13234077394008636,-0.24773597717285156,0.9999963045120239,0.5835374593734741,0.13343627750873566,-0.2477133721113205,0.9999966025352478,0.5816062688827515,0.14229483902454376,-0.07784935086965561,0.9999967217445374,0.5604199171066284,0.14887544512748718,-0.26567766070365906,0.9999970197677612,0.6013332009315491,0.18364804983139038,-0.18003597855567932,0.9999973177909851,0.5932819843292236,0.18357543647289276,-0.23416216671466827,0.9999964833259583,0.58433997631073,0.2844789922237396,0.07783354818820953,0.9998215436935425,0.5211632251739502,0.32169637084007263,-0.346175879240036,0.9999755620956421,0.6443159580230713,0.41878601908683777,-0.03860068321228027,0.6444131135940552,0.5752084255218506,0.5212261080741882,-0.3247910439968109,0.9948619604110718,0.6801750659942627,0.390935480594635,-0.3394026458263397,0.6241267919540405,0.6668082475662231,0.4105057120323181,-0.13359622657299042,0.9827637076377869,0.705778956413269,0.35681605339050293,-0.37835270166397095,0.568224310874939,0.6850563287734985,0.388372004032135,-0.14717140793800354,0.9632323980331421,0.6928231716156006,0.3471887707710266,-0.3633313477039337,0.5705586671829224,0.6765721440315247,0.3694634437561035,-0.16055580973625183,0.9640995264053345,0.6789935231208801,0.3581863045692444,-0.3434872627258301,0.5588673949241638,0.6668277978897095,0.37414678931236267,-0.1321108639240265,0.9486030340194702,0.47932949662208557,0.560444176197052,0.13834986090660095,0.9999121427536011,0.4235827326774597,0.610141396522522,-0.1379188597202301,0.9999951124191284,0.5975067615509033,0.5182821750640869,0.24872496724128723,0.786450207233429,0.5383132100105286,0.5674538612365723,-0.5017604231834412,0.9992287755012512,0.5285288095474243,0.72388756275177,0.43760329484939575,0.8649430274963379,0.48320746421813965,0.8717724084854126,-0.45497727394104004,0.998052716255188,0.5095541477203369,0.7455243468284607,0.4555160105228424,0.8095207810401917,0.4611007273197174,0.9174489378929138,-0.4500699043273926,0.9917629361152649,0.5895386934280396,0.7694234848022461,0.44422999024391174,0.9151754379272461,0.5455150008201599,0.9358143210411072,-0.5156611800193787,0.9971116781234741
down,0.6048099994659424,0.1525621861219406,-0.23166632652282715,0.9999935030937195,0.5987047553062439,0.1294277012348175,-0.20861057937145233,0.9999969601631165,0.5988532900810242,0.12897975742816925,-0.20867645740509033,0.9999971985816956,0.598568320274353,0.1286333054304123,-0.20876136422157288,0.9999970197677612,0.5922470688819885,0.13117504119873047,-0.24975931644439697,0.9999964237213135,0.5881757140159607,0.13212817907333374,-0.24992363154888153,0.999996542930603,0.5835078954696655,0.13323268294334412,-0.24989847838878632,0.9999968409538269,0.5812661051750183,0.14187107980251312,-0.08302413672208786,0.9999967813491821,0.5597683191299438,0.14858342707157135,-0.26663777232170105,0.9999971985816956,0.6006301045417786,0.1838996857404709,-0.1835969239473343,0.9999973773956299,0.5924646258354187,0.1837105005979538,-0.23646335303783417,0.999996542930603,0.5834810733795166,0.2846067547798157,0.07024984806776047,0.999822735786438,0.5210541486740112,0.32159119844436646,-0.34456342458724976,0.9999757409095764,0.6435889005661011,0.4182787239551544,-0.033249422907829285,0.6433679461479187,0.5741450786590576,0.5207206010818481,-0.3233679533004761,0.9947605133056641,0.6800535321235657,0.38800349831581116,-0.32659536600112915,0.6249553561210632,0.6661399602890015,0.4107711911201477,-0.13547541201114655,0.9823188781738281,0.7059708833694458,0.3562355041503906,-0.3647143542766571,0.5695197582244873,0.6844381093978882,0.3895464241504669,-0.14967948198318481,0.9623469710350037,0.6932588815689087,0.34579816460609436,-0.35237741470336914,0.572446346282959,0.6759305596351624,0.3704477548599243,-0.1624389886856079,0.9632636308670044,0.6801611185073853,0.35594338178634644,-0.3315584361553192,0.5606191158294678,0.6662968397140503,0.37466076016426086,-0.1339658796787262,0.9474966526031494,0.4792271554470062,0.5607736110687256,0.13769766688346863,0.9999139308929443,0.4236302971839905,0.6095156073570251,-0.13726520538330078,0.9999951720237732,0.5971930027008057,0.5132540464401245,0.25713610649108887,0.7913384437561035,0.5393232107162476,0.5682277679443359,-0.48882412910461426,0.9992472529411316,0.529418408870697,0.724699854850769,0.4337652623653412,0.8703479766845703,0.48325055837631226,0.8699105381965637,-0.44013839960098267,0.9980490207672119,0.5115568041801453,0.74922114610672,0.450178325176239,0.8139510750770569,0.4615155756473541,0.9100885987281799,-0.43348169326782227,0.9917160272598267,0.5921513438224792,0.7697001695632935,0.4403555393218994,0.9181636571884155,0.5454778671264648,0.9317870140075684,-0.49287334084510803,0.997096836566925
down,0.604836106300354,0.14692062139511108,-0.24077486991882324,0.9999938011169434,0.5985788106918335,0.124755859375,-0.2163635492324829,0.999997079372406,0.5987548232078552,0.12455154955387115,-0.2164195328950882,0.9999973177909851,0.5984975099563599,0.12444047629833221,-0.21650131046772003,0.9999971389770508,0.5919451117515564,0.1266936957836151,-0.2563645839691162,0.999996542930603,0.5876556634902954,0.12799736857414246,-0.2565300762653351,0.9999966621398926,0.582771360874176,0.12932632863521576,-0.25650081038475037,0.9999969005584717,0.5813900828361511,0.14003711938858032,-0.08625990897417068,0.9999969005584717,0.5591170191764832,0.1466369479894638,-0.26411736011505127,0.9999971985816956,0.6007616519927979,0.17913472652435303,-0.19154183566570282,0.9999973773956299,0.5922577381134033,0.18002621829509735,-0.2429748773574829,0.9999964833259583,0.5827416181564331,0.28369957208633423,0.0681254044175148,0.9998225569725037,0.5211426019668579,0.31843242049217224,-0.3438720703125,0.99997478723526,0.6397886276245117,0.4178560972213745,-0.028230655938386917,0.646575927734375,0.5739576816558838,0.5167728066444397,-0.32089942693710327,0.9946489930152893,0.6799785494804382,0.38971588015556335,-0.3026118278503418,0.6306686401367188,0.6660674810409546,0.4101617932319641,-0.12491216510534286,0.9817443490028381,0.704732358455658,0.36227327585220337,-0.3372427821159363,0.5751860737800598,0.6844702959060669,0.38875719904899597,-0.13590404391288757,0.9609869718551636,0.6920819282531738,0.3488709032535553,-0.32830244302749634,0.5789043307304382,0.6759520769119263,0.36944034695625305,-0.14731894433498383,0.9619377255439758,0.6801317930221558,0.3589745759963989,-0.3081209063529968,0.5684213638305664,0.6664597988128662,0.37418127059936523,-0.12267826497554779,0.9461438655853271,0.4775048792362213,0.5599514245986938,0.1380830556154251,0.9999117255210876,0.4232548177242279,0.6069213151931763,-0.13765694200992584,0.9999949932098389,0.5958532691001892,0.5157050490379333,0.25101757049560547,0.7964062094688416,0.5388402342796326,0.5851913094520569,-0.47746139764785767,0.9992673397064209,0.5295174717903137,0.7243604063987732,0.4200827181339264,0.87563556432724,0.48292970657348633,0.8693825602531433,-0.43786734342575073,0.9981322884559631,0.5116136074066162,0.7492673397064209,0.43577203154563904,0.8198845982551575,0.4593124985694885,0.9092127680778503,-0.4329359531402588,0.9920491576194763,0.5926650762557983,0.7697394490242004,0.4257296621799469,0.920733630657196,0.5453914403915405,0.929811418056488,-0.49432387948036194,0.9971931576728821
down,0.6049360036849976,0.1470336616039276,-0.2630614638328552,0.9999945759773254,0.5987763404846191,0.12473197281360626,-0.23758764564990997,0.9999973773956299,0.5990139245986938,0.12452137470245361,-0.23764391243457794,0.9999975562095642,0.5988487005233765,0.12439882755279541,-0.23773562908172607,0.9999974966049194,0.5920711755752563,0.12667933106422424,-0.27735620737075806,0.9999969601631165,0.5878232717514038,0.1279710829257965,-0.277529239654541,0.999997079372406,0.5828872919082642,0.12930813431739807,-0.27749672532081604,0.9999972581863403,0.5821896195411682,0.13959337770938873,-0.10212981700897217,0.9999971985816956,0.5592338442802429,0.1464812010526657,-0.2790888249874115,0.9999974370002747,0.6010981798171997,0.1792679727077484,-0.21209685504436493,0.999997615814209,0.592426061630249,0.18008653819561005,-0.2631668150424957,0.9999969005584717,0.582985520362854,0.2834153175354004,0.05300290510058403,0.9998284578323364,0.5223778486251831,0.31825944781303406,-0.3592168092727661,0.9999751448631287,0.644902765750885,0.4095447063446045,-0.052453190088272095,0.6597746014595032,0.5750535130500793,0.5158460140228271,-0.3461371064186096,0.9949156641960144,0.6836434602737427,0.3850211203098297,-0.3429720103740692,0.6364545226097107,0.6668044328689575,0.4052659273147583,-0.15649287402629852,0.9826107621192932,0.7052565813064575,0.3591667115688324,-0.3821548521518707,0.5770156979560852,0.6848140954971313,0.3819567859172821,-0.1706560254096985,0.9618317484855652,0.6927791833877563,0.34621280431747437,-0.37207621335983276,0.5802801251411438,0.6766705513000488,0.36312949657440186,-0.18300268054008484,0.962711751461029,0.6827191114425659,0.3552666902542114,-0.34887179732322693,0.5718376636505127,0.6674480438232422,0.36916011571884155,-0.15489642322063446,0.947376012802124,0.4776187539100647,0.5597531199455261,0.13754698634147644,0.9999129176139832,0.42318496108055115,0.6056213974952698,-0.13713142275810242,0.9999949932098389,0.5956763029098511,0.5158883929252625,0.228967547416687,0.8024278879165649,0.5380678176879883,0.5686966180801392,-0.486834853887558,0.9992848038673401,0.5299898982048035,0.7246857285499573,0.41323408484458923,0.875245988368988,0.48206573724746704,0.8712534308433533,-0.43282350897789,0.9982060790061951,0.5121313333511353,0.7492982745170593,0.43044859170913696,0.8205713033676147,0.4627271294593811,0.9188014268875122,-0.4264170229434967,0.9922919869422913,0.5944598913192749,0.7704431414604187,0.4205530285835266,0.9194304347038269,0.5438745021820068,0.9340836405754089,-0.48967236280441284,0.9972687363624573
down,0.6079115867614746,0.1472012847661972,-0.21878643333911896,0.9999942779541016,0.6009421944618225,0.12476333975791931,-0.19538454711437225,0.9999972581863403,0.6006910800933838,0.12453177571296692,-0.19545796513557434,0.9999974370002747,0.6000683307647705,0.12436883896589279,-0.19555947184562683,0.9999973773956299,0.5956038236618042,0.12664195895195007,-0.23823654651641846,0.9999967217445374,0.5919187068939209,0.12792207300662994,-0.2384067326784134,0.9999969005584717,0.5877577066421509,0.12925758957862854,-0.2383747100830078,0.999997079372406,0.5823279023170471,0.1395559161901474,-0.06995861232280731,0.9999971985816956,0.5636417865753174,0.14657139778137207,-0.2603749632835388,0.9999973177909851,0.6042726039886475,0.17937339842319489,-0.17089974880218506,0.999997615814209,0.5974685549736023,0.1803002655506134,-0.2258480340242386,0.9999967813491821,0.5837898254394531,0.28472915291786194,0.08060227334499359,0.999826967716217,0.5240930318832397,0.3186473846435547,-0.34341901540756226,0.9999745488166809,0.6460587978363037,0.4173091948032379,-0.015384955331683159,0.6582182049751282,0.5758617520332336,0.5158728361129761,-0.3215770423412323,0.995072066783905,0.6853798627853394,0.3859408497810364,-0.2957350015640259,0.6252849102020264,0.6681914329528809,0.4043503701686859,-0.13488975167274475,0.9832013249397278,0.7062453031539917,0.3613123595714569,-0.33284708857536316,0.5636011362075806,0.6858807802200317,0.38089558482170105,-0.15070602297782898,0.9629995822906494,0.6936296224594116,0.34813740849494934,-0.32335373759269714,0.567481517791748,0.6784971952438354,0.36175337433815,-0.16413995623588562,0.9639405608177185,0.6838408708572388,0.3580421507358551,-0.3016497492790222,0.5600273013114929,0.6698821783065796,0.3677700161933899,-0.13388407230377197,0.9488517642021179,0.47754326462745667,0.5597408413887024,0.1386810839176178,0.9999160170555115,0.4231564402580261,0.6053292751312256,-0.13820192217826843,0.9999949932098389,0.5960582494735718,0.5195774435997009,0.22470076382160187,0.8022329807281494,0.5391033887863159,0.5695597529411316,-0.49934840202331543,0.9992839694023132,0.5300189852714539,0.7269194722175598,0.421140193939209,0.8740279078483582,0.4817981719970703,0.8730540871620178,-0.43479734659194946,0.9982141852378845,0.512679398059845,0.7497991919517517,0.44172340631484985,0.8228440880775452,0.46719032526016235,0.9263675212860107,-0.42749452590942383,0.9923188090324402,0.5961737036705017,0.7726358771324158,0.43530964851379395,0.9192697405815125,0.5428313612937927,0.9404458999633789,-0.4906051754951477,0.9972937107086182
down,0.6099211573600769,0.14716285467147827,-0.22433078289031982,0.9999940991401672,0.6025131940841675,0.12470351159572601,-0.2009059637784958,0.9999971389770508,0.6021782159805298,0.1244540885090828,-0.20095710456371307,0.9999973773956299,0.6014650464057922,0.12425866723060608,-0.20104388892650604,0.9999973773956299,0.5970918536186218,0.12655016779899597,-0.24290712177753448,0.9999966025352478,0.5932527780532837,0.1278422623872757,-0.24307724833488464,0.9999967813491821,0.5889756679534912,0.12920770049095154,-0.24305036664009094,0.9999969601631165,0.583187460899353,0.1394503116607666,-0.07375534623861313,0.9999971985816956,0.5649880170822144,0.14656205475330353,-0.2607845366001129,0.9999971389770508,0.6065467596054077,0.17926044762134552,-0.17592516541481018,0.999997615814209,0.5995632410049438,0.18029804527759552,-0.23001107573509216,0.9999967813491821,0.5849189162254333,0.28489115834236145,0.0773586556315422,0.9998248815536499,0.5250495672225952,0.3186202645301819,-0.3440417945384979,0.9999734163284302,0.6496322751045227,0.41791054606437683,-0.028206024318933487,0.6588075160980225,0.5766775012016296,0.5157291889190674,-0.3302072584629059,0.9952317476272583,0.6879236698150635,0.38750937581062317,-0.319464772939682,0.6158393621444702,0.6707438230514526,0.40344130992889404,-0.1487179547548294,0.9838308691978455,0.707978367805481,0.3626779317855835,-0.35805028676986694,0.5532140135765076,0.688957929611206,0.3790775239467621,-0.16532781720161438,0.9642698764801025,0.6961304545402527,0.34930136799812317,-0.34764915704727173,0.5571838021278381,0.6826679706573486,0.3599609434604645,-0.17689260840415955,0.9652271866798401,0.6860348582267761,0.35925352573394775,-0.3251115083694458,0.549974262714386,0.6747289896011353,0.36529651284217834,-0.14718833565711975,0.9502915740013123,0.47744664549827576,0.5596597194671631,0.1385819911956787,0.9999217391014099,0.4230254590511322,0.6052745580673218,-0.13808399438858032,0.999995231628418,0.5965515971183777,0.5225315690040588,0.22178754210472107,0.8055839538574219,0.5402284860610962,0.6178178191184998,-0.49880632758140564,0.9992920756340027,0.5306098461151123,0.7283129096031189,0.42539915442466736,0.8749222159385681,0.48153191804885864,0.8729312419891357,-0.4292841851711273,0.9982162117958069,0.5145997405052185,0.7503599524497986,0.4458497166633606,0.8253489136695862,0.46572279930114746,0.9233155250549316,-0.42142564058303833,0.9922851324081421,0.597541093826294,0.7763285040855408,0.43762484192848206,0.9197397232055664,0.5433930158615112,0.9395678043365479,-0.4833701252937317,0.997315526008606
down,0.6110682487487793,0.1473613679409027,-0.20846450328826904,0.999993622303009,0.6038243174552917,0.12481240928173065,-0.18507571518421173,0.9999970197677612,0.603460967540741,0.12452838569879532,-0.18516281247138977,0.9999972581863403,0.602694571018219,0.12427924573421478,-0.18525543808937073,0.9999972581863403,0.5982400178909302,0.126510351896286,-0.226640984416008,0.9999963641166687,0.5942161679267883,0.12773914635181427,-0.22680971026420593,0.999996542930603,0.5897608995437622,0.12907664477825165,-0.22678370773792267,0.9999967217445374,0.5838207006454468,0.13936097919940948,-0.06113789603114128,0.999997079372406,0.5657693147659302,0.14641344547271729,-0.24587254226207733,0.9999970197677612,0.607359766960144,0.1795586198568344,-0.16129884123802185,0.9999974966049194,0.6002064943313599,0.18064002692699432,-0.2145100086927414,0.9999966621398926,0.5856547355651855,0.2842625379562378,0.08738748729228973,0.9998210072517395,0.5260419845581055,0.31817224621772766,-0.3302518427371979,0.9999733567237854,0.6502532958984375,0.42127877473831177,-0.017197543755173683,0.6530440449714661,0.578137993812561,0.5151697993278503,-0.3142598867416382,0.9951834678649902,0.6899605989456177,0.3855394721031189,-0.3054123520851135,0.6074560284614563,0.6712840795516968,0.403298944234848,-0.1333669275045395,0.9836269021034241,0.7091978192329407,0.35976743698120117,-0.34288737177848816,0.5471869707107544,0.6894896030426025,0.3788483142852783,-0.14952930808067322,0.9642481803894043,0.697188138961792,0.34772437810897827,-0.33303242921829224,0.551350474357605,0.6833376288414001,0.360014945268631,-0.16287237405776978,0.965302050113678,0.6874943971633911,0.3577662706375122,-0.3111606240272522,0.5440155267715454,0.6755205392837524,0.3653675615787506,-0.13255873322486877,0.9504848718643188,0.4774479866027832,0.5590876936912537,0.13808520138263702,0.99992436170578,0.4231187403202057,0.605279266834259,-0.13756904006004333,0.9999954104423523,0.5957553386688232,0.5219752788543701,0.2617892622947693,0.7992334365844727,0.5431819558143616,0.6122946739196777,-0.48640650510787964,0.9992737770080566,0.5306323766708374,0.7284363508224487,0.4485505521297455,0.8709062933921814,0.48160499334335327,0.8710867762565613,-0.4280192255973816,0.9980254173278809,0.5149092078208923,0.7504724264144897,0.4664173722267151,0.8206468820571899,0.4688498079776764,0.9223992228507996,-0.42092227935791016,0.9915868043899536,0.5975618958473206,0.7775133848190308,0.462277889251709,0.9171841740608215,0.5510396361351013,0.9279291033744812,-0.4776507318019867,0.9971029758453369
down,0.6131963133811951,0.1473385989665985,-0.19956067204475403,0.9999922513961792,0.605327844619751,0.12467323243618011,-0.17711181938648224,0.9999963641166687,0.6047385931015015,0.12434731423854828,-0.1772019863128662,0.9999966025352478,0.6037467122077942,0.12401662766933441,-0.17729389667510986,0.9999966025352478,0.6004926562309265,0.1261933594942093,-0.2204372137784958,0.9999957084655762,0.5965389013290405,0.12724819779396057,-0.22060033679008484,0.9999958872795105,0.5919899344444275,0.12850123643875122,-0.22057414054870605,0.9999960660934448,0.5839225053787231,0.13889829814434052,-0.05719240382313728,0.9999964237213135,0.5675666928291321,0.1455758661031723,-0.24836552143096924,0.9999964833259583,0.6088987588882446,0.17949606478214264,-0.15353289246559143,0.9999969601631165,0.6023083925247192,0.1805841475725174,-0.2091381549835205,0.9999960064888,0.5857864022254944,0.2843150496482849,0.0912710651755333,0.9997931718826294,0.5263838768005371,0.3175885081291199,-0.331709623336792,0.9999714493751526,0.646124005317688,0.43246543407440186,-0.003194774268195033,0.6317830085754395,0.5785540342330933,0.5153367519378662,-0.31467726826667786,0.9949813485145569,0.691447377204895,0.3845408856868744,-0.28603026270866394,0.5865785479545593,0.6715102791786194,0.4042961895465851,-0.13955655694007874,0.9829907417297363,0.711422324180603,0.35892900824546814,-0.32273155450820923,0.5312279462814331,0.6897176504135132,0.38102835416793823,-0.1575702577829361,0.9637671113014221,0.6995535492897034,0.3473585247993469,-0.3153303861618042,0.5366042256355286,0.6836241483688354,0.36215031147003174,-0.16938267648220062,0.964894711971283,0.6891292333602905,0.3569234609603882,-0.2928379774093628,0.5298722982406616,0.6761630773544312,0.3680657744407654,-0.1383102834224701,0.9496147632598877,0.4774235785007477,0.5587900280952454,0.13866950571537018,0.999917209148407,0.4232121407985687,0.6053298115730286,-0.13813577592372894,0.9999951720237732,0.5944932699203491,0.5214219093322754,0.27988728880882263,0.7866460680961609,0.5435171127319336,0.5957792401313782,-0.48236721754074097,0.9992567896842957,0.5305296182632446,0.7285333275794983,0.4678754210472107,0.8659546375274658,0.48159098625183105,0.8690908551216125,-0.4335811734199524,0.9978910684585571,0.5147463083267212,0.7504785060882568,0.48557615280151367,0.8148630857467651,0.46872037649154663,0.9208464026451111,-0.42866748571395874,0.9911127090454102,0.5971471667289734,0.777312695980072,0.4798316955566406,0.9146425724029541,0.5520132780075073,0.9252504706382751,-0.4888175427913666,0.9969541430473328
down,0.6148887276649475,0.14751777052879333,-0.19511495530605316,0.9999903440475464,0.6068885326385498,0.12470445781946182,-0.17291246354579926,0.9999953508377075,0.6061207056045532,0.12430589646100998,-0.17300592362880707,0.999995768070221,0.6049790978431702,0.12391702830791473,-0.17309421300888062,0.9999956488609314,0.6026962399482727,0.12611956894397736,-0.21688666939735413,0.999994695186615,0.5988653302192688,0.12708351016044617,-0.21704590320587158,0.9999948740005493,0.5943670272827148,0.12830998003482819,-0.21701879799365997,0.9999951720237732,0.5842002630233765,0.1387353390455246,-0.054165273904800415,0.9999954104423523,0.5693554282188416,0.14528107643127441,-0.2496456801891327,0.9999955892562866,0.6100652813911438,0.17906735837459564,-0.14939700067043304,0.9999961256980896,0.6042519807815552,0.18010109663009644,-0.20589002966880798,0.9999949932098389,0.5860965251922607,0.28356605768203735,0.0956600084900856,0.9997660517692566,0.5281280875205994,0.31621643900871277,-0.3333803117275238,0.9999692440032959,0.6494250893592834,0.41373834013938904,0.0018174186116084456,0.6160231828689575,0.5789324045181274,0.5153359174728394,-0.3177393674850464,0.99477219581604,0.6921437978744507,0.38426080346107483,-0.28487974405288696,0.5665362477302551,0.6732205152511597,0.4040739834308624,-0.1445547640323639,0.9824973940849304,0.7141129970550537,0.3596534729003906,-0.3217885494232178,0.5143502950668335,0.6918452382087708,0.3805217742919922,-0.16354700922966003,0.963480532169342,0.7013023495674133,0.3473304510116577,-0.31502658128738403,0.5206730365753174,0.6857303380966187,0.3607478737831116,-0.1750616729259491,0.9645481109619141,0.689881443977356,0.35687828063964844,-0.2919960618019104,0.5148155093193054,0.6788464188575745,0.36626312136650085,-0.1431145966053009,0.9484043717384338,0.477527916431427,0.5562227368354797,0.13978402316570282,0.9999080300331116,0.42326074838638306,0.6022469997406006,-0.13925574719905853,0.9999948143959045,0.5941060781478882,0.5187959671020508,0.2897087335586548,0.7769166231155396,0.5451777577400208,0.6087629795074463,-0.4816831052303314,0.9992557168006897,0.5300770998001099,0.7282501459121704,0.47568410634994507,0.8643043637275696,0.4816533923149109,0.8677040934562683,-0.44848304986953735,0.9979357719421387,0.5144241452217102,0.750249981880188,0.4930042624473572,0.8118980526924133,0.4643397331237793,0.9132728576660156,-0.44544973969459534,0.9912171363830566,0.596085250377655,0.7777848839759827,0.48498624563217163,0.9139127731323242,0.5518465638160706,0.9230474829673767,-0.5118798017501831,0.9970247149467468
down,0.6160365343093872,0.14737436175346375,-0.20404231548309326,0.9999894499778748,0.6082585453987122,0.12448526918888092,-0.18201865255832672,0.9999948143959045,0.6074804067611694,0.12402968853712082,-0.18211133778095245,0.999995231628418,0.6063416600227356,0.12358386069536209,-0.18220706284046173,0.9999951124191284,0.6042612195014954,0.12583202123641968,-0.22563841938972473,0.9999940991401672,0.6005396842956543,0.12663017213344574,-0.22580404579639435,0.9999942779541016,0.596059262752533,0.1277603656053543,-0.2257731705904007,0.9999946355819702,0.5853272676467896,0.13841275870800018,-0.06172254681587219,0.9999947547912598,0.5705327391624451,0.14493773877620697,-0.2561413645744324,0.9999950528144836,0.6110630631446838,0.17854046821594238,-0.15746629238128662,0.9999955296516418,0.6055394411087036,0.1795341521501541,-0.21354278922080994,0.9999942779541016,0.5865602493286133,0.282990038394928,0.09062075614929199,0.9997456073760986,0.5284271836280823,0.3153025507926941,-0.33805012702941895,0.9999664425849915,0.6505240201950073,0.4105871319770813,-0.0040428536012768745,0.6071277260780334,0.5793325304985046,0.5153225660324097,-0.31830334663391113,0.9945863485336304,0.6916714906692505,0.384961873292923,-0.2864009737968445,0.5567817687988281,0.6736350655555725,0.4039943218231201,-0.13687162101268768,0.9821137189865112,0.7139179110527039,0.36075809597969055,-0.32220616936683655,0.5057303309440613,0.691989541053772,0.38052046298980713,-0.15373177826404572,0.9630807638168335,0.7011734843254089,0.3474445044994354,-0.31352055072784424,0.5126870274543762,0.6857815384864807,0.3606541156768799,-0.16590888798236847,0.964167594909668,0.6896734833717346,0.35692957043647766,-0.29248183965682983,0.507226288318634,0.6788809299468994,0.3661344647407532,-0.1354655623435974,0.9476292133331299,0.47697973251342773,0.5548743605613708,0.13999994099140167,0.9999022483825684,0.42307940125465393,0.599678635597229,-0.13948102295398712,0.9999945759773254,0.5943547487258911,0.5171579718589783,0.2684626877307892,0.7751504182815552,0.5442702770233154,0.6083632707595825,-0.4902009069919586,0.9992503523826599,0.5295742750167847,0.7284846901893616,0.45868340134620667,0.865135669708252,0.48167771100997925,0.8674153089523315,-0.44551903009414673,0.9979389905929565,0.5141370296478271,0.7508434057235718,0.4765237867832184,0.8101763129234314,0.46007663011550903,0.9060150980949402,-0.4416511058807373,0.9911789894104004,0.5952969789505005,0.7783283591270447,0.46710339188575745,0.9145305752754211,0.5511419177055359,0.9233063459396362,-0.5053342580795288,0.9970547556877136
